,Domain_1,Domain_2,Domain_3,Domain_4
0.000000000000000e+00,0.000000000000000e+00,0.000000000000000e+00,0.000000000000000e+00,0.000000000000000e+00
2.004008016032064e-02,4.777350229568413e-02,4.777350229568413e-02,4.777350229568413e-02,4.777350229568413e-02
4.008016032064128e-02,9.489617441381083e-02,9.489617441381083e-02,9.489617441381083e-02,9.489617441381083e-02
6.012024048096192e-02,1.413604354820937e-01,1.413604354820937e-01,1.413604354820937e-01,1.413604354820937e-01
8.016032064128256e-02,1.871590476541414e-01,1.871590476541414e-01,1.871590476541414e-01,1.871590476541414e-01
1.002004008016032e-01,2.322859522350780e-01,2.322859522350780e-01,2.322859522350780e-01,2.322859522350780e-01
1.202404809619238e-01,2.767351619937558e-01,2.767351619937558e-01,2.767351619937558e-01,2.767351619937558e-01
1.402805611222445e-01,3.205019574655648e-01,3.205019574655648e-01,3.205019574655648e-01,3.205019574655648e-01
1.603206412825651e-01,3.635822223397612e-01,3.635822223397612e-01,3.635822223397612e-01,3.635822223397612e-01
1.803607214428858e-01,4.059723191125804e-01,4.059723191125804e-01,4.059723191125804e-01,4.059723191125804e-01
2.004008016032064e-01,4.476698600379356e-01,4.476698571793865e-01,4.476698571793865e-01,4.476698600379356e-01
2.204408817635271e-01,4.886729038751148e-01,4.886729038751148e-01,4.886729038751148e-01,4.886729038751148e-01
2.404809619238477e-01,5.289803046317721e-01,5.289803046317721e-01,5.289803046317721e-01,5.289803046317721e-01
2.605210420841683e-01,5.685919774089990e-01,5.685919859846463e-01,5.685919859846463e-01,5.685919774089990e-01
2.805611222444890e-01,6.075084010137740e-01,6.075084010137740e-01,6.075084010137740e-01,6.075084010137740e-01
3.006012024048096e-01,6.457307760367310e-01,6.457307760367310e-01,6.457307760367310e-01,6.457307760367310e-01
3.206412825651302e-01,6.832612749752065e-01,6.832612749752065e-01,6.832612749752065e-01,6.832612749752065e-01
3.406813627254509e-01,7.201026491827366e-01,7.201026491827366e-01,7.201026491827366e-01,7.201026491827366e-01
3.607214428857715e-01,7.562584718457300e-01,7.562584718457300e-01,7.562584718457300e-01,7.562584718457300e-01
3.807615230460922e-01,7.917328950067952e-01,7.917328950067952e-01,7.917328950067952e-01,7.917328950067952e-01
4.008016032064128e-01,8.265308805355076e-01,8.265308833940568e-01,8.265308833940568e-01,8.265308805355076e-01
4.208416833667334e-01,8.606579814494033e-01,8.606579428589900e-01,8.606579428589900e-01,8.606579814494033e-01
4.408817635270541e-01,8.941202218549129e-01,8.941202218549129e-01,8.941202218549129e-01,8.941202218549129e-01
4.609218436873747e-01,9.269244599831039e-01,9.269244313976127e-01,9.269244313976127e-01,9.269244599831039e-01
4.809619238476954e-01,9.590777350112031e-01,9.590777350112031e-01,9.590777350112031e-01,9.590777350112031e-01
5.010020040080160e-01,9.905880365840219e-01,9.905880365840219e-01,9.905880365840219e-01,9.905880365840219e-01
5.210420841683366e-01,1.021463382931864e+00,1.021463405800257e+00,1.021463405800257e+00,1.021463382931864e+00
5.410821643286573e-01,1.051712499775942e+00,1.051712471190450e+00,1.051712471190450e+00,1.051712499775942e+00
5.611222444889780e-01,1.081344232896529e+00,1.081344264340569e+00,1.081344264340569e+00,1.081344232896529e+00
5.811623246492986e-01,1.110368026939945e+00,1.110368078393829e+00,1.110368078393829e+00,1.110368026939945e+00
6.012024048096192e-01,1.138793573817007e+00,1.138793589539027e+00,1.138793589539027e+00,1.138793573817007e+00
6.212424849699398e-01,1.166630676921947e+00,1.166630676921947e+00,1.166630676921947e+00,1.166630676921947e+00
6.412825651302605e-01,1.193889478387071e+00,1.193889476100231e+00,1.193889476100231e+00,1.193889478387071e+00
6.613226452905812e-01,1.220580288999082e+00,1.220580288999082e+00,1.220580288999082e+00,1.220580288999082e+00
6.813627254509018e-01,1.246713679672654e+00,1.246713681101928e+00,1.246713681101928e+00,1.246713679672654e+00
7.014028056112224e-01,1.272300197024794e+00,1.272300197024794e+00,1.272300197024794e+00,1.272300197024794e+00
7.214428857715430e-01,1.297350546321983e+00,1.297350556326905e+00,1.297350556326905e+00,1.297350546321983e+00
7.414829659318637e-01,1.321875478567493e+00,1.321875478567493e+00,1.321875478567493e+00,1.321875478567493e+00
7.615230460921844e-01,1.345885790501378e+00,1.345885797647751e+00,1.345885797647751e+00,1.345885790501378e+00
7.815631262525050e-01,1.369392311737007e+00,1.369392311737007e+00,1.369392311737007e+00,1.369392311737007e+00
8.016032064128256e-01,1.392405870172621e+00,1.392405869600911e+00,1.392405869600911e+00,1.392405870172621e+00
8.216432865731462e-01,1.414937174790817e+00,1.414937203376309e+00,1.414937203376309e+00,1.414937174790817e+00
8.416833667334669e-01,1.436997041483930e+00,1.436997011469164e+00,1.436997011469164e+00,1.436997041483930e+00
8.617234468937875e-01,1.458595931398347e+00,1.458595948549642e+00,1.458595948549642e+00,1.458595931398347e+00
8.817635270541082e-01,1.479744499775941e+00,1.479744464044077e+00,1.479744464044077e+00,1.479744499775941e+00
9.018036072144289e-01,1.500453144589164e+00,1.500453144589164e+00,1.500453144589164e+00,1.500453144589164e+00
9.218436873747494e-01,1.520732199493113e+00,1.520732199493113e+00,1.520732199493113e+00,1.520732199493113e+00
9.418837675350701e-01,1.540591826629936e+00,1.540591826629936e+00,1.540591826629936e+00,1.540591826629936e+00
9.619238476953907e-01,1.560042016628834e+00,1.560042038067952e+00,1.560042038067952e+00,1.560042016628834e+00
9.819639278557114e-01,1.579092738679890e+00,1.579092767265381e+00,1.579092767265381e+00,1.579092738679890e+00
1.002004008016032e+00,1.597753697557392e+00,1.597753697557392e+00,1.597753697557392e+00,1.597753697557392e+00
1.022044088176353e+00,1.616034297887970e+00,1.616034297887970e+00,1.616034297887970e+00,1.616034297887970e+00
1.042084168336673e+00,1.633944050064573e+00,1.633944012903434e+00,1.633944012903434e+00,1.633944050064573e+00
1.062124248496994e+00,1.651492034268503e+00,1.651492048561249e+00,1.651492048561249e+00,1.651492034268503e+00
1.082164328657315e+00,1.668687343544536e+00,1.668687370700753e+00,1.668687370700753e+00,1.668687343544536e+00
1.102204408817635e+00,1.685538812238751e+00,1.685538812238751e+00,1.685538812238751e+00,1.685538812238751e+00
1.122244488977956e+00,1.702054904515115e+00,1.702054911375632e+00,1.702054911375632e+00,1.702054904515115e+00
1.142284569138277e+00,1.718244223177227e+00,1.718244223177227e+00,1.718244223177227e+00,1.718244223177227e+00
1.162324649298597e+00,1.734114895080257e+00,1.734114880787512e+00,1.734114880787512e+00,1.734114895080257e+00
1.182364729458918e+00,1.749675009060672e+00,1.749675007059688e+00,1.749675007059688e+00,1.749675009060672e+00
1.202404809619238e+00,1.764932417267071e+00,1.764932441564739e+00,1.764932441564739e+00,1.764932417267071e+00
1.222444889779559e+00,1.779894802336088e+00,1.779894809482461e+00,1.779894809482461e+00,1.779894802336088e+00
1.242484969939880e+00,1.794569575913902e+00,1.794569584489550e+00,1.794569584489550e+00,1.794569575913902e+00
1.262525050100200e+00,1.808964103052342e+00,1.808964103052342e+00,1.808964103052342e+00,1.808964103052342e+00
1.282565130260521e+00,1.823085442938476e+00,1.823085412923710e+00,1.823085412923710e+00,1.823085442938476e+00
1.302605210420842e+00,1.836940466095133e+00,1.836940480959588e+00,1.836940480959588e+00,1.836940466095133e+00
1.322645290581162e+00,1.850535983015611e+00,1.850535975869238e+00,1.850535975869238e+00,1.850535983015611e+00
1.342685370741483e+00,1.863878489752801e+00,1.863878489752801e+00,1.863878489752801e+00,1.863878489752801e+00
1.362725450901804e+00,1.876974360871258e+00,1.876974382310376e+00,1.876974382310376e+00,1.876974360871258e+00
1.367735470941884e+00,1.880210545777778e+00,1.880210545777778e+00,1.880210545777778e+00,1.880210545777778e+00
1.368361723446894e+00,1.880613994255280e+00,1.880614015694399e+00,1.880614015694399e+00,1.880613994255280e+00
1.368674849699399e+00,1.880815636310744e+00,1.880815636310744e+00,1.880815636310744e+00,1.880815636310744e+00
1.368694420090180e+00,1.880828285390634e+00,1.880828271097888e+00,1.880828271097888e+00,1.880828285390634e+00
1.368713990480962e+00,1.880840863006795e+00,1.429434154616830e+01,1.880840841567677e+00,1.880840863006795e+00
1.368753131262525e+00,1.880866058258806e+00,1.429454778905859e+01,1.880866025385491e+00,1.880866058258806e+00
1.368831412825651e+00,1.880916450192103e+00,1.429496042205444e+01,1.880916457910186e+00,1.880916450192103e+00
1.368987975951904e+00,1.881017243491908e+00,1.429573104545028e+01,1.881017228341598e+00,1.881017243491908e+00
1.370240480961924e+00,1.881823017608816e+00,1.430185496955886e+01,1.881823053340679e+00,1.881823017608816e+00
1.372745490981964e+00,1.883431776184536e+00,1.431408157875600e+01,1.883431809057851e+00,1.883431776184536e+00
1.382765531062124e+00,1.889829885179064e+00,1.436270702731166e+01,1.889829848589635e+00,1.889829885179064e+00
1.402805611222445e+00,1.902450981302185e+00,1.445862745275122e+01,1.902450987019284e+00,1.902450981302185e+00
1.412825651302605e+00,1.908675487749642e+00,1.450593379093863e+01,1.908675499183839e+00,1.908675487749642e+00
1.415330661322645e+00,1.910222778943471e+00,1.451769325174950e+01,1.910222788662538e+00,1.910222778943471e+00
1.415956913827655e+00,1.910609036106520e+00,1.452062892453260e+01,1.910609077555482e+00,1.910609036106520e+00
1.416270040080160e+00,1.910802131100092e+00,1.452209601770138e+01,1.910802116807346e+00,1.910802131100092e+00
1.416426603206413e+00,1.910898621425895e+00,1.452282950711479e+01,1.910914729350230e+00,1.910898621425895e+00
1.416465743987976e+00,1.910922738147321e+00,1.452301282587034e+01,1.910953247442160e+00,1.910922738147321e+00
1.416485314378757e+00,1.910934789218733e+00,1.452310451383361e+01,1.452310451383361e+01,1.910934789218733e+00
1.416504884769539e+00,1.910946845149678e+00,1.452319616606501e+01,1.452319616606501e+01,1.910946845149678e+00
1.416583166332665e+00,1.910995118898072e+00,1.452356286932276e+01,1.452356286932276e+01,1.910995118898072e+00
1.417835671342685e+00,1.911766569843894e+00,1.452942591737841e+01,1.452942591737841e+01,1.911766569843894e+00
1.422845691382765e+00,1.914843619320478e+00,1.455281145738273e+01,1.455281145738273e+01,1.914843619320478e+00
1.442885771543086e+00,1.927013463449036e+00,1.464530229362718e+01,1.464530229362718e+01,1.927013463449036e+00
1.462925851703407e+00,1.938966073280059e+00,1.473614217539468e+01,1.473614217539468e+01,1.938966073280059e+00
1.465430861723447e+00,1.940445135479890e+00,1.474738290101245e+01,1.474738290101245e+01,1.940445135479890e+00
1.466683366733467e+00,1.941183427255831e+00,1.475299410002748e+01,1.475299410002748e+01,1.941183427255831e+00
1.467309619238477e+00,1.941552272996143e+00,1.475579725904867e+01,1.475579725904867e+01,1.941552272996143e+00
1.467466182364729e+00,1.941670857048154e+00,1.475649782512250e+01,1.475649782512250e+01,1.941644461205510e+00
1.467485752755511e+00,1.941689389022149e+00,1.475658544508450e+01,1.475658544508450e+01,1.941655931133884e+00
1.467505323146292e+00,1.475667294127133e+01,1.475667294127133e+01,1.475667294127133e+01,1.941667479672360e+00
1.467544463927856e+00,1.475684796165877e+01,1.475684796165877e+01,1.475684796165877e+01,1.941690512431956e+00
1.467622745490982e+00,1.475719823969323e+01,1.475719823969323e+01,1.475719823969323e+01,1.941736613683012e+00
1.467935871743487e+00,1.475859880870670e+01,1.475859880870670e+01,1.475859880870670e+01,1.941920908633095e+00
1.472945891783567e+00,1.478095580728889e+01,1.478095580728889e+01,1.478095580728889e+01,1.944862586370351e+00
1.482965931863727e+00,1.482537201509789e+01,1.482537201509789e+01,1.482537201509789e+01,1.950706832319118e+00
1.503006012024048e+00,1.491303164033011e+01,1.491303164033011e+01,1.491303164033011e+01,1.962241008014693e+00
1.523046092184369e+00,1.499916008915335e+01,1.499916008915335e+01,1.499916008915335e+01,1.973573726031221e+00
1.543086172344689e+00,1.508379484286378e+01,1.508379484286378e+01,1.508379484286378e+01,1.984709847331497e+00
1.553106212424850e+00,1.512556356652195e+01,1.512556356652195e+01,1.512556356652195e+01,1.990205715323416e+00
1.558116232464930e+00,1.514631270982994e+01,1.514631270982994e+01,1.514631270982994e+01,1.992935887009734e+00
1.560621242484970e+00,1.515665371139761e+01,1.515665371139761e+01,1.515665371139761e+01,1.994296563540863e+00
1.561873747494990e+00,1.516181598813561e+01,1.516181598813561e+01,1.516181598813561e+01,1.994975771393176e+00
1.562500000000000e+00,1.516439485538733e+01,1.516439485538733e+01,1.516439485538733e+01,1.995315097468356e+00
1.562656563126253e+00,1.516503937531768e+01,1.516503937531768e+01,1.516503937531768e+01,1.995399963504132e+00
1.562734844689379e+00,1.516536154523856e+01,1.516536154523856e+01,1.516536154523856e+01,1.995442334348577e+00
1.562754415080160e+00,1.516544221349495e+01,1.516544221349495e+01,1.516544221349495e+01,1.995452910980349e+00
1.562773985470942e+00,1.516552270337787e+01,1.516552270337787e+01,1.516552270337787e+01,1.516544658993366e+01
1.562813126252505e+00,1.516568387352307e+01,1.516568387352307e+01,1.516568387352307e+01,1.516562114866542e+01
1.563126252505010e+00,1.516697251833230e+01,1.516697251833230e+01,1.516697251833230e+01,1.516697251833230e+01
1.583166332665331e+00,1.524872870077943e+01,1.524872870077943e+01,1.524872870077943e+01,1.524872870077943e+01
1.603206412825651e+00,1.532909783429289e+01,1.532909783429289e+01,1.532909783429289e+01,1.532909783429289e+01
1.623246492985972e+00,1.540811372493223e+01,1.540811372493223e+01,1.540811372493223e+01,1.540811372493223e+01
1.643286573146292e+00,1.548580878292746e+01,1.548580878292746e+01,1.548580878292746e+01,1.548580878292746e+01
1.663326653306613e+00,1.556221479963269e+01,1.556221479963269e+01,1.556221479963269e+01,1.556221479963269e+01
1.683366733466934e+00,1.563736259020753e+01,1.563736259020753e+01,1.563736259020753e+01,1.563736259020753e+01
1.703406813627254e+00,1.571128195502663e+01,1.571128195502663e+01,1.571128195502663e+01,1.571128195502663e+01
1.723446893787575e+00,1.578400211846700e+01,1.578400211846700e+01,1.578400211846700e+01,1.578400211846700e+01
1.743486973947896e+00,1.585555121436915e+01,1.585555121436915e+01,1.585555121436915e+01,1.585555121436915e+01
1.763527054108216e+00,1.592595680915159e+01,1.592595680915159e+01,1.592595680915159e+01,1.592595680915159e+01
1.783567134268537e+00,1.599524550876033e+01,1.599524550876033e+01,1.599524550876033e+01,1.599524550876033e+01
1.803607214428858e+00,1.606344334457301e+01,1.606344334457301e+01,1.606344334457301e+01,1.606344334457301e+01
1.823647294589178e+00,1.613057512022039e+01,1.613057512022039e+01,1.613057512022039e+01,1.613057512022039e+01
1.843687374749499e+00,1.619666563361616e+01,1.619666563361616e+01,1.619666563361616e+01,1.619666563361616e+01
1.863727454909820e+00,1.626173873506498e+01,1.626173873506498e+01,1.626173873506498e+01,1.626173873506498e+01
1.883767535070140e+00,1.632581746304352e+01,1.632581746304352e+01,1.632581746304352e+01,1.632581746304352e+01
1.903807615230461e+00,1.638892408279096e+01,1.638892408279096e+01,1.638892408279096e+01,1.638892408279096e+01
1.923847695390781e+00,1.645108082953168e+01,1.645108082953168e+01,1.645108082953168e+01,1.645108082953168e+01
1.943887775551102e+00,1.651230862927456e+01,1.651230862927456e+01,1.651230862927456e+01,1.651230862927456e+01
1.963927855711423e+00,1.657262828225234e+01,1.657262828225234e+01,1.657262828225234e+01,1.657262828225234e+01
1.983967935871743e+00,1.663205975971849e+01,1.663205975971849e+01,1.663205975971849e+01,1.663205975971849e+01
2.004008016032064e+00,1.669062286855992e+01,1.669062286855992e+01,1.669062286855992e+01,1.669062286855992e+01
2.024048096192385e+00,1.674833618791670e+01,1.674833618791670e+01,1.674833618791670e+01,1.674833618791670e+01
2.044088176352705e+00,1.680521851989568e+01,1.680521851989568e+01,1.680521851989568e+01,1.680521851989568e+01
2.064128256513026e+00,1.686128748888154e+01,1.686128748888154e+01,1.686128748888154e+01,1.686128748888154e+01
2.084168336673347e+00,1.691656101654803e+01,1.691656101654803e+01,1.691656101654803e+01,1.691656101654803e+01
2.104208416833667e+00,1.697105590830546e+01,1.697105590830546e+01,1.697105590830546e+01,1.697105590830546e+01
2.124248496993988e+00,1.702478878089991e+01,1.702478878089991e+01,1.702478878089991e+01,1.702478878089991e+01
2.144288577154308e+00,1.707777541923967e+01,1.707777541923967e+01,1.707777541923967e+01,1.707777541923967e+01
2.164328657314629e+00,1.713003160680375e+01,1.713003160680375e+01,1.713003160680375e+01,1.713003160680375e+01
2.184368737474950e+00,1.718157295412892e+01,1.718157295412892e+01,1.718157295412892e+01,1.718157295412892e+01
2.204408817635271e+00,1.723241406611441e+01,1.723241406611441e+01,1.723241406611441e+01,1.723241406611441e+01
2.224448897795591e+00,1.728256936728495e+01,1.728256936728495e+01,1.728256936728495e+01,1.728256936728495e+01
2.244488977955912e+00,1.733205290598024e+01,1.733205290598024e+01,1.733205290598024e+01,1.733205290598024e+01
2.264529058116232e+00,1.738087842438935e+01,1.738087842438935e+01,1.738087842438935e+01,1.738087842438935e+01
2.284569138276553e+00,1.742905937713131e+01,1.742905937713131e+01,1.742905937713131e+01,1.742905937713131e+01
2.304609218436874e+00,1.747660855478421e+01,1.747660855478421e+01,1.747660855478421e+01,1.747660855478421e+01
2.324649298597194e+00,1.752353883225330e+01,1.752353883225330e+01,1.752353883225330e+01,1.752353883225330e+01
2.344689378757515e+00,1.756986243126538e+01,1.756986243126538e+01,1.756986243126538e+01,1.756986243126538e+01
2.364729458917835e+00,1.761559146206384e+01,1.761559146206384e+01,1.761559146206384e+01,1.761559146206384e+01
2.384769539078156e+00,1.766073755894362e+01,1.766073755894362e+01,1.766073755894362e+01,1.766073755894362e+01
2.404809619238477e+00,1.770531201889087e+01,1.770531201889087e+01,1.770531201889087e+01,1.770531201889087e+01
2.424849699398798e+00,1.774932626466791e+01,1.774932626466791e+01,1.774932626466791e+01,1.774932626466791e+01
2.444889779559118e+00,1.779279088719926e+01,1.779279088719926e+01,1.779279088719926e+01,1.779279088719926e+01
2.464929859719439e+00,1.783571655344685e+01,1.783571655344685e+01,1.783571655344685e+01,1.783571655344685e+01
2.484969939879759e+00,1.787811361621803e+01,1.787811361621803e+01,1.787811361621803e+01,1.787811361621803e+01
2.505010020040080e+00,1.791999207128742e+01,1.791999207128742e+01,1.791999207128742e+01,1.791999207128742e+01
2.525050100200401e+00,1.796136175892452e+01,1.796136175892452e+01,1.796136175892452e+01,1.796136175892452e+01
2.545090180360722e+00,1.800223206517539e+01,1.800223206517539e+01,1.800223206517539e+01,1.800223206517539e+01
2.565130260521042e+00,1.804261260048221e+01,1.804261260048221e+01,1.804261260048221e+01,1.804261260048221e+01
2.585170340681362e+00,1.808251251220216e+01,1.808251251220216e+01,1.808251251220216e+01,1.808251251220216e+01
2.605210420841683e+00,1.812194041457307e+01,1.812194041457307e+01,1.812194041457307e+01,1.812194041457307e+01
2.625250501002004e+00,1.816090492897910e+01,1.816090492897910e+01,1.816090492897910e+01,1.816090492897910e+01
2.645290581162325e+00,1.819941474826814e+01,1.819941474826814e+01,1.819941474826814e+01,1.819941474826814e+01
2.665330661322645e+00,1.823747797356841e+01,1.823747797356841e+01,1.823747797356841e+01,1.823747797356841e+01
2.685370741482966e+00,1.827510307619027e+01,1.827510307619027e+01,1.827510307619027e+01,1.827510307619027e+01
2.705410821643286e+00,1.831229719536015e+01,1.831229719536015e+01,1.831229719536015e+01,1.831229719536015e+01
2.725450901803607e+00,1.834906865660239e+01,1.834906865660239e+01,1.834906865660239e+01,1.834906865660239e+01
2.745490981963928e+00,1.838542465631441e+01,1.838542465631441e+01,1.838542465631441e+01,1.838542465631441e+01
2.765531062124249e+00,1.842137250523563e+01,1.842137250523563e+01,1.842137250523563e+01,1.842137250523563e+01
2.785571142284569e+00,1.845691951267614e+01,1.845691951267614e+01,1.845691951267614e+01,1.845691951267614e+01
2.805611222444889e+00,1.849207257917355e+01,1.849207257917355e+01,1.849207257917355e+01,1.849207257917355e+01
2.825651302605210e+00,1.852683856810431e+01,1.852683856810431e+01,1.852683856810431e+01,1.852683856810431e+01
2.845691382765531e+00,1.856122419848815e+01,1.856122419848815e+01,1.856122419848815e+01,1.856122419848815e+01
2.865731462925852e+00,1.859523583059688e+01,1.859523583059688e+01,1.859523583059688e+01,1.859523583059688e+01
2.885771543086172e+00,1.862888013199633e+01,1.862888013199633e+01,1.862888013199633e+01,1.862888013199633e+01
2.905811623246493e+00,1.866216304132231e+01,1.866216304132231e+01,1.866216304132231e+01,1.866216304132231e+01
2.925851703406813e+00,1.869509077591919e+01,1.869509077591919e+01,1.869509077591919e+01,1.869509077591919e+01
2.945891783567134e+00,1.872766924869583e+01,1.872766924869583e+01,1.872766924869583e+01,1.872766924869583e+01
2.965931863727455e+00,1.875990426822406e+01,1.875990426822406e+01,1.875990426822406e+01,1.875990426822406e+01
2.985971943887776e+00,1.879180181744720e+01,1.879180181744720e+01,1.879180181744720e+01,1.879180181744720e+01
3.006012024048096e+00,1.882336716752985e+01,1.882336716752985e+01,1.882336716752985e+01,1.882336716752985e+01
3.026052104208417e+00,1.885460574971534e+01,1.885460574971534e+01,1.885460574971534e+01,1.885460574971534e+01
3.046092184368737e+00,1.888552310244261e+01,1.888552310244261e+01,1.888552310244261e+01,1.888552310244261e+01
3.066132264529058e+00,1.891612409953793e+01,1.891612409953793e+01,1.891612409953793e+01,1.891612409953793e+01
3.086172344689379e+00,1.894641419797157e+01,1.894641419797157e+01,1.894641419797157e+01,1.894641419797157e+01
3.106212424849699e+00,1.897639835875555e+01,1.897639835875555e+01,1.897639835875555e+01,1.897639835875555e+01
3.126252505010020e+00,1.900608123989568e+01,1.900608123989568e+01,1.900608123989568e+01,1.900608123989568e+01
3.146292585170340e+00,1.903546772522314e+01,1.903546772522314e+01,1.903546772522314e+01,1.903546772522314e+01
3.166332665330661e+00,1.906456252391176e+01,1.906456252391176e+01,1.906456252391176e+01,1.906456252391176e+01
3.186372745490982e+00,1.909337028767854e+01,1.909337028767854e+01,1.909337028767854e+01,1.909337028767854e+01
3.206412825651302e+00,1.912189538209969e+01,1.912189538209969e+01,1.912189538209969e+01,1.912189538209969e+01
3.226452905811623e+00,1.915014222820731e+01,1.915014222820731e+01,1.915014222820731e+01,1.915014222820731e+01
3.246492985971944e+00,1.917811511525436e+01,1.917811511525436e+01,1.917811511525436e+01,1.917811511525436e+01
3.266533066132264e+00,1.920581845826997e+01,1.920581845826997e+01,1.920581845826997e+01,1.920581845826997e+01
3.286573146292585e+00,1.923325606341231e+01,1.923325606341231e+01,1.923325606341231e+01,1.923325606341231e+01
3.306613226452906e+00,1.926043210959433e+01,1.926043210959433e+01,1.926043210959433e+01,1.926043210959433e+01
3.326653306613226e+00,1.928735063880451e+01,1.928735063880451e+01,1.928735063880451e+01,1.928735063880451e+01
3.346693386773547e+00,1.931401540031589e+01,1.931401540031589e+01,1.931401540031589e+01,1.931401540031589e+01
3.366733466933868e+00,1.934043030090755e+01,1.934043030090755e+01,1.934043030090755e+01,1.934043030090755e+01
3.386773547094188e+00,1.936659893749186e+01,1.936659893749186e+01,1.936659893749186e+01,1.936659893749186e+01
3.406813627254509e+00,1.939252520198347e+01,1.939252520198347e+01,1.939252520198347e+01,1.939252520198347e+01
3.426853707414829e+00,1.941821241887500e+01,1.941821241887500e+01,1.941821241887500e+01,1.941821241887500e+01
3.446893787575150e+00,1.944366410275261e+01,1.944366410275261e+01,1.944366410275261e+01,1.944366410275261e+01
3.466933867735471e+00,1.946888385252966e+01,1.946888385252966e+01,1.946888385252966e+01,1.946888385252966e+01
3.486973947895792e+00,1.949387489693737e+01,1.949387489693737e+01,1.949387489693737e+01,1.949387489693737e+01
3.507014028056112e+00,1.951864074484481e+01,1.951864074484481e+01,1.951864074484481e+01,1.951864074484481e+01
3.527054108216433e+00,1.954318436285426e+01,1.954318436285426e+01,1.954318436285426e+01,1.954318436285426e+01
3.547094188376753e+00,1.956750922867658e+01,1.956750922867658e+01,1.956750922867658e+01,1.956750922867658e+01
3.567134268537074e+00,1.959161798904242e+01,1.959161798904242e+01,1.959161798904242e+01,1.959161798904242e+01
3.587174348697395e+00,1.961551423771974e+01,1.961551423771974e+01,1.961551423771974e+01,1.961551423771974e+01
3.607214428857715e+00,1.963920074035482e+01,1.963920074035482e+01,1.963920074035482e+01,1.963920074035482e+01
3.627254509018036e+00,1.966268035549679e+01,1.966268035549679e+01,1.966268035549679e+01,1.966268035549679e+01
3.647294589178356e+00,1.968595615608595e+01,1.968595615608595e+01,1.968595615608595e+01,1.968595615608595e+01
3.667334669338677e+00,1.970903078485098e+01,1.970903078485098e+01,1.970903078485098e+01,1.970903078485098e+01
3.687374749498998e+00,1.973190708318971e+01,1.973190708318971e+01,1.973190708318971e+01,1.973190708318971e+01
3.707414829659319e+00,1.975458786963159e+01,1.975458786963159e+01,1.975458786963159e+01,1.975458786963159e+01
3.727454909819639e+00,1.977707576260760e+01,1.977707576260760e+01,1.977707576260760e+01,1.977707576260760e+01
3.747494989979960e+00,1.979937334767545e+01,1.979937334767545e+01,1.979937334767545e+01,1.979937334767545e+01
3.767535070140280e+00,1.982148329186145e+01,1.982148329186145e+01,1.982148329186145e+01,1.982148329186145e+01
3.787575150300601e+00,1.984340800092057e+01,1.984340800092057e+01,1.984340800092057e+01,1.984340800092057e+01
3.807615230460922e+00,1.986515003239669e+01,1.986515003239669e+01,1.986515003239669e+01,1.986515003239669e+01
3.827655310621243e+00,1.988671190409991e+01,1.988671190409991e+01,1.988671190409991e+01,1.988671190409991e+01
3.847695390781563e+00,1.990809580968081e+01,1.990809580968081e+01,1.990809580968081e+01,1.990809580968081e+01
3.867735470941883e+00,1.992930425723040e+01,1.992930425723040e+01,1.992930425723040e+01,1.992930425723040e+01
3.887775551102204e+00,1.995033960590928e+01,1.995033960590928e+01,1.995033960590928e+01,1.995033960590928e+01
3.907815631262525e+00,1.997120402735721e+01,1.997120402735721e+01,1.997120402735721e+01,1.997120402735721e+01
3.927855711422846e+00,1.999189972437216e+01,1.999189972437216e+01,1.999189972437216e+01,1.999189972437216e+01
3.947895791583166e+00,2.001242903667658e+01,2.001242903667658e+01,2.001242903667658e+01,2.001242903667658e+01
3.967935871743487e+00,2.003279380088830e+01,2.003279380088830e+01,2.003279380088830e+01,2.003279380088830e+01
3.987975951903807e+00,2.005299649394013e+01,2.005299649394013e+01,2.005299649394013e+01,2.005299649394013e+01
4.008016032064128e+00,2.007303908966024e+01,2.007303908966024e+01,2.007303908966024e+01,2.007303908966024e+01
4.028056112224449e+00,2.009292348612526e+01,2.009292348612526e+01,2.009292348612526e+01,2.009292348612526e+01
4.048096192384770e+00,2.011265185011541e+01,2.011265185011541e+01,2.011265185011541e+01,2.011265185011541e+01
4.068136272545090e+00,2.013222612830267e+01,2.013222612830267e+01,2.013222612830267e+01,2.013222612830267e+01
4.088176352705410e+00,2.015164822591001e+01,2.015164822591001e+01,2.015164822591001e+01,2.015164822591001e+01
4.108216432865731e+00,2.017091988522314e+01,2.017091988522314e+01,2.017091988522314e+01,2.017091988522314e+01
4.128256513026052e+00,2.019004323443188e+01,2.019004323443188e+01,2.019004323443188e+01,2.019004323443188e+01
4.148296593186372e+00,2.020902006441727e+01,2.020902006441727e+01,2.020902006441727e+01,2.020902006441727e+01
4.168336673346693e+00,2.022785207744530e+01,2.022785207744530e+01,2.022785207744530e+01,2.022785207744530e+01
4.188376753507014e+00,2.024654109584102e+01,2.024654109584102e+01,2.024654109584102e+01,2.024654109584102e+01
4.208416833667335e+00,2.026508885474381e+01,2.026508885474381e+01,2.026508885474381e+01,2.026508885474381e+01
4.228456913827655e+00,2.028349731940613e+01,2.028349731940613e+01,2.028349731940613e+01,2.028349731940613e+01
4.248496993987976e+00,2.030176767040881e+01,2.030176767040881e+01,2.030176767040881e+01,2.030176767040881e+01
4.268537074148297e+00,2.031990214170799e+01,2.031990214170799e+01,2.031990214170799e+01,2.031990214170799e+01
4.288577154308617e+00,2.033790197534325e+01,2.033790197534325e+01,2.033790197534325e+01,2.033790197534325e+01
4.308617234468938e+00,2.035576884356584e+01,2.035576884356584e+01,2.035576884356584e+01,2.035576884356584e+01
4.328657314629258e+00,2.037350452439332e+01,2.037350452439332e+01,2.037350452439332e+01,2.037350452439332e+01
4.348697394789579e+00,2.039111038707071e+01,2.039111038707071e+01,2.039111038707071e+01,2.039111038707071e+01
4.368737474949899e+00,2.040858798493362e+01,2.040858798493362e+01,2.040858798493362e+01,2.040858798493362e+01
4.388777555110220e+00,2.042593891391001e+01,2.042593891391001e+01,2.042593891391001e+01,2.042593891391001e+01
4.408817635270541e+00,2.044316460241690e+01,2.044316460241690e+01,2.044316460241690e+01,2.044316460241690e+01
4.428857715430862e+00,2.046026655147842e+01,2.046026655147842e+01,2.046026655147842e+01,2.046026655147842e+01
4.448897795591182e+00,2.047724611032977e+01,2.047724611032977e+01,2.047724611032977e+01,2.047724611032977e+01
4.468937875751503e+00,2.049410473397245e+01,2.049410473397245e+01,2.049410473397245e+01,2.049410473397245e+01
4.488977955911824e+00,2.051084382595409e+01,2.051084382595409e+01,2.051084382595409e+01,2.051084382595409e+01
4.509018036072144e+00,2.052746492846193e+01,2.052746492846193e+01,2.052746492846193e+01,2.052746492846193e+01
4.529058116232465e+00,2.054396899339283e+01,2.054396899339283e+01,2.054396899339283e+01,2.054396899339283e+01
4.549098196392785e+00,2.056035768442241e+01,2.056035768442241e+01,2.056035768442241e+01,2.056035768442241e+01
4.569138276553106e+00,2.057663230933686e+01,2.057663230933686e+01,2.057663230933686e+01,2.057663230933686e+01
4.589178356713426e+00,2.059279392722865e+01,2.059279392722865e+01,2.059279392722865e+01,2.059279392722865e+01
4.609218436873747e+00,2.060884392649508e+01,2.060884392649508e+01,2.060884392649508e+01,2.060884392649508e+01
4.629258517034068e+00,2.062478359319742e+01,2.062478359319742e+01,2.062478359319742e+01,2.062478359319742e+01
4.649298597194389e+00,2.064061409105102e+01,2.064061409105102e+01,2.064061409105102e+01,2.064061409105102e+01
4.669338677354709e+00,2.065633658005509e+01,2.065633658005509e+01,2.065633658005509e+01,2.065633658005509e+01
4.689378757515030e+00,2.067195265528007e+01,2.067195265528007e+01,2.067195265528007e+01,2.067195265528007e+01
4.709418837675351e+00,2.068746284412826e+01,2.068746284412826e+01,2.068746284412826e+01,2.068746284412826e+01
4.729458917835671e+00,2.070286873595298e+01,2.070286873595298e+01,2.070286873595298e+01,2.070286873595298e+01
4.749498997995992e+00,2.071817139270524e+01,2.071817139270524e+01,2.071817139270524e+01,2.071817139270524e+01
4.769539078156313e+00,2.073337172769146e+01,2.073337172769146e+01,2.073337172769146e+01,2.073337172769146e+01
4.789579158316633e+00,2.074847125451342e+01,2.074847125451342e+01,2.074847125451342e+01,2.074847125451342e+01
4.809619238476953e+00,2.076347082501877e+01,2.076347082501877e+01,2.076347082501877e+01,2.076347082501877e+01
4.829659318637274e+00,2.077837138195700e+01,2.077837138195700e+01,2.077837138195700e+01,2.077837138195700e+01
4.849699398797595e+00,2.079317412620459e+01,2.079317412620459e+01,2.079317412620459e+01,2.079317412620459e+01
4.869739478957916e+00,2.080788027521763e+01,2.080788027521763e+01,2.080788027521763e+01,2.080788027521763e+01
4.889779559118236e+00,2.082249056993205e+01,2.082249056993205e+01,2.082249056993205e+01,2.082249056993205e+01
4.909819639278557e+00,2.083700603942552e+01,2.083700603942552e+01,2.083700603942552e+01,2.083700603942552e+01
4.929859719438878e+00,2.085142793145477e+01,2.085142793145477e+01,2.085142793145477e+01,2.085142793145477e+01
4.949899799599198e+00,2.086575695093797e+01,2.086575695093797e+01,2.086575695093797e+01,2.086575695093797e+01
4.969939879759519e+00,2.087999420613465e+01,2.087999420613465e+01,2.087999420613465e+01,2.087999420613465e+01
4.989979959919840e+00,2.089414064694068e+01,2.089414064694068e+01,2.089414064694068e+01,2.089414064694068e+01
5.010020040080160e+00,2.090819719066446e+01,2.090819719066446e+01,2.090819719066446e+01,2.090819719066446e+01
5.030060120240480e+00,2.092216481921763e+01,2.092216481921763e+01,2.092216481921763e+01,2.092216481921763e+01
5.050100200400801e+00,2.093604438301855e+01,2.093604438301855e+01,2.093604438301855e+01,2.093604438301855e+01
5.070140280561122e+00,2.094983677822237e+01,2.094983677822237e+01,2.094983677822237e+01,2.094983677822237e+01
5.090180360721443e+00,2.096354281808632e+01,2.096354281808632e+01,2.096354281808632e+01,2.096354281808632e+01
5.110220440881763e+00,2.097716373321579e+01,2.097716373321579e+01,2.097716373321579e+01,2.097716373321579e+01
5.130260521042084e+00,2.099069996382736e+01,2.099069996382736e+01,2.099069996382736e+01,2.099069996382736e+01
5.150300601202405e+00,2.100415258187695e+01,2.100415258187695e+01,2.100415258187695e+01,2.100415258187695e+01
5.170340681362725e+00,2.101752236060209e+01,2.101752236060209e+01,2.101752236060209e+01,2.101752236060209e+01
5.190380761523046e+00,2.103081012469422e+01,2.103081012469422e+01,2.103081012469422e+01,2.103081012469422e+01
5.210420841683367e+00,2.104401670027401e+01,2.104401670027401e+01,2.104401670027401e+01,2.104401670027401e+01
5.230460921843687e+00,2.105714300779431e+01,2.105714300779431e+01,2.105714300779431e+01,2.105714300779431e+01
5.250501002004007e+00,2.107018981906337e+01,2.107018981906337e+01,2.107018981906337e+01,2.107018981906337e+01
5.270541082164328e+00,2.108315762718090e+01,2.108315762718090e+01,2.108315762718090e+01,2.108315762718090e+01
5.290581162324649e+00,2.109604753983471e+01,2.109604753983471e+01,2.109604753983471e+01,2.109604753983471e+01
5.310621242484970e+00,2.110886020877400e+01,2.110886020877400e+01,2.110886020877400e+01,2.110886020877400e+01
5.330661322645290e+00,2.112159637293371e+01,2.112159637293371e+01,2.112159637293371e+01,2.112159637293371e+01
5.350701402805611e+00,2.113425679697572e+01,2.113425679697572e+01,2.113425679697572e+01,2.113425679697572e+01
5.370741482965932e+00,2.114684216409330e+01,2.114684216409330e+01,2.114684216409330e+01,2.114684216409330e+01
5.390781563126252e+00,2.115935336186594e+01,2.115935336186594e+01,2.115935336186594e+01,2.115935336186594e+01
5.410821643286573e+00,2.117179093913506e+01,2.117179093913506e+01,2.117179093913506e+01,2.117179093913506e+01
5.430861723446894e+00,2.118415556337190e+01,2.118415556337190e+01,2.118415556337190e+01,2.118415556337190e+01
5.450901803607215e+00,2.119644819647824e+01,2.119644819647824e+01,2.119644819647824e+01,2.119644819647824e+01
5.470941883767535e+00,2.120866919434344e+01,2.120866919434344e+01,2.120866919434344e+01,2.120866919434344e+01
5.490981963927855e+00,2.122081938594674e+01,2.122081938594674e+01,2.122081938594674e+01,2.122081938594674e+01
5.511022044088176e+00,2.123289935729073e+01,2.123289935729073e+01,2.123289935729073e+01,2.123289935729073e+01
5.531062124248497e+00,2.124491002025256e+01,2.124491002025256e+01,2.124491002025256e+01,2.124491002025256e+01
5.551102204408817e+00,2.125685189794673e+01,2.125685189794673e+01,2.125685189794673e+01,2.125685189794673e+01
5.571142284569138e+00,2.126872536198465e+01,2.126872536198465e+01,2.126872536198465e+01,2.126872536198465e+01
5.591182364729459e+00,2.128053151147842e+01,2.128053151147842e+01,2.128053151147842e+01,2.128053151147842e+01
5.611222444889779e+00,2.129227060083894e+01,2.129227060083894e+01,2.129227060083894e+01,2.129227060083894e+01
5.631262525050100e+00,2.130394338615244e+01,2.130394338615244e+01,2.130394338615244e+01,2.130394338615244e+01
5.651302605210421e+00,2.131555052488522e+01,2.131555052488522e+01,2.131555052488522e+01,2.131555052488522e+01
5.671342685370742e+00,2.132709258160073e+01,2.132709258160073e+01,2.132709258160073e+01,2.132709258160073e+01
5.691382765531062e+00,2.133857010514042e+01,2.133857010514042e+01,2.133857010514042e+01,2.133857010514042e+01
5.711422845691382e+00,2.134998372495679e+01,2.134998372495679e+01,2.134998372495679e+01,2.134998372495679e+01
5.731462925851703e+00,2.136133400389818e+01,2.136133400389818e+01,2.136133400389818e+01,2.136133400389818e+01
5.751503006012024e+00,2.137262158256544e+01,2.137262158256544e+01,2.137262158256544e+01,2.137262158256544e+01
5.771543086172344e+00,2.138384698064279e+01,2.138384698064279e+01,2.138384698064279e+01,2.138384698064279e+01
5.791583166332665e+00,2.139501079413774e+01,2.139501079413774e+01,2.139501079413774e+01,2.139501079413774e+01
5.811623246492986e+00,2.140611336321763e+01,2.140611336321763e+01,2.140611336321763e+01,2.140611336321763e+01
5.831663326653306e+00,2.141715557546197e+01,2.141715557546197e+01,2.141715557546197e+01,2.141715557546197e+01
5.851703406813627e+00,2.142813778904695e+01,2.142813778904695e+01,2.142813778904695e+01,2.142813778904695e+01
5.871743486973948e+00,2.143906038587474e+01,2.143906038587474e+01,2.143906038587474e+01,2.143906038587474e+01
5.891783567134269e+00,2.144992429497382e+01,2.144992429497382e+01,2.144992429497382e+01,2.144992429497382e+01
5.911823647294589e+00,2.146072962182464e+01,2.146072962182464e+01,2.146072962182464e+01,2.146072962182464e+01
5.931863727454910e+00,2.147147705476584e+01,2.147147705476584e+01,2.147147705476584e+01,2.147147705476584e+01
5.951903807615230e+00,2.148216718923318e+01,2.148216718923318e+01,2.148216718923318e+01,2.148216718923318e+01
5.971943887775551e+00,2.149280034481248e+01,2.149280034481248e+01,2.149280034481248e+01,2.149280034481248e+01
5.991983967935871e+00,2.150337720526868e+01,2.150337720526868e+01,2.150337720526868e+01,2.150337720526868e+01
6.012024048096192e+00,2.151389813964048e+01,2.151389813964048e+01,2.151389813964048e+01,2.151389813964048e+01
6.032064128256513e+00,2.152436362959338e+01,2.152436362959338e+01,2.152436362959338e+01,2.152436362959338e+01
6.052104208416833e+00,2.153477413964166e+01,2.153477413964166e+01,2.153477413964166e+01,2.153477413964166e+01
6.072144288577154e+00,2.154513014001660e+01,2.154513014001660e+01,2.154513014001660e+01,2.154513014001660e+01
6.092184368737475e+00,2.155543227875133e+01,2.155543227875133e+01,2.155543227875133e+01,2.155543227875133e+01
6.112224448897796e+00,2.156568074708275e+01,2.156568074708275e+01,2.156568074708275e+01,2.156568074708275e+01
6.132264529058116e+00,2.157587626422185e+01,2.157587626422185e+01,2.157587626422185e+01,2.157587626422185e+01
6.152304609218437e+00,2.158601903827100e+01,2.158601903827100e+01,2.158601903827100e+01,2.158601903827100e+01
6.172344689378757e+00,2.159610955375427e+01,2.159610955375427e+01,2.159610955375427e+01,2.159610955375427e+01
6.192384769539078e+00,2.160614844469786e+01,2.160614844469786e+01,2.160614844469786e+01,2.160614844469786e+01
6.212424849699398e+00,2.161613590576896e+01,2.161613590576896e+01,2.161613590576896e+01,2.161613590576896e+01
6.232464929859719e+00,2.162607259414802e+01,2.162607259414802e+01,2.162607259414802e+01,2.162607259414802e+01
6.252505010020040e+00,2.163595868477825e+01,2.163595868477825e+01,2.163595868477825e+01,2.163595868477825e+01
6.272545090180360e+00,2.164579473221819e+01,2.164579473221819e+01,2.164579473221819e+01,2.164579473221819e+01
6.292585170340681e+00,2.165558127959214e+01,2.165558127959214e+01,2.165558127959214e+01,2.165558127959214e+01
6.312625250501002e+00,2.166531854700841e+01,2.166531854700841e+01,2.166531854700841e+01,2.166531854700841e+01
6.332665330661323e+00,2.167500696753719e+01,2.167500696753719e+01,2.167500696753719e+01,2.167500696753719e+01
6.352705410821643e+00,2.168464705628902e+01,2.168464705628902e+01,2.168464705628902e+01,2.168464705628902e+01
6.372745490981964e+00,2.169423898592029e+01,2.169423898592029e+01,2.169423898592029e+01,2.169423898592029e+01
6.392785571142285e+00,2.170378351709091e+01,2.170378351709091e+01,2.170378351709091e+01,2.170378351709091e+01
6.412825651302605e+00,2.171328047485766e+01,2.171328047485766e+01,2.171328047485766e+01,2.171328047485766e+01
6.432865731462925e+00,2.172273081683453e+01,2.172273081683453e+01,2.172273081683453e+01,2.172273081683453e+01
6.452905811623246e+00,2.173213456160206e+01,2.173213456160206e+01,2.173213456160206e+01,2.173213456160206e+01
6.472945891783567e+00,2.174149220940635e+01,2.174149220940635e+01,2.174149220940635e+01,2.174149220940635e+01
6.492985971943887e+00,2.175080418617124e+01,2.175080418617124e+01,2.175080418617124e+01,2.175080418617124e+01
6.513026052104208e+00,2.176007081176836e+01,2.176007081176836e+01,2.176007081176836e+01,2.176007081176836e+01
6.533066132264529e+00,2.176929229715864e+01,2.176929229715864e+01,2.176929229715864e+01,2.176929229715864e+01
6.553106212424850e+00,2.177846928751661e+01,2.177846928751661e+01,2.177846928751661e+01,2.177846928751661e+01
6.573146292585170e+00,2.178760184887479e+01,2.178760184887479e+01,2.178760184887479e+01,2.178760184887479e+01
6.593186372745491e+00,2.179669051578182e+01,2.179669051578182e+01,2.179669051578182e+01,2.179669051578182e+01
6.613226452905812e+00,2.180573558123901e+01,2.180573558123901e+01,2.180573558123901e+01,2.180573558123901e+01
6.633266533066132e+00,2.181473746545307e+01,2.181473746545307e+01,2.181473746545307e+01,2.181473746545307e+01
6.653306613226452e+00,2.182369632535837e+01,2.182369632535837e+01,2.182369632535837e+01,2.182369632535837e+01
6.673346693386773e+00,2.183261273066373e+01,2.183261273066373e+01,2.183261273066373e+01,2.183261273066373e+01
6.693386773547094e+00,2.184148676198024e+01,2.184148676198024e+01,2.184148676198024e+01,2.184148676198024e+01
6.713426853707414e+00,2.185031889840074e+01,2.185031889840074e+01,2.185031889840074e+01,2.185031889840074e+01
6.733466933867735e+00,2.185910950724879e+01,2.185910950724879e+01,2.185910950724879e+01,2.185910950724879e+01
6.753507014028056e+00,2.186785887009146e+01,2.186785887009146e+01,2.186785887009146e+01,2.186785887009146e+01
6.773547094188377e+00,2.187656714986607e+01,2.187656714986607e+01,2.187656714986607e+01,2.187656714986607e+01
6.793587174348697e+00,2.188523485396511e+01,2.188523485396511e+01,2.188523485396511e+01,2.188523485396511e+01
6.813627254509018e+00,2.189386216962351e+01,2.189386216962351e+01,2.189386216962351e+01,2.189386216962351e+01
6.833667334669339e+00,2.190244946559412e+01,2.190244946559412e+01,2.190244946559412e+01,2.190244946559412e+01
6.853707414829659e+00,2.191099723354741e+01,2.191099723354741e+01,2.191099723354741e+01,2.191099723354741e+01
6.873747494989980e+00,2.191950543775148e+01,2.191950543775148e+01,2.191950543775148e+01,2.191950543775148e+01
6.893787575150300e+00,2.192797446553976e+01,2.192797446553976e+01,2.192797446553976e+01,2.192797446553976e+01
6.913827655310621e+00,2.193640475112586e+01,2.193640475112586e+01,2.193640475112586e+01,2.193640475112586e+01
6.933867735470941e+00,2.194479661981267e+01,2.194479661981267e+01,2.194479661981267e+01,2.194479661981267e+01
6.953907815631262e+00,2.195315000642527e+01,2.195315000642527e+01,2.195315000642527e+01,2.195315000642527e+01
6.973947895791583e+00,2.196146549868136e+01,2.196146549868136e+01,2.196146549868136e+01,2.196146549868136e+01
6.993987975951904e+00,2.196974347962652e+01,2.196974347962652e+01,2.196974347962652e+01,2.196974347962652e+01
7.014028056112224e+00,2.197798386493355e+01,2.197798386493355e+01,2.197798386493355e+01,2.197798386493355e+01
7.034068136272545e+00,2.198618723202938e+01,2.198618723202938e+01,2.198618723202938e+01,2.198618723202938e+01
7.054108216432866e+00,2.199435378530028e+01,2.199435378530028e+01,2.199435378530028e+01,2.199435378530028e+01
7.074148296593186e+00,2.200248363480037e+01,2.200248363480037e+01,2.200248363480037e+01,2.200248363480037e+01
7.094188376753507e+00,2.201057729506851e+01,2.201057729506851e+01,2.201057729506851e+01,2.201057729506851e+01
7.114228456913827e+00,2.201863495676991e+01,2.201863495676991e+01,2.201863495676991e+01,2.201863495676991e+01
7.134268537074148e+00,2.202665677683894e+01,2.202665677683894e+01,2.202665677683894e+01,2.202665677683894e+01
7.154308617234468e+00,2.203464321292929e+01,2.203464321292929e+01,2.203464321292929e+01,2.203464321292929e+01
7.174348697394789e+00,2.204259419586409e+01,2.204259419586409e+01,2.204259419586409e+01,2.204259419586409e+01
7.194388777555110e+00,2.205051026876768e+01,2.205051026876768e+01,2.205051026876768e+01,2.205051026876768e+01
7.214428857715431e+00,2.205839159600661e+01,2.205839159600661e+01,2.205839159600661e+01,2.205839159600661e+01
7.234468937875751e+00,2.206623837767934e+01,2.206623837767934e+01,2.206623837767934e+01,2.206623837767934e+01
7.254509018036072e+00,2.207405103970968e+01,2.207405103970968e+01,2.207405103970968e+01,2.207405103970968e+01
7.274549098196393e+00,2.208182964069789e+01,2.208182964069789e+01,2.208182964069789e+01,2.208182964069789e+01
7.294589178356713e+00,2.208957452224059e+01,2.208957452224059e+01,2.208957452224059e+01,2.208957452224059e+01
7.314629258517034e+00,2.209728585156290e+01,2.209728585156290e+01,2.209728585156290e+01,2.209728585156290e+01
7.334669338677354e+00,2.210496387878788e+01,2.210496387878788e+01,2.210496387878788e+01,2.210496387878788e+01
7.354709418837675e+00,2.211260889177141e+01,2.211260889177141e+01,2.211260889177141e+01,2.211260889177141e+01
7.374749498997995e+00,2.212022120609734e+01,2.212022120609734e+01,2.212022120609734e+01,2.212022120609734e+01
7.394789579158316e+00,2.212780067054839e+01,2.212780067054839e+01,2.212780067054839e+01,2.212780067054839e+01
7.414829659318637e+00,2.213534801205363e+01,2.213534801205363e+01,2.213534801205363e+01,2.213534801205363e+01
7.434869739478958e+00,2.214286316629569e+01,2.214286316629569e+01,2.214286316629569e+01,2.214286316629569e+01
7.454909819639278e+00,2.215034627620202e+01,2.215034627620202e+01,2.215034627620202e+01,2.215034627620202e+01
7.474949899799599e+00,2.215779794206795e+01,2.215779794206795e+01,2.215779794206795e+01,2.215779794206795e+01
7.494989979959920e+00,2.216521811386887e+01,2.216521811386887e+01,2.216521811386887e+01,2.216521811386887e+01
7.515030060120240e+00,2.217260700742524e+01,2.217260700742524e+01,2.217260700742524e+01,2.217260700742524e+01
7.535070140280561e+00,2.217996477566942e+01,2.217996477566942e+01,2.217996477566942e+01,2.217996477566942e+01
7.555110220440882e+00,2.218729197401753e+01,2.218729197401753e+01,2.218729197401753e+01,2.218729197401753e+01
7.575150300601202e+00,2.219458833405179e+01,2.219458833405179e+01,2.219458833405179e+01,2.219458833405179e+01
7.595190380761522e+00,2.220185447293296e+01,2.220185447293296e+01,2.220185447293296e+01,2.220185447293296e+01
7.615230460921843e+00,2.220909046126722e+01,2.220909046126722e+01,2.220909046126722e+01,2.220909046126722e+01
7.635270541082164e+00,2.221629640625014e+01,2.221629640625014e+01,2.221629640625014e+01,2.221629640625014e+01
7.655310621242485e+00,2.222347253656566e+01,2.222347253656566e+01,2.222347253656566e+01,2.222347253656566e+01
7.675350701402805e+00,2.223061923097153e+01,2.223061923097153e+01,2.223061923097153e+01,2.223061923097153e+01
7.695390781563126e+00,2.223773641085767e+01,2.223773641085767e+01,2.223773641085767e+01,2.223773641085767e+01
7.715430861723447e+00,2.224482464793388e+01,2.224482464793388e+01,2.224482464793388e+01,2.224482464793388e+01
7.735470941883767e+00,2.225188365634527e+01,2.225188365634527e+01,2.225188365634527e+01,2.225188365634527e+01
7.755511022044088e+00,2.225891415072911e+01,2.225891415072911e+01,2.225891415072911e+01,2.225891415072911e+01
7.775551102204409e+00,2.226591580949862e+01,2.226591580949862e+01,2.226591580949862e+01,2.226591580949862e+01
7.795591182364729e+00,2.227288921151001e+01,2.227288921151001e+01,2.227288921151001e+01,2.227288921151001e+01
7.815631262525049e+00,2.227983442822700e+01,2.227983442822700e+01,2.227983442822700e+01,2.227983442822700e+01
7.835671342685370e+00,2.228675163116254e+01,2.228675163116254e+01,2.228675163116254e+01,2.228675163116254e+01
7.855711422845691e+00,2.229364094895133e+01,2.229364094895133e+01,2.229364094895133e+01,2.229364094895133e+01
7.875751503006012e+00,2.230050267602395e+01,2.230050267602395e+01,2.230050267602395e+01,2.230050267602395e+01
7.895791583166332e+00,2.230733693672727e+01,2.230733693672727e+01,2.230733693672727e+01,2.230733693672727e+01
7.915831663326653e+00,2.231414392830120e+01,2.231414392830120e+01,2.231414392830120e+01,2.231414392830120e+01
7.935871743486974e+00,2.232092379939027e+01,2.232092379939027e+01,2.232092379939027e+01,2.232092379939027e+01
7.955911823647294e+00,2.232767676438568e+01,2.232767676438568e+01,2.232767676438568e+01,2.232767676438568e+01
7.975951903807615e+00,2.233440300194674e+01,2.233440300194674e+01,2.233440300194674e+01,2.233440300194674e+01
7.995991983967936e+00,2.234110265500092e+01,2.234110265500092e+01,2.234110265500092e+01,2.234110265500092e+01
8.016032064128256e+00,2.234777580758956e+01,2.234777580758956e+01,2.234777580758956e+01,2.234777580758956e+01
8.036072144288577e+00,2.235442292079662e+01,2.235442292079662e+01,2.235442292079662e+01,2.235442292079662e+01
8.056112224448897e+00,2.236104378651974e+01,2.236104378651974e+01,2.236104378651974e+01,2.236104378651974e+01
8.076152304609218e+00,2.236763899533517e+01,2.236763899533517e+01,2.236763899533517e+01,2.236763899533517e+01
8.096192384769539e+00,2.237420829854913e+01,2.237420829854913e+01,2.237420829854913e+01,2.237420829854913e+01
8.116232464929860e+00,2.238075208921213e+01,2.238075208921213e+01,2.238075208921213e+01,2.238075208921213e+01
8.136272545090179e+00,2.238727051025161e+01,2.238727051025161e+01,2.238727051025161e+01,2.238727051025161e+01
8.156312625250500e+00,2.239376363313131e+01,2.239376363313131e+01,2.239376363313131e+01,2.239376363313131e+01
8.176352705410821e+00,2.240023173655978e+01,2.240023173655978e+01,2.240023173655978e+01,2.240023173655978e+01
8.196392785571142e+00,2.240667490629348e+01,2.240667490629348e+01,2.240667490629348e+01,2.240667490629348e+01
8.216432865731463e+00,2.241309340674821e+01,2.241309340674821e+01,2.241309340674821e+01,2.241309340674821e+01
8.236472945891784e+00,2.241948710928926e+01,2.241948710928926e+01,2.241948710928926e+01,2.241948710928926e+01
8.256513026052104e+00,2.242585653131401e+01,2.242585653131401e+01,2.242585653131401e+01,2.242585653131401e+01
8.276553106212425e+00,2.243220172856419e+01,2.243220172856419e+01,2.243220172856419e+01,2.243220172856419e+01
8.296593186372744e+00,2.243852265244445e+01,2.243852265244445e+01,2.243852265244445e+01,2.243852265244445e+01
8.316633266533065e+00,2.244481960739026e+01,2.244481960739026e+01,2.244481960739026e+01,2.244481960739026e+01
8.336673346693386e+00,2.245109279635864e+01,2.245109279635864e+01,2.245109279635864e+01,2.245109279635864e+01
8.356713426853707e+00,2.245734228395278e+01,2.245734228395278e+01,2.245734228395278e+01,2.245734228395278e+01
8.376753507014028e+00,2.246356823511097e+01,2.246356823511097e+01,2.246356823511097e+01,2.246356823511097e+01
8.396793587174349e+00,2.246977076789128e+01,2.246977076789128e+01,2.246977076789128e+01,2.246977076789128e+01
8.416833667334670e+00,2.247595013641874e+01,2.247595013641874e+01,2.247595013641874e+01,2.247595013641874e+01
8.436873747494989e+00,2.248210622920991e+01,2.248210622920991e+01,2.248210622920991e+01,2.248210622920991e+01
8.456913827655310e+00,2.248823946790083e+01,2.248823946790083e+01,2.248823946790083e+01,2.248823946790083e+01
8.476953907815631e+00,2.249434986678421e+01,2.249434986678421e+01,2.249434986678421e+01,2.249434986678421e+01
8.496993987975952e+00,2.250043764739761e+01,2.250043764739761e+01,2.250043764739761e+01,2.250043764739761e+01
8.517034068136272e+00,2.250650277543846e+01,2.250650277543846e+01,2.250650277543846e+01,2.250650277543846e+01
8.537074148296593e+00,2.251254567540129e+01,2.251254567540129e+01,2.251254567540129e+01,2.251254567540129e+01
8.557114228456914e+00,2.251856608572885e+01,2.251856608572885e+01,2.251856608572885e+01,2.251856608572885e+01
8.577154308617233e+00,2.252456448094031e+01,2.252456448094031e+01,2.252456448094031e+01,2.252456448094031e+01
8.597194388777554e+00,2.253054087104059e+01,2.253054087104059e+01,2.253054087104059e+01,2.253054087104059e+01
8.617234468937875e+00,2.253649534750325e+01,2.253649534750325e+01,2.253649534750325e+01,2.253649534750325e+01
8.637274549098196e+00,2.254242821476378e+01,2.254242821476378e+01,2.254242821476378e+01,2.254242821476378e+01
8.657314629258517e+00,2.254833933218156e+01,2.254833933218156e+01,2.254833933218156e+01,2.254833933218156e+01
8.677354709418838e+00,2.255422900304868e+01,2.255422900304868e+01,2.255422900304868e+01,2.255422900304868e+01
8.697394789579159e+00,2.256009749721212e+01,2.256009749721212e+01,2.256009749721212e+01,2.256009749721212e+01
8.717434869739479e+00,2.256594455797422e+01,2.256594455797422e+01,2.256594455797422e+01,2.256594455797422e+01
8.737474949899799e+00,2.257177066842975e+01,2.257177066842975e+01,2.257177066842975e+01,2.257177066842975e+01
8.757515030060119e+00,2.257757577426630e+01,2.257757577426630e+01,2.257757577426630e+01,2.257757577426630e+01
8.777555110220440e+00,2.258335990549863e+01,2.258335990549863e+01,2.258335990549863e+01,2.258335990549863e+01
8.797595190380761e+00,2.258912351234821e+01,2.258912351234821e+01,2.258912351234821e+01,2.258912351234821e+01
8.817635270541082e+00,2.259486645303102e+01,2.259486645303102e+01,2.259486645303102e+01,2.259486645303102e+01
8.837675350701403e+00,2.260058884560514e+01,2.260058884560514e+01,2.260058884560514e+01,2.260058884560514e+01
8.857715430861724e+00,2.260629102623594e+01,2.260629102623594e+01,2.260629102623594e+01,2.260629102623594e+01
8.877755511022043e+00,2.261197295318861e+01,2.261197295318861e+01,2.261197295318861e+01,2.261197295318861e+01
8.897795591182364e+00,2.261763473137190e+01,2.261763473137190e+01,2.261763473137190e+01,2.261763473137190e+01
8.917835671342685e+00,2.262327639966208e+01,2.262327639966208e+01,2.262327639966208e+01,2.262327639966208e+01
8.937875751503006e+00,2.262889829965576e+01,2.262889829965576e+01,2.262889829965576e+01,2.262889829965576e+01
8.957915831663327e+00,2.263450045707989e+01,2.263450045707989e+01,2.263450045707989e+01,2.263450045707989e+01
8.977955911823647e+00,2.264008298913499e+01,2.264008298913499e+01,2.264008298913499e+01,2.264008298913499e+01
8.997995991983968e+00,2.264564590439670e+01,2.264564590439670e+01,2.264564590439670e+01,2.264564590439670e+01
9.018036072144287e+00,2.265118939581708e+01,2.265118939581708e+01,2.265118939581708e+01,2.265118939581708e+01
9.038076152304608e+00,2.265671345624978e+01,2.265671345624978e+01,2.265671345624978e+01,2.265671345624978e+01
9.058116232464929e+00,2.266221848446238e+01,2.266221848446238e+01,2.266221848446238e+01,2.266221848446238e+01
9.078156312625250e+00,2.266770440184478e+01,2.266770440184478e+01,2.266770440184478e+01,2.266770440184478e+01
9.098196392785571e+00,2.267317126699725e+01,2.267317126699725e+01,2.267317126699725e+01,2.267317126699725e+01
9.118236472945892e+00,2.267861930431589e+01,2.267861930431589e+01,2.267861930431589e+01,2.267861930431589e+01
9.138276553106213e+00,2.268404856954241e+01,2.268404856954241e+01,2.268404856954241e+01,2.268404856954241e+01
9.158316633266534e+00,2.268945925134105e+01,2.268945925134105e+01,2.268945925134105e+01,2.268945925134105e+01
9.178356713426853e+00,2.269485124308792e+01,2.269485124308792e+01,2.269485124308792e+01,2.269485124308792e+01
9.198396793587174e+00,2.270022489752801e+01,2.270022489752801e+01,2.270022489752801e+01,2.270022489752801e+01
9.218436873747494e+00,2.270558006773187e+01,2.270558006773187e+01,2.270558006773187e+01,2.270558006773187e+01
9.238476953907815e+00,2.271091715046612e+01,2.271091715046612e+01,2.271091715046612e+01,2.271091715046612e+01
9.258517034068136e+00,2.271623591704683e+01,2.271623591704683e+01,2.271623591704683e+01,2.271623591704683e+01
9.278557114228457e+00,2.272153684628099e+01,2.272153684628099e+01,2.272153684628099e+01,2.272153684628099e+01
9.298597194388778e+00,2.272681980238751e+01,2.272681980238751e+01,2.272681980238751e+01,2.272681980238751e+01
9.318637274549097e+00,2.273208484110810e+01,2.273208484110810e+01,2.273208484110810e+01,2.273208484110810e+01
9.338677354709418e+00,2.273733213252643e+01,2.273733213252643e+01,2.273733213252643e+01,2.273733213252643e+01
9.358717434869739e+00,2.274256179670156e+01,2.274256179670156e+01,2.274256179670156e+01,2.274256179670156e+01
9.378757515030060e+00,2.274777395798039e+01,2.274777395798039e+01,2.274777395798039e+01,2.274777395798039e+01
9.398797595190381e+00,2.275296866552996e+01,2.275296866552996e+01,2.275296866552996e+01,2.275296866552996e+01
9.418837675350701e+00,2.275814607056749e+01,2.275814607056749e+01,2.275814607056749e+01,2.275814607056749e+01
9.438877755511022e+00,2.276330614479339e+01,2.276330614479339e+01,2.276330614479339e+01,2.276330614479339e+01
9.458917835671341e+00,2.276844910202711e+01,2.276844910202711e+01,2.276844910202711e+01,2.276844910202711e+01
9.478957915831662e+00,2.277357492511736e+01,2.277357492511736e+01,2.277357492511736e+01,2.277357492511736e+01
9.498997995991983e+00,2.277868385275298e+01,2.277868385275298e+01,2.277868385275298e+01,2.277868385275298e+01
9.519038076152304e+00,2.278377585777778e+01,2.278377585777778e+01,2.278377585777778e+01,2.278377585777778e+01
9.539078156312625e+00,2.278885121175390e+01,2.278885121175390e+01,2.278885121175390e+01,2.278885121175390e+01
9.559118236472946e+00,2.279390977175390e+01,2.279390977175390e+01,2.279390977175390e+01,2.279390977175390e+01
9.579158316633267e+00,2.279895165783684e+01,2.279895165783684e+01,2.279895165783684e+01,2.279895165783684e+01
9.599198396793588e+00,2.280397710554717e+01,2.280397710554717e+01,2.280397710554717e+01,2.280397710554717e+01
9.619238476953907e+00,2.280898615290358e+01,2.280898615290358e+01,2.280898615290358e+01,2.280898615290358e+01
9.639278557114228e+00,2.281397878475578e+01,2.281397878475578e+01,2.281397878475578e+01,2.281397878475578e+01
9.659318637274549e+00,2.281895529010306e+01,2.281895529010306e+01,2.281895529010306e+01,2.281895529010306e+01
9.679358717434869e+00,2.282391556174986e+01,2.282391556174986e+01,2.282391556174986e+01,2.282391556174986e+01
9.699398797595190e+00,2.282885977263838e+01,2.282885977263838e+01,2.282885977263838e+01,2.282885977263838e+01
9.719438877755511e+00,2.283378792562718e+01,2.283378792562718e+01,2.283378792562718e+01,2.283378792562718e+01
9.739478957915832e+00,2.283870021795614e+01,2.283870021795614e+01,2.283870021795614e+01,2.283870021795614e+01
9.759519038076151e+00,2.284359673852614e+01,2.284359673852614e+01,2.284359673852614e+01,2.284359673852614e+01
9.779559118236472e+00,2.284847748076253e+01,2.284847748076253e+01,2.284847748076253e+01,2.284847748076253e+01
9.799599198396793e+00,2.285334263132856e+01,2.285334263132856e+01,2.285334263132856e+01,2.285334263132856e+01
9.819639278557114e+00,2.285819218136271e+01,2.285819218136271e+01,2.285819218136271e+01,2.285819218136271e+01
9.839679358717435e+00,2.286302627379247e+01,2.286302627379247e+01,2.286302627379247e+01,2.286302627379247e+01
9.859719438877756e+00,2.286784490290072e+01,2.286784490290072e+01,2.286784490290072e+01,2.286784490290072e+01
9.879759519038076e+00,2.287264822876621e+01,2.287264822876621e+01,2.287264822876621e+01,2.287264822876621e+01
9.899799599198396e+00,2.287743625567677e+01,2.287743625567677e+01,2.287743625567677e+01,2.287743625567677e+01
9.919839679358716e+00,2.288220921803342e+01,2.288220921803342e+01,2.288220921803342e+01,2.288220921803342e+01
9.939879759519037e+00,2.288696700864058e+01,2.288696700864058e+01,2.288696700864058e+01,2.288696700864058e+01
9.959919839679358e+00,2.289170992621663e+01,2.289170992621663e+01,2.289170992621663e+01,2.289170992621663e+01
9.979959919839679e+00,2.289643788929293e+01,2.289643788929293e+01,2.289643788929293e+01,2.289643788929293e+01
1.000000000000000e+01,2.290115090787438e+01,2.290115090787438e+01,2.290115090787438e+01,2.290115090787438e+01
