,Domain_1,Domain_2
0.000000000000000e+00,0.000000000000000e+00,0.000000000000000e+00
2.000400080016003e-03,1.332710413862513e-03,1.332710413862513e-03
4.000800160032006e-03,2.663639976617557e-03,2.663639976617557e-03
6.001200240048009e-03,3.992786339495065e-03,3.992786339495065e-03
8.001600320064013e-03,5.320147171460116e-03,5.320147171460116e-03
1.000200040008002e-02,6.645720155120209e-03,6.645720155120209e-03
1.200240048009602e-02,7.969502992182234e-03,7.969502992182234e-03
1.400280056011202e-02,9.291493399814488e-03,9.291493399814488e-03
1.600320064012803e-02,1.061168910973719e-02,1.061168910973719e-02
1.800360072014403e-02,1.193008787367943e-02,1.193008787367943e-02
2.000400080016003e-02,1.324668745610323e-02,1.324668745610323e-02
2.200440088017604e-02,1.456148564147951e-02,1.456148564147951e-02
2.400480096019204e-02,1.587448022883107e-02,1.587448022883107e-02
2.600520104020804e-02,1.718566903537065e-02,1.718566903537065e-02
2.800560112022404e-02,1.849504989559134e-02,1.849504989559134e-02
3.000600120024005e-02,1.980262066035719e-02,1.980262066035719e-02
3.200640128025605e-02,2.110837919690309e-02,2.110837919690309e-02
3.400680136027205e-02,2.241232339247288e-02,2.241232339247288e-02
3.600720144028806e-02,2.371445114886225e-02,2.371445114886225e-02
3.800760152030406e-02,2.501476038787584e-02,2.501476038787584e-02
4.000800160032007e-02,2.631324904677965e-02,2.631324904677965e-02
4.200840168033607e-02,2.760991508102958e-02,2.760991508102958e-02
4.400880176035207e-02,2.890475646518095e-02,2.890475646518095e-02
4.600920184036807e-02,3.019777119015996e-02,3.019777119015996e-02
4.800960192038407e-02,3.148895726599218e-02,3.148895726599218e-02
5.001000200040008e-02,3.277831271998363e-02,3.277831271998363e-02
5.201040208041608e-02,3.406583559763018e-02,3.406583559763018e-02
5.401080216043209e-02,3.535152396352710e-02,3.535152396352710e-02
5.601120224044809e-02,3.663537589955008e-02,3.663537589955008e-02
5.801160232046410e-02,3.791738950667418e-02,3.791738950667418e-02
6.001200240048010e-02,3.919756290315486e-02,3.919756290315486e-02
6.201240248049610e-02,4.047589422816596e-02,4.047589422816596e-02
6.401280256051210e-02,4.175238163725221e-02,4.175238163725221e-02
6.601320264052811e-02,4.302702330596726e-02,4.302702330596726e-02
6.801360272054410e-02,4.429981742805462e-02,4.429981742805462e-02
7.001400280056011e-02,4.557076221635721e-02,4.557076221635721e-02
7.201440288057612e-02,4.683985590281732e-02,4.683985590281732e-02
7.401480296059212e-02,4.810709673847663e-02,4.810709673847663e-02
7.601520304060812e-02,4.937248299347624e-02,4.937248299347624e-02
7.801560312062412e-02,5.063601295796610e-02,5.063601295796610e-02
8.001600320064013e-02,5.189768493846708e-02,5.189768493846708e-02
8.201640328065612e-02,5.315749726514690e-02,5.315749726514690e-02
8.401680336067213e-02,5.441544828545369e-02,5.441544828545369e-02
8.601720344068814e-02,5.567153636411598e-02,5.567153636411598e-02
8.801760352070415e-02,5.692575988950915e-02,5.692575988950915e-02
9.001800360072014e-02,5.817811726819849e-02,5.817811726819849e-02
9.201840368073615e-02,5.942860692493918e-02,5.942860692493918e-02
9.401880376075215e-02,6.067722730540476e-02,6.067722730540476e-02
9.601920384076815e-02,6.192397687618717e-02,6.192397687618717e-02
9.801960392078415e-02,6.316885412297772e-02,6.316885412297772e-02
1.000200040008002e-01,6.441185755056715e-02,6.441185755056715e-02
1.020204040808162e-01,6.565298568375504e-02,6.565298568375504e-02
1.040208041608322e-01,6.689223707098783e-02,6.689223707098783e-02
1.060212042408482e-01,6.812961027526392e-02,6.812961027526392e-02
1.080216043208642e-01,6.936510388413801e-02,6.936510388413801e-02
1.100220044008802e-01,7.059871650426422e-02,7.059871650426422e-02
1.120224044808962e-01,7.183044676230557e-02,7.183044676230557e-02
1.140228045609122e-01,7.306029330584343e-02,7.306029330584343e-02
1.160232046409282e-01,7.428825480246806e-02,7.428825480246806e-02
1.180236047209442e-01,7.551432993977861e-02,7.551432993977861e-02
1.200240048009602e-01,7.673851742720209e-02,7.673851742720209e-02
1.220244048809762e-01,7.796081599508389e-02,7.796081599508389e-02
1.240248049609922e-01,7.918122439286882e-02,7.918122439286882e-02
1.260252050410082e-01,8.039974139182951e-02,8.039974139182951e-02
1.280256051210242e-01,8.161636578415701e-02,8.161636578415701e-02
1.300260052010402e-01,8.283109638205124e-02,8.283109638205124e-02
1.320264052810562e-01,8.404393201954000e-02,8.404393201954000e-02
1.340268053610722e-01,8.525487155065994e-02,8.525487155065994e-02
1.360272054410882e-01,8.646391385127564e-02,8.646391385127564e-02
1.380276055211042e-01,8.767105781726051e-02,8.767105781726051e-02
1.400280056011202e-01,8.887630236813485e-02,8.887630236813485e-02
1.420284056811362e-01,9.007964644069935e-02,9.007964644069935e-02
1.440288057611522e-01,9.128108899631107e-02,9.128108899631107e-02
1.460292058411682e-01,9.248062901542645e-02,9.248062901542645e-02
1.480296059211842e-01,9.367826550123928e-02,9.367826550123928e-02
1.500300060012002e-01,9.487399747604275e-02,9.487399747604275e-02
1.520304060812162e-01,9.606782398668645e-02,9.606782398668645e-02
1.540308061612322e-01,9.725974409820981e-02,9.725974409820981e-02
1.560312062412482e-01,9.844975689838964e-02,9.844975689838964e-02
1.580316063212643e-01,9.963786149683063e-02,9.963786149683063e-02
1.600320064012803e-01,1.008240570249653e-01,1.008240570249653e-01
1.620324064812963e-01,1.020083426333257e-01,1.020083426333257e-01
1.640328065613122e-01,1.031907174960905e-01,1.031907174960905e-01
1.660332066413283e-01,1.043711808092666e-01,1.043711808092666e-01
1.680336067213443e-01,1.055497317888693e-01,1.055497317888693e-01
1.700340068013603e-01,1.067263696736517e-01,1.067263696736517e-01
1.720344068813763e-01,1.079010937223756e-01,1.079010937223756e-01
1.740348069613923e-01,1.090739032183591e-01,1.090739032183591e-01
1.760352070414083e-01,1.102447974640198e-01,1.102447974640198e-01
1.780356071214243e-01,1.114137757836032e-01,1.114137757836032e-01
1.800360072014403e-01,1.125808375250016e-01,1.125808375250016e-01
1.820364072814563e-01,1.137459820552066e-01,1.137459820552066e-01
1.840368073614723e-01,1.149092087657663e-01,1.149092087657663e-01
1.860372074414883e-01,1.160705170682376e-01,1.160705170682376e-01
1.880376075215043e-01,1.172299063950958e-01,1.172299063950958e-01
1.900380076015203e-01,1.183873762024631e-01,1.183873762024631e-01
1.920384076815363e-01,1.195429259673800e-01,1.195429259673800e-01
1.940388077615523e-01,1.206965551896245e-01,1.206965551896245e-01
1.960392078415683e-01,1.218482633880739e-01,1.218482633880739e-01
1.980396079215843e-01,1.229980501070712e-01,1.229980501070712e-01
2.000400080016003e-01,1.241459149100591e-01,1.241459149100591e-01
2.020404080816163e-01,1.252918573841269e-01,1.252918573841269e-01
2.040408081616323e-01,1.264358771363730e-01,1.264358771363730e-01
2.060412082416483e-01,1.275779737975425e-01,1.275779737975425e-01
2.080416083216643e-01,1.287181470192989e-01,1.287181470192989e-01
2.100420084016803e-01,1.298563964742242e-01,1.298563964742242e-01
2.120424084816963e-01,1.309927218594565e-01,1.309927218594565e-01
2.140428085617123e-01,1.321271228903241e-01,1.321271228903241e-01
2.160432086417284e-01,1.332595993076210e-01,1.332595993076210e-01
2.180436087217444e-01,1.343901508703310e-01,1.343901508703310e-01
2.200440088017604e-01,1.355187773638134e-01,1.355187773638134e-01
2.220444088817763e-01,1.366454785907079e-01,1.366454785907079e-01
2.240448089617924e-01,1.377702543782105e-01,1.377702543782105e-01
2.260452090418084e-01,1.388931045735261e-01,1.388931045735261e-01
2.280456091218244e-01,1.400140290475063e-01,1.400140290475063e-01
2.300460092018404e-01,1.411330276919214e-01,1.411330276919214e-01
2.320464092818564e-01,1.422501004203694e-01,1.422501004203694e-01
2.340468093618724e-01,1.433652471682761e-01,1.433652471682761e-01
2.360472094418884e-01,1.444784678910763e-01,1.444784678910763e-01
2.380476095219044e-01,1.455897625696705e-01,1.455897625696705e-01
2.400480096019204e-01,1.466991312031494e-01,1.466991312031494e-01
2.420484096819364e-01,1.478065738142503e-01,1.478065738142503e-01
2.440488097619524e-01,1.489120904457193e-01,1.489120904457193e-01
2.460492098419684e-01,1.500156811639498e-01,1.500156811639498e-01
2.480496099219844e-01,1.511173460562530e-01,1.511173460562530e-01
2.500500100020004e-01,1.522170852308589e-01,1.522170852308589e-01
2.520504100820164e-01,1.533148988178253e-01,1.533148988178253e-01
2.540508101620324e-01,1.544107869681282e-01,1.544107869681282e-01
2.560512102420484e-01,1.555047498573002e-01,1.555047498573002e-01
2.580516103220644e-01,1.565967876781540e-01,1.565967876781540e-01
2.600520104020804e-01,1.576869006471496e-01,1.576869006471496e-01
2.620524104820964e-01,1.587750890025744e-01,1.587750890025744e-01
2.640528105621124e-01,1.598613530027249e-01,1.598613530027249e-01
2.660532106421284e-01,1.609456929295446e-01,1.609456929295446e-01
2.680536107221445e-01,1.620281090831666e-01,1.620281090831666e-01
2.700540108021605e-01,1.631086017873711e-01,1.631086017873711e-01
2.720544108821764e-01,1.641871713859471e-01,1.641871713859471e-01
2.740548109621924e-01,1.652638182454210e-01,1.652638182454210e-01
2.760552110422084e-01,1.663385427514184e-01,1.663385427514184e-01
2.780556111222244e-01,1.674113453132121e-01,1.674113453132121e-01
2.800560112022404e-01,1.684822263582644e-01,1.684822263582644e-01
2.820564112822564e-01,1.695511863367754e-01,1.695511863367754e-01
2.840568113622725e-01,1.706182257207727e-01,1.706182257207727e-01
2.860572114422885e-01,1.716833450022930e-01,1.716833450022930e-01
2.880576115223045e-01,1.727465446933819e-01,1.727465446933819e-01
2.900580116023205e-01,1.738078253279126e-01,1.738078253279126e-01
2.920584116823365e-01,1.748671874615864e-01,1.748671874615864e-01
2.940588117623525e-01,1.759246316692041e-01,1.759246316692041e-01
2.960592118423685e-01,1.769801585464846e-01,1.769801585464846e-01
2.980596119223845e-01,1.780337687109748e-01,1.780337687109748e-01
3.000600120024005e-01,1.790854628002306e-01,1.790854628002306e-01
3.020604120824165e-01,1.801352414727260e-01,1.801352414727260e-01
3.040608121624325e-01,1.811831054060347e-01,1.811831054060347e-01
3.060612122424485e-01,1.822290553004676e-01,1.822290553004676e-01
3.080616123224645e-01,1.832730918745254e-01,1.832730918745254e-01
3.100620124024805e-01,1.843152158685369e-01,1.843152158685369e-01
3.120624124824965e-01,1.853554280428396e-01,1.853554280428396e-01
3.140628125625125e-01,1.863937291777800e-01,1.863937291777800e-01
3.160632126425285e-01,1.874301200737135e-01,1.874301200737135e-01
3.180636127225445e-01,1.884646015528231e-01,1.884646015528231e-01
3.200640128025605e-01,1.894971744545726e-01,1.894971744545726e-01
3.220644128825765e-01,1.905278396393439e-01,1.905278396393439e-01
3.240648129625925e-01,1.915565979902565e-01,1.915565979902565e-01
3.260652130426085e-01,1.925834504049815e-01,1.925834504049815e-01
3.280656131226245e-01,1.936083978066561e-01,1.936083978066561e-01
3.300660132026405e-01,1.946314411338788e-01,1.946314411338788e-01
3.320664132826565e-01,1.956525813470760e-01,1.956525813470760e-01
3.340668133626725e-01,1.966718194257735e-01,1.966718194257735e-01
3.360672134426885e-01,1.976891563695060e-01,1.976891563695060e-01
3.380676135227045e-01,1.987045931959981e-01,1.987045931959981e-01
3.400680136027205e-01,1.997181309438927e-01,1.997181309438927e-01
3.420684136827365e-01,2.007297706700226e-01,2.007297706700226e-01
3.440688137627526e-01,2.017395134503202e-01,2.017395134503202e-01
3.460692138427686e-01,2.027473603816359e-01,2.027473603816359e-01
3.480696139227846e-01,2.037533125790103e-01,2.037533125790103e-01
3.500700140028006e-01,2.047573711747643e-01,2.047573711747643e-01
3.520704140828166e-01,2.057595373230467e-01,2.057595373230467e-01
3.540708141628326e-01,2.067598121943772e-01,2.067598121943772e-01
3.560712142428485e-01,2.077581969811033e-01,2.077581969811033e-01
3.580716143228646e-01,2.087546928910340e-01,2.087546928910340e-01
3.600720144028806e-01,2.097493011519871e-01,2.097493011519871e-01
3.620724144828966e-01,2.107420230108799e-01,2.107420230108799e-01
3.640728145629126e-01,2.117328597328194e-01,2.117328597328194e-01
3.660732146429286e-01,2.127218126011028e-01,2.127218126011028e-01
3.680736147229446e-01,2.137088829172169e-01,2.137088829172169e-01
3.700740148029606e-01,2.146940720017481e-01,2.146940720017481e-01
3.720744148829766e-01,2.156773811916535e-01,2.156773811916535e-01
3.740748149629926e-01,2.166588118438992e-01,2.166588118438992e-01
3.760752150430086e-01,2.176383653318223e-01,2.176383653318223e-01
3.780756151230246e-01,2.186160430487687e-01,2.186160430487687e-01
3.800760152030406e-01,2.195918464035456e-01,2.195918464035456e-01
3.820764152830566e-01,2.205657768240596e-01,2.205657768240596e-01
3.840768153630726e-01,2.215378357564075e-01,2.215378357564075e-01
3.860772154430886e-01,2.225080246621471e-01,2.225080246621471e-01
3.880776155231046e-01,2.234763450228454e-01,2.234763450228454e-01
3.900780156031206e-01,2.244427983346211e-01,2.244427983346211e-01
3.920784156831366e-01,2.254073861145114e-01,2.254073861145114e-01
3.940788157631526e-01,2.263701098922863e-01,2.263701098922863e-01
3.960792158431686e-01,2.273309712195439e-01,2.273309712195439e-01
3.980796159231846e-01,2.282899716615245e-01,2.282899716615245e-01
4.000800160032006e-01,2.292471128007489e-01,2.292471128007489e-01
4.020804160832167e-01,2.302023962388373e-01,2.302023962388373e-01
4.040808161632327e-01,2.311558235919617e-01,2.311558235919617e-01
4.060812162432487e-01,2.321073964926652e-01,2.321073964926652e-01
4.080816163232647e-01,2.330571165925901e-01,2.330571165925901e-01
4.100820164032807e-01,2.340049855561117e-01,2.340049855561117e-01
4.120824164832967e-01,2.349510050685237e-01,2.349510050685237e-01
4.140828165633126e-01,2.358951768278528e-01,2.358951768278528e-01
4.160832166433286e-01,2.368375025484963e-01,2.368375025484963e-01
4.180836167233447e-01,2.377779839630418e-01,2.377779839630418e-01
4.200840168033607e-01,2.387166228177191e-01,2.387166228177191e-01
4.220844168833767e-01,2.396534208769479e-01,2.396534208769479e-01
4.240848169633927e-01,2.405883799187902e-01,2.405883799187902e-01
4.260852170434087e-01,2.415215017385888e-01,2.415215017385888e-01
4.280856171234247e-01,2.424527881453284e-01,2.424527881453284e-01
4.300860172034407e-01,2.433822409661841e-01,2.433822409661841e-01
4.320864172834567e-01,2.443098620410635e-01,2.443098620410635e-01
4.340868173634727e-01,2.452356532280644e-01,2.452356532280644e-01
4.360872174434887e-01,2.461596163961983e-01,2.461596163961983e-01
4.380876175235047e-01,2.470817534344858e-01,2.470817534344858e-01
4.400880176035207e-01,2.480020662437707e-01,2.480020662437707e-01
4.420884176835367e-01,2.489205567394490e-01,2.489205567394490e-01
4.440888177635527e-01,2.498372268541968e-01,2.498372268541968e-01
4.460892178435687e-01,2.507520785343328e-01,2.507520785343328e-01
4.480896179235847e-01,2.516651137379992e-01,2.516651137379992e-01
4.500900180036007e-01,2.525763344424374e-01,2.525763344424374e-01
4.520904180836167e-01,2.534857426367123e-01,2.534857426367123e-01
4.540908181636327e-01,2.543933403226217e-01,2.543933403226217e-01
4.560912182436487e-01,2.552991295201534e-01,2.552991295201534e-01
4.580916183236647e-01,2.562031122602090e-01,2.562031122602090e-01
4.600920184036807e-01,2.571052905882422e-01,2.571052905882422e-01
4.620924184836968e-01,2.580056665642584e-01,2.580056665642584e-01
4.640928185637128e-01,2.589042422619056e-01,2.589042422619056e-01
4.660932186437288e-01,2.598010197675646e-01,2.598010197675646e-01
4.680936187237448e-01,2.606960011812586e-01,2.606960011812586e-01
4.700940188037607e-01,2.615891886184724e-01,2.615891886184724e-01
4.720944188837767e-01,2.624805842046951e-01,2.624805842046951e-01
4.740948189637927e-01,2.633701900808771e-01,2.633701900808771e-01
4.760952190438087e-01,2.642580084016115e-01,2.642580084016115e-01
4.780956191238248e-01,2.651440413314956e-01,2.651440413314956e-01
4.800960192038408e-01,2.660282910524072e-01,2.660282910524072e-01
4.820964192838568e-01,2.669107597544095e-01,2.669107597544095e-01
4.840968193638728e-01,2.677914496430273e-01,2.677914496430273e-01
4.860972194438888e-01,2.686703629356086e-01,2.686703629356086e-01
4.880976195239048e-01,2.695475018631439e-01,2.695475018631439e-01
4.900980196039208e-01,2.704228686666281e-01,2.704228686666281e-01
4.920984196839368e-01,2.712964656006986e-01,2.712964656006986e-01
4.940988197639528e-01,2.721682949327257e-01,2.721682949327257e-01
4.960992198439688e-01,2.730383589400842e-01,2.730383589400842e-01
4.980996199239848e-01,2.739066599147006e-01,2.739066599147006e-01
5.001000200040008e-01,2.747732001585061e-01,2.747732001585061e-01
5.021004200840168e-01,2.756379819852552e-01,2.756379819852552e-01
5.041008201640328e-01,2.765010077214353e-01,2.765010077214353e-01
5.061012202440488e-01,2.773622797035384e-01,2.773622797035384e-01
5.081016203240648e-01,2.782218002807892e-01,2.782218002807892e-01
5.101020204040808e-01,2.790795718124170e-01,2.790795718124170e-01
5.121024204840968e-01,2.799355966694745e-01,2.799355966694745e-01
5.141028205641128e-01,2.807898772348378e-01,2.807898772348378e-01
5.161032206441288e-01,2.816424159013874e-01,2.816424159013874e-01
5.181036207241448e-01,2.824932150720084e-01,2.824932150720084e-01
5.201040208041608e-01,2.833422771632282e-01,2.833422771632282e-01
5.221044208841769e-01,2.841896045979407e-01,2.841896045979407e-01
5.241048209641929e-01,2.850351998145012e-01,2.850351998145012e-01
5.261052210442089e-01,2.858790652567219e-01,2.858790652567219e-01
5.281056211242249e-01,2.867212033829670e-01,2.867212033829670e-01
5.301060212042409e-01,2.875616166588767e-01,2.875616166588767e-01
5.321064212842569e-01,2.884003075610050e-01,2.884003075610050e-01
5.341068213642729e-01,2.892372785777294e-01,2.892372785777294e-01
5.361072214442889e-01,2.900725322047034e-01,2.900725322047034e-01
5.381076215243049e-01,2.909060709484944e-01,2.909060709484944e-01
5.401080216043209e-01,2.917378973247647e-01,2.917378973247647e-01
5.421084216843368e-01,2.925680138600907e-01,2.925680138600907e-01
5.441088217643528e-01,2.933964230883245e-01,2.933964230883245e-01
5.461092218443688e-01,2.942231275551418e-01,2.942231275551418e-01
5.481096219243848e-01,2.950481298144038e-01,2.950481298144038e-01
5.501100220044008e-01,2.958714324281569e-01,2.958714324281569e-01
5.521104220844169e-01,2.966930379675429e-01,2.966930379675429e-01
5.541108221644329e-01,2.975129490155265e-01,2.975129490155265e-01
5.561112222444489e-01,2.983311681596202e-01,2.983311681596202e-01
5.581116223244649e-01,2.991476979991600e-01,2.991476979991600e-01
5.601120224044809e-01,2.999625411407575e-01,2.999625411407575e-01
5.621124224844969e-01,3.007757001992101e-01,3.007757001992101e-01
5.641128225645129e-01,3.015871777993194e-01,3.015871777993194e-01
5.661132226445289e-01,3.023969765731632e-01,3.023969765731632e-01
5.681136227245449e-01,3.032050991600951e-01,3.032050991600951e-01
5.701140228045609e-01,3.040115482094731e-01,3.040115482094731e-01
5.721144228845769e-01,3.048163263761122e-01,3.048163263761122e-01
5.741148229645929e-01,3.056194363248320e-01,3.056194363248320e-01
5.761152230446089e-01,3.064208807286374e-01,3.064208807286374e-01
5.781156231246249e-01,3.072206622650807e-01,3.072206622650807e-01
5.801160232046410e-01,3.080187836235379e-01,3.080187836235379e-01
5.821164232846570e-01,3.088152474970226e-01,3.088152474970226e-01
5.841168233646730e-01,3.096100565876437e-01,3.096100565876437e-01
5.861172234446890e-01,3.104032136038765e-01,3.104032136038765e-01
5.881176235247050e-01,3.111947212642004e-01,3.111947212642004e-01
5.901180236047210e-01,3.119845822898238e-01,3.119845822898238e-01
5.921184236847370e-01,3.127727994128687e-01,3.127727994128687e-01
5.941188237647530e-01,3.135593753681857e-01,3.135593753681857e-01
5.961192238447690e-01,3.143443129015392e-01,3.143443129015392e-01
5.981196239247849e-01,3.151276147632412e-01,3.151276147632412e-01
6.001200240048009e-01,3.159092837090608e-01,3.159092837090608e-01
6.021204240848169e-01,3.166893225038617e-01,3.166893225038617e-01
6.041208241648329e-01,3.174677339161459e-01,3.174677339161459e-01
6.061212242448489e-01,3.182445207235102e-01,3.182445207235102e-01
6.081216243248649e-01,3.190196857062798e-01,3.190196857062798e-01
6.101220244048809e-01,3.197932316538751e-01,3.197932316538751e-01
6.121224244848970e-01,3.205651613602637e-01,3.205651613602637e-01
6.141228245649130e-01,3.213354776257799e-01,3.213354776257799e-01
6.161232246449290e-01,3.221041832553052e-01,3.221041832553052e-01
6.181236247249450e-01,3.228712810609974e-01,3.228712810609974e-01
6.201240248049610e-01,3.236367738586520e-01,3.236367738586520e-01
6.221244248849770e-01,3.244006644713405e-01,3.244006644713405e-01
6.241248249649930e-01,3.251629557275916e-01,3.251629557275916e-01
6.261252250450090e-01,3.259236504586621e-01,3.259236504586621e-01
6.281256251250250e-01,3.266827515039946e-01,3.266827515039946e-01
6.301260252050410e-01,3.274402617057600e-01,3.274402617057600e-01
6.321264252850570e-01,3.281961839124957e-01,3.281961839124957e-01
6.341268253650730e-01,3.289505209781961e-01,3.289505209781961e-01
6.361272254450890e-01,3.297032757586745e-01,3.297032757586745e-01
6.381276255251050e-01,3.304544511188393e-01,3.304544511188393e-01
6.401280256051211e-01,3.312040499235988e-01,3.312040499235988e-01
6.421284256851371e-01,3.319520750451371e-01,3.319520750451371e-01
6.441288257651531e-01,3.326985293601862e-01,3.326985293601862e-01
6.461292258451691e-01,3.334434157482061e-01,3.334434157482061e-01
6.481296259251851e-01,3.341867370941142e-01,3.341867370941142e-01
6.501300260052011e-01,3.349284962873750e-01,3.349284962873750e-01
6.521304260852171e-01,3.356686962183627e-01,3.356686962183627e-01
6.541308261652331e-01,3.364073397856370e-01,3.364073397856370e-01
6.561312262452490e-01,3.371444298895764e-01,3.371444298895764e-01
6.581316263252650e-01,3.378799694332880e-01,3.378799694332880e-01
6.601320264052810e-01,3.386139613262454e-01,3.386139613262454e-01
6.621324264852970e-01,3.393464084779222e-01,3.393464084779222e-01
6.641328265653130e-01,3.400773138059773e-01,3.400773138059773e-01
6.661332266453290e-01,3.408066802262507e-01,3.408066802262507e-01
6.681336267253450e-01,3.415345106618585e-01,3.415345106618585e-01
6.701340268053610e-01,3.422608080377355e-01,3.422608080377355e-01
6.721344268853771e-01,3.429855752815453e-01,3.429855752815453e-01
6.741348269653931e-01,3.437088153254987e-01,3.437088153254987e-01
6.761352270454091e-01,3.444305311018067e-01,3.444305311018067e-01
6.781356271254251e-01,3.451507255499561e-01,3.451507255499561e-01
6.801360272054411e-01,3.458694016076148e-01,3.458694016076148e-01
6.821364272854571e-01,3.465865622188172e-01,3.465865622188172e-01
6.841368273654731e-01,3.473022103285072e-01,3.473022103285072e-01
6.861372274454891e-01,3.480163488843570e-01,3.480163488843570e-01
6.881376275255051e-01,3.487289808367674e-01,3.487289808367674e-01
6.901380276055211e-01,3.494401091379583e-01,3.494401091379583e-01
6.921384276855371e-01,3.501497367428780e-01,3.501497367428780e-01
6.941388277655531e-01,3.508578666092032e-01,3.508578666092032e-01
6.961392278455691e-01,3.515645016964296e-01,3.515645016964296e-01
6.981396279255851e-01,3.522696449649626e-01,3.522696449649626e-01
7.001400280056012e-01,3.529732993788454e-01,3.529732993788454e-01
7.021404280856172e-01,3.536754679039401e-01,3.536754679039401e-01
7.041408281656332e-01,3.543761535061091e-01,3.543761535061091e-01
7.061412282456492e-01,3.550753591539429e-01,3.550753591539429e-01
7.081416283256652e-01,3.557730878196704e-01,3.557730878196704e-01
7.101420284056812e-01,3.564693424746107e-01,3.564693424746107e-01
7.121424284856971e-01,3.571641260909925e-01,3.571641260909925e-01
7.141428285657131e-01,3.578574416455919e-01,3.578574416455919e-01
7.161432286457291e-01,3.585492921142756e-01,3.585492921142756e-01
7.181436287257451e-01,3.592396804747292e-01,3.592396804747292e-01
7.201440288057611e-01,3.599286097055480e-01,3.599286097055480e-01
7.221444288857771e-01,3.606160827871460e-01,3.606160827871460e-01
7.241448289657931e-01,3.613021026999373e-01,3.613021026999373e-01
7.261452290458091e-01,3.619866724261552e-01,3.619866724261552e-01
7.281456291258251e-01,3.626697949498517e-01,3.626697949498517e-01
7.301460292058412e-01,3.633514732532600e-01,3.633514732532600e-01
7.321464292858572e-01,3.640317103213416e-01,3.640317103213416e-01
7.341468293658732e-01,3.647105091390582e-01,3.647105091390582e-01
7.361472294458892e-01,3.653878726931904e-01,3.653878726931904e-01
7.381476295259052e-01,3.660638039696092e-01,3.660638039696092e-01
7.401480296059212e-01,3.667383059550954e-01,3.667383059550954e-01
7.421484296859372e-01,3.674113816373389e-01,3.674113816373389e-01
7.441488297659532e-01,3.680830340031204e-01,3.680830340031204e-01
7.461492298459692e-01,3.687532660410394e-01,3.687532660410394e-01
7.481496299259852e-01,3.694220807387861e-01,3.694220807387861e-01
7.501500300060012e-01,3.700894810849601e-01,3.700894810849601e-01
7.521504300860172e-01,3.707554700672514e-01,3.707554700672514e-01
7.541508301660332e-01,3.714200506733502e-01,3.714200506733502e-01
7.561512302460492e-01,3.720832258936749e-01,3.720832258936749e-01
7.581516303260653e-01,3.727449987140968e-01,3.727449987140968e-01
7.601520304060813e-01,3.734053721232155e-01,3.734053721232155e-01
7.621524304860973e-01,3.740643491087209e-01,3.740643491087209e-01
7.641528305661133e-01,3.747219326573937e-01,3.747219326573937e-01
7.661532306461293e-01,3.753781257569240e-01,3.753781257569240e-01
7.681536307261452e-01,3.760329313931829e-01,3.760329313931829e-01
7.701540308061612e-01,3.766863525520416e-01,3.766863525520416e-01
7.721544308861772e-01,3.773383922184617e-01,3.773383922184617e-01
7.741548309661932e-01,3.779890533774046e-01,3.779890533774046e-01
7.761552310462092e-01,3.786383390129227e-01,3.786383390129227e-01
7.781556311262252e-01,3.792862521081584e-01,3.792862521081584e-01
7.801560312062412e-01,3.799327956444354e-01,3.799327956444354e-01
7.821564312862572e-01,3.805779726048963e-01,3.805779726048963e-01
7.841568313662732e-01,3.812217859681364e-01,3.812217859681364e-01
7.861572314462892e-01,3.818642387145696e-01,3.818642387145696e-01
7.881576315263052e-01,3.825053338227913e-01,3.825053338227913e-01
7.901580316063213e-01,3.831450742704869e-01,3.831450742704869e-01
7.921584316863373e-01,3.837834630317043e-01,3.837834630317043e-01
7.941588317663533e-01,3.844205030832195e-01,3.844205030832195e-01
7.961592318463693e-01,3.850561973972613e-01,3.850561973972613e-01
7.981596319263853e-01,3.856905489469677e-01,3.856905489469677e-01
8.001600320064013e-01,3.863235607027486e-01,3.863235607027486e-01
8.021604320864173e-01,3.869552356341042e-01,3.869552356341042e-01
8.041608321664333e-01,3.875855767078060e-01,3.875855767078060e-01
8.061612322464493e-01,3.882145868915354e-01,3.882145868915354e-01
8.081616323264653e-01,3.888422691484261e-01,3.888422691484261e-01
8.101620324064813e-01,3.894686264416118e-01,3.894686264416118e-01
8.121624324864973e-01,3.900936617324073e-01,3.900936617324073e-01
8.141628325665133e-01,3.907173779812179e-01,3.907173779812179e-01
8.161632326465293e-01,3.913397781439012e-01,3.913397781439012e-01
8.181636327265454e-01,3.919608651763151e-01,3.919608651763151e-01
8.201640328065614e-01,3.925806420324984e-01,3.925806420324984e-01
8.221644328865774e-01,3.931991116646709e-01,3.931991116646709e-01
8.241648329665934e-01,3.938162770205049e-01,3.938162770205049e-01
8.261652330466093e-01,3.944321410504013e-01,3.944321410504013e-01
8.281656331266253e-01,3.950467066965753e-01,3.950467066965753e-01
8.301660332066413e-01,3.956599769048803e-01,3.956599769048803e-01
8.321664332866573e-01,3.962719546148032e-01,3.962719546148032e-01
8.341668333666733e-01,3.968826427649215e-01,3.968826427649215e-01
8.361672334466893e-01,3.974920442919934e-01,3.974920442919934e-01
8.381676335267053e-01,3.981001621291393e-01,3.981001621291393e-01
8.401680336067213e-01,3.987069992094798e-01,3.987069992094798e-01
8.421684336867373e-01,3.993125584606783e-01,3.993125584606783e-01
8.441688337667533e-01,3.999168428094886e-01,3.999168428094886e-01
8.461692338467693e-01,4.005198551790268e-01,4.005198551790268e-01
8.481696339267853e-01,4.011215984924088e-01,4.011215984924088e-01
8.501700340068014e-01,4.017220756672937e-01,4.017220756672937e-01
8.521704340868174e-01,4.023212896195214e-01,4.023212896195214e-01
8.541708341668334e-01,4.029192432622035e-01,4.029192432622035e-01
8.561712342468494e-01,4.035159395066326e-01,4.035159395066326e-01
8.581716343268654e-01,4.041113812595536e-01,4.041113812595536e-01
8.601720344068814e-01,4.047055714249832e-01,4.047055714249832e-01
8.621724344868974e-01,4.052985129069380e-01,4.052985129069380e-01
8.641728345669134e-01,4.058902086021585e-01,4.058902086021585e-01
8.661732346469294e-01,4.064806614073855e-01,4.064806614073855e-01
8.681736347269454e-01,4.070698742157215e-01,4.070698742157215e-01
8.701740348069614e-01,4.076578499166312e-01,4.076578499166312e-01
8.721744348869774e-01,4.082445913968509e-01,4.082445913968509e-01
8.741748349669934e-01,4.088301015394786e-01,4.088301015394786e-01
8.761752350470094e-01,4.094143832257937e-01,4.094143832257937e-01
8.781756351270255e-01,4.099974393316184e-01,4.099974393316184e-01
8.801760352070415e-01,4.105792727318653e-01,4.105792727318653e-01
8.821764352870574e-01,4.111598862959904e-01,4.111598862959904e-01
8.841768353670734e-01,4.117392828925399e-01,4.117392828925399e-01
8.861772354470894e-01,4.123174653846031e-01,4.123174653846031e-01
8.881776355271054e-01,4.128944366325409e-01,4.128944366325409e-01
8.901780356071214e-01,4.134701994930761e-01,4.134701994930761e-01
8.921784356871374e-01,4.140447568202030e-01,4.140447568202030e-01
8.941788357671534e-01,4.146181114633687e-01,4.146181114633687e-01
8.961792358471694e-01,4.151902662692915e-01,4.151902662692915e-01
8.981796359271854e-01,4.157612240810518e-01,4.157612240810518e-01
9.001800360072014e-01,4.163309877371826e-01,4.163309877371826e-01
9.021804360872174e-01,4.168995600743979e-01,4.168995600743979e-01
9.041808361672334e-01,4.174669439230452e-01,4.174669439230452e-01
9.061812362472494e-01,4.180331421125625e-01,4.180331421125625e-01
9.081816363272655e-01,4.185981574669309e-01,4.185981574669309e-01
9.101820364072815e-01,4.191619928064934e-01,4.191619928064934e-01
9.121824364872975e-01,4.197246509488646e-01,4.197246509488646e-01
9.141828365673135e-01,4.202861347071116e-01,4.202861347071116e-01
9.161832366473295e-01,4.208464468888446e-01,4.208464468888446e-01
9.181836367273455e-01,4.214055903007643e-01,4.214055903007643e-01
9.201840368073615e-01,4.219635677432048e-01,4.219635677432048e-01
9.221844368873775e-01,4.225203820146812e-01,4.225203820146812e-01
9.241848369673935e-01,4.230760359082519e-01,4.230760359082519e-01
9.261852370474095e-01,4.236305322115181e-01,4.236305322115181e-01
9.281856371274255e-01,4.241838737120811e-01,4.241838737120811e-01
9.301860372074415e-01,4.247360631902661e-01,4.247360631902661e-01
9.321864372874575e-01,4.252871034236700e-01,4.252871034236700e-01
9.341868373674735e-01,4.258369971844327e-01,4.258369971844327e-01
9.361872374474896e-01,4.263857472419654e-01,4.263857472419654e-01
9.381876375275056e-01,4.269333563611322e-01,4.269333563611322e-01
9.401880376075215e-01,4.274798273013398e-01,4.274798273013398e-01
9.421884376875375e-01,4.280251628201763e-01,4.280251628201763e-01
9.441888377675535e-01,4.285693656697727e-01,4.285693656697727e-01
9.461892378475695e-01,4.291124385968028e-01,4.291124385968028e-01
9.481896379275855e-01,4.296543843452123e-01,4.296543843452123e-01
9.501900380076015e-01,4.301952056534897e-01,4.301952056534897e-01
9.521904380876175e-01,4.307349052573950e-01,4.307349052573950e-01
9.541908381676335e-01,4.312734858872314e-01,4.312734858872314e-01
9.561912382476495e-01,4.318109502678449e-01,4.318109502678449e-01
9.581916383276655e-01,4.323473011222627e-01,4.323473011222627e-01
9.601920384076815e-01,4.328825411662360e-01,4.328825411662360e-01
9.621924384876975e-01,4.334166731136970e-01,4.334166731136970e-01
9.641928385677135e-01,4.339496996722114e-01,4.339496996722114e-01
9.661932386477295e-01,4.344816235457070e-01,4.344816235457070e-01
9.681936387277456e-01,4.350124474326544e-01,4.350124474326544e-01
9.701940388077616e-01,4.355421740287961e-01,4.355421740287961e-01
9.721944388877776e-01,4.360708060235079e-01,4.360708060235079e-01
9.741948389677936e-01,4.365983461016181e-01,4.365983461016181e-01
9.761952390478096e-01,4.371247969452265e-01,4.371247969452265e-01
9.781956391278256e-01,4.376501612300667e-01,4.376501612300667e-01
9.801960392078416e-01,4.381744416273246e-01,4.381744416273246e-01
9.821964392878576e-01,4.386976408054575e-01,4.386976408054575e-01
9.841968393678736e-01,4.392197614247375e-01,4.392197614247375e-01
9.861972394478896e-01,4.397408061427082e-01,4.397408061427082e-01
9.881976395279056e-01,4.402607776141845e-01,4.402607776141845e-01
9.901980396079216e-01,4.407796784857960e-01,4.407796784857960e-01
9.921984396879376e-01,4.412975114014439e-01,4.412975114014439e-01
9.941988397679536e-01,4.418142789995723e-01,4.418142789995723e-01
9.961992398479695e-01,4.423299839131682e-01,4.423299839131682e-01
9.981996399279855e-01,4.428446287724905e-01,4.428446287724905e-01
1.000200040008002e+00,4.433582162005218e-01,4.433582162005218e-01
1.002200440088018e+00,4.438707488175164e-01,4.438707488175164e-01
1.004200840168034e+00,4.443822292382715e-01,4.443822292382715e-01
1.006201240248050e+00,4.448926600712180e-01,4.448926600712180e-01
1.008201640328066e+00,4.454020439229676e-01,4.454020439229676e-01
1.010202040408082e+00,4.459103833910372e-01,4.459103833910372e-01
1.012202440488098e+00,4.464176810720342e-01,4.464176810720342e-01
1.014202840568114e+00,4.469239395552900e-01,4.469239395552900e-01
1.016203240648130e+00,4.474291614264980e-01,4.474291614264980e-01
1.018203640728146e+00,4.479333492649853e-01,4.479333492649853e-01
1.020204040808162e+00,4.484365056464408e-01,4.484365056464408e-01
1.022204440888178e+00,4.489386331420060e-01,4.489386331420060e-01
1.024204840968194e+00,4.494397343155465e-01,4.494397343155465e-01
1.026205241048210e+00,4.499398117281994e-01,4.499398117281994e-01
1.028205641128226e+00,4.504388679347353e-01,4.504388679347353e-01
1.030206041208242e+00,4.509369054853773e-01,4.509369054853773e-01
1.032206441288258e+00,4.514339269248917e-01,4.514339269248917e-01
1.034206841368274e+00,4.519299347953161e-01,4.519299347953161e-01
1.036207241448290e+00,4.524249316295932e-01,4.524249316295932e-01
1.038207641528306e+00,4.529189199588468e-01,4.529189199588468e-01
1.040208041608322e+00,4.534119023078342e-01,4.534119023078342e-01
1.042208441688338e+00,4.539038811967653e-01,4.539038811967653e-01
1.044208841768354e+00,4.543948591403928e-01,4.543948591403928e-01
1.046209241848370e+00,4.548848386471032e-01,4.548848386471032e-01
1.048209641928386e+00,4.553738222234638e-01,4.553738222234638e-01
1.050210042008402e+00,4.558618123678566e-01,4.558618123678566e-01
1.052210442088418e+00,4.563488115741161e-01,4.563488115741161e-01
1.054210842168434e+00,4.568348223324388e-01,4.568348223324388e-01
1.056211242248450e+00,4.573198471257451e-01,4.573198471257451e-01
1.058211642328466e+00,4.578038884342273e-01,4.578038884342273e-01
1.060212042408482e+00,4.582869487317107e-01,4.582869487317107e-01
1.062212442488498e+00,4.587690304847452e-01,4.587690304847452e-01
1.064212842568514e+00,4.592501361580612e-01,4.592501361580612e-01
1.066213242648530e+00,4.597302682100231e-01,4.597302682100231e-01
1.068213642728546e+00,4.602094290935379e-01,4.602094290935379e-01
1.070214042808562e+00,4.606876212560560e-01,4.606876212560560e-01
1.072214442888578e+00,4.611648471395706e-01,4.611648471395706e-01
1.074214842968594e+00,4.616411091824371e-01,4.616411091824371e-01
1.076215243048610e+00,4.621164098166441e-01,4.621164098166441e-01
1.078215643128626e+00,4.625907514687237e-01,4.625907514687237e-01
1.080216043208642e+00,4.630641365606603e-01,4.630641365606603e-01
1.082216443288658e+00,4.635365675080716e-01,4.635365675080716e-01
1.084216843368674e+00,4.640080467238472e-01,4.640080467238472e-01
1.086217243448690e+00,4.644785766117816e-01,4.644785766117816e-01
1.088217643528706e+00,4.649481595738503e-01,4.649481595738503e-01
1.090218043608722e+00,4.654167980056623e-01,4.654167980056623e-01
1.092218443688738e+00,4.658844942973697e-01,4.658844942973697e-01
1.094218843768754e+00,4.663512508327581e-01,4.663512508327581e-01
1.096219243848770e+00,4.668170699919751e-01,4.668170699919751e-01
1.098219643928786e+00,4.672819541506210e-01,4.672819541506210e-01
1.100220044008802e+00,4.677459056761104e-01,4.677459056761104e-01
1.102220444088818e+00,4.682089269331295e-01,4.682089269331295e-01
1.104220844168834e+00,4.686710202799982e-01,4.686710202799982e-01
1.106221244248850e+00,4.691321880695791e-01,4.691321880695791e-01
1.108221644328866e+00,4.695924326501877e-01,4.695924326501877e-01
1.110222044408882e+00,4.700517563637727e-01,4.700517563637727e-01
1.112222444488898e+00,4.705101615495546e-01,4.705101615495546e-01
1.114222844568914e+00,4.709676505376588e-01,4.709676505376588e-01
1.116223244648930e+00,4.714242256554821e-01,4.714242256554821e-01
1.118223644728946e+00,4.718798892240552e-01,4.718798892240552e-01
1.120224044808962e+00,4.723346435607705e-01,4.723346435607705e-01
1.122224444888978e+00,4.727884909748350e-01,4.727884909748350e-01
1.124224844968994e+00,4.732414337727273e-01,4.732414337727273e-01
1.126225245049010e+00,4.736934742545595e-01,4.736934742545595e-01
1.128225645129026e+00,4.741446147149868e-01,4.741446147149868e-01
1.130226045209042e+00,4.745948574432073e-01,4.745948574432073e-01
1.132226445289058e+00,4.750442047247811e-01,4.750442047247811e-01
1.133226645329066e+00,4.752685432845278e-01,4.752685432845278e-01
1.133476695339068e+00,4.753245930692169e-01,4.753245930692169e-01
1.133601720344069e+00,4.753526127356049e-01,4.753526127356049e-01
1.133632976595319e+00,4.753596171080967e-01,4.753596171080967e-01
1.133648604720944e+00,4.753631192129428e-01,4.753631192129428e-01
1.133652511752351e+00,4.753639947298320e-01,4.753639947298320e-01
1.133654465268054e+00,4.753644324878219e-01,4.753644324878219e-01
1.133656418783757e+00,4.753648702439928e-01,4.753648702439928e-01
1.133664232846569e+00,4.753666212623098e-01,4.753666212623098e-01
1.133726745349070e+00,4.753806289195377e-01,4.753806289195377e-01
1.134226845369074e+00,4.754926588370831e-01,4.754926588370831e-01
1.136227245449090e+00,4.759402220547595e-01,4.759402220547595e-01
1.138227645529106e+00,4.763868966460900e-01,4.763868966460900e-01
1.140228045609122e+00,4.768326848738975e-01,4.768326848738975e-01
1.142228445689138e+00,4.772775889955478e-01,4.772775889955478e-01
1.144228845769154e+00,4.777216112638594e-01,4.777216112638594e-01
1.146229245849170e+00,4.781647539252840e-01,4.781647539252840e-01
1.148229645929186e+00,4.786070192226357e-01,4.786070192226357e-01
1.150230046009202e+00,4.790484093914524e-01,4.790484093914524e-01
1.152230446089218e+00,4.794889266636342e-01,4.794889266636342e-01
1.154230846169234e+00,4.799285732638050e-01,4.799285732638050e-01
1.156231246249250e+00,4.803673514129509e-01,4.803673514129509e-01
1.158231646329266e+00,4.808052633266011e-01,4.808052633266011e-01
1.160232046409282e+00,4.812423112148276e-01,4.812423112148276e-01
1.162232446489298e+00,4.816784972813362e-01,4.816784972813362e-01
1.164232846569314e+00,4.821138237261944e-01,4.821138237261944e-01
1.166233246649330e+00,4.825482927431035e-01,4.825482927431035e-01
1.168233646729346e+00,4.829819065203078e-01,4.829819065203078e-01
1.170234046809362e+00,4.834146672415041e-01,4.834146672415041e-01
1.172234446889378e+00,4.838465770849321e-01,4.838465770849321e-01
1.174234846969394e+00,4.842776382233747e-01,4.842776382233747e-01
1.176235247049410e+00,4.847078528232482e-01,4.847078528232482e-01
1.178235647129426e+00,4.851372230482407e-01,4.851372230482407e-01
1.180236047209442e+00,4.855657510538545e-01,4.855657510538545e-01
1.182236447289458e+00,4.859934389928635e-01,4.859934389928635e-01
1.184236847369474e+00,4.864202890116753e-01,4.864202890116753e-01
1.186237247449490e+00,4.868463032494215e-01,4.868463032494215e-01
1.188237647529506e+00,4.872714838443239e-01,4.872714838443239e-01
1.190238047609522e+00,4.876958329246004e-01,4.876958329246004e-01
1.192238447689538e+00,4.881193526175589e-01,4.881193526175589e-01
1.194238847769554e+00,4.885420450414126e-01,4.885420450414126e-01
1.196239247849570e+00,4.889639123116463e-01,4.889639123116463e-01
1.198239647929586e+00,4.893849565382875e-01,4.893849565382875e-01
1.200240048009602e+00,4.898051798240881e-01,4.898051798240881e-01
1.202240448089618e+00,4.902245842690713e-01,4.902245842690713e-01
1.204240848169634e+00,4.906431719659845e-01,4.906431719659845e-01
1.206241248249650e+00,4.910609450039369e-01,4.910609450039369e-01
1.208241648329666e+00,4.914779054665810e-01,4.914779054665810e-01
1.210242048409682e+00,4.918940554302931e-01,4.918940554302931e-01
1.212242448489698e+00,4.923093969687211e-01,4.923093969687211e-01
1.214242848569714e+00,4.927239321500561e-01,4.927239321500561e-01
1.216243248649730e+00,4.931376630352129e-01,4.931376630352129e-01
1.218243648729746e+00,4.935505916823781e-01,4.935505916823781e-01
1.220244048809762e+00,4.939627201424623e-01,4.939627201424623e-01
1.222244448889778e+00,4.943740504627381e-01,4.943740504627381e-01
1.224244848969794e+00,4.947845846841115e-01,4.947845846841115e-01
1.226245249049810e+00,4.951943248429411e-01,4.951943248429411e-01
1.228245649129826e+00,4.956032729710382e-01,4.956032729710382e-01
1.230246049209842e+00,4.960114310929380e-01,4.960114310929380e-01
1.232246449289858e+00,4.964188012304471e-01,4.964188012304471e-01
1.234246849369874e+00,4.968253853980964e-01,4.968253853980964e-01
1.236247249449890e+00,4.972311856067786e-01,4.972311856067786e-01
1.238247649529906e+00,4.976362038619295e-01,4.976362038619295e-01
1.240248049609922e+00,4.980404421626186e-01,4.980404421626186e-01
1.242248449689938e+00,4.984439025051866e-01,4.984439025051866e-01
1.244248849769954e+00,4.988465868777889e-01,4.988465868777889e-01
1.246249249849970e+00,4.992484972658526e-01,4.992484972658526e-01
1.248249649929986e+00,4.996496356484381e-01,4.996496356484381e-01
1.250250050010002e+00,5.000500040000583e-01,5.000500040000583e-01
1.252250450090018e+00,5.004496042897694e-01,5.004496042897694e-01
1.254250850170034e+00,5.008484384820798e-01,5.008484384820798e-01
1.256251250250050e+00,5.012465085351318e-01,5.012465085351318e-01
1.258251650330066e+00,5.016438164034293e-01,5.016438164034293e-01
1.260252050410082e+00,5.020403640351100e-01,5.020403640351100e-01
1.262252450490098e+00,5.024361533746736e-01,5.024361533746736e-01
1.264252850570114e+00,5.028311863602534e-01,5.028311863602534e-01
1.266253250650130e+00,5.032254649254350e-01,5.032254649254350e-01
1.268253650730146e+00,5.036189909983472e-01,5.036189909983472e-01
1.270254050810162e+00,5.040117665025713e-01,5.040117665025713e-01
1.272254450890178e+00,5.044037933571411e-01,5.044037933571411e-01
1.272379475895179e+00,5.044282702215236e-01,5.044282702215236e-01
1.272383382926586e+00,5.044290350765545e-01,5.044290350765545e-01
1.272385336442289e+00,5.044294175027056e-01,5.044294175027056e-01
1.272387289957992e+00,5.044297999288568e-01,5.044297999288568e-01
1.272395104020804e+00,5.044313296243667e-01,5.044313296243667e-01
1.272410732146430e+00,5.044343889817350e-01,5.044343889817350e-01
1.272441988397680e+00,5.044405075600474e-01,5.044405075600474e-01
1.272504500900180e+00,5.044527441700660e-01,5.044527441700660e-01
1.272754550910182e+00,5.045016833187214e-01,5.045016833187214e-01
1.273254650930186e+00,5.045995266386848e-01,5.045995266386848e-01
1.274254850970194e+00,5.047950734738146e-01,5.047950734738146e-01
1.276255251050210e+00,5.051856087625305e-01,5.051856087625305e-01
1.278255651130226e+00,5.055754011250423e-01,5.055754011250423e-01
1.280256051210242e+00,5.059644524603749e-01,5.059644524603749e-01
1.282256451290258e+00,5.063527646620963e-01,5.063527646620963e-01
1.284256851370274e+00,5.067403396174081e-01,5.067403396174081e-01
1.286257251450290e+00,5.071271792098736e-01,5.071271792098736e-01
1.288257651530306e+00,5.075132853166900e-01,5.075132853166900e-01
1.290258051610322e+00,5.078986598132355e-01,5.078986598132355e-01
1.292258451690338e+00,5.082833045657930e-01,5.082833045657930e-01
1.294258851770354e+00,5.086672214379172e-01,5.086672214379172e-01
1.296259251850370e+00,5.090504122886154e-01,5.090504122886154e-01
1.298259651930386e+00,5.094328789705281e-01,5.094328789705281e-01
1.300260052010402e+00,5.098146233326583e-01,5.098146233326583e-01
1.302260452090418e+00,5.101956472176420e-01,5.101956472176420e-01
1.304260852170434e+00,5.105759524644776e-01,5.105759524644776e-01
1.306261252250450e+00,5.109555409057970e-01,5.109555409057970e-01
1.308261652330466e+00,5.113344143715034e-01,5.113344143715034e-01
1.310262052410482e+00,5.117125746851338e-01,5.117125746851338e-01
1.312262452490498e+00,5.120900236638585e-01,5.120900236638585e-01
1.314262852570514e+00,5.124667631239385e-01,5.124667631239385e-01
1.316263252650530e+00,5.128427948734492e-01,5.128427948734492e-01
1.318263652730546e+00,5.132181207168282e-01,5.132181207168282e-01
1.320264052810562e+00,5.135927424521464e-01,5.135927424521464e-01
1.322264452890578e+00,5.139666618756559e-01,5.139666618756559e-01
1.324264852970594e+00,5.143398807754233e-01,5.143398807754233e-01
1.326265253050610e+00,5.147124009367866e-01,5.147124009367866e-01
1.328265653130626e+00,5.150842241405366e-01,5.150842241405366e-01
1.330266053210642e+00,5.154553521610973e-01,5.154553521610973e-01
1.332266453290658e+00,5.158257867683455e-01,5.158257867683455e-01
1.334266853370674e+00,5.161955297285198e-01,5.161955297285198e-01
1.336267253450690e+00,5.165645828014925e-01,5.165645828014925e-01
1.338267653530706e+00,5.169329477444075e-01,5.169329477444075e-01
1.340268053610722e+00,5.173006263071324e-01,5.173006263071324e-01
1.342268453690738e+00,5.176676202358971e-01,5.176676202358971e-01
1.344268853770754e+00,5.180339312742029e-01,5.180339312742029e-01
1.346269253850770e+00,5.183995611564564e-01,5.183995611564564e-01
1.348269653930786e+00,5.187645116170637e-01,5.187645116170637e-01
1.350270054010802e+00,5.191287843813365e-01,5.191287843813365e-01
1.352270454090818e+00,5.194923811736766e-01,5.194923811736766e-01
1.354270854170834e+00,5.198553037112100e-01,5.198553037112100e-01
1.356271254250850e+00,5.202175537065153e-01,5.202175537065153e-01
1.358271654330866e+00,5.205791328694426e-01,5.205791328694426e-01
1.360272054410882e+00,5.209400429025658e-01,5.209400429025658e-01
1.362272454490898e+00,5.213002855057306e-01,5.213002855057306e-01
1.364272854570914e+00,5.216598623742351e-01,5.216598623742351e-01
1.366273254650930e+00,5.220187751961015e-01,5.220187751961015e-01
1.368273654730946e+00,5.223770256575330e-01,5.223770256575330e-01
1.370274054810962e+00,5.227346154392757e-01,5.227346154392757e-01
1.372274454890978e+00,5.230915462175284e-01,5.230915462175284e-01
1.374274854970994e+00,5.234478196621234e-01,5.234478196621234e-01
1.376275255051010e+00,5.238034374410739e-01,5.238034374410739e-01
1.378275655131026e+00,5.241584012160269e-01,5.241584012160269e-01
1.380276055211042e+00,5.245127126440815e-01,5.245127126440815e-01
1.382276455291058e+00,5.248663733786992e-01,5.248663733786992e-01
1.384276855371074e+00,5.252193850678845e-01,5.252193850678845e-01
1.386277255451090e+00,5.255717493560036e-01,5.255717493560036e-01
1.388277655531106e+00,5.259234678810566e-01,5.259234678810566e-01
1.390278055611122e+00,5.262745422783149e-01,5.262745422783149e-01
1.392278455691138e+00,5.266249741785026e-01,5.266249741785026e-01
1.394278855771154e+00,5.269747652068867e-01,5.269747652068867e-01
1.396279255851170e+00,5.273239169841867e-01,5.273239169841867e-01
1.398279655931186e+00,5.276724311274842e-01,5.276724311274842e-01
1.400280056011202e+00,5.280203092484038e-01,5.280203092484038e-01
1.402280456091218e+00,5.283675529540227e-01,5.283675529540227e-01
1.404280856171234e+00,5.287141638486895e-01,5.287141638486895e-01
1.406281256251250e+00,5.290601435312959e-01,5.290601435312959e-01
1.408281656331266e+00,5.294054935943672e-01,5.294054935943672e-01
1.410282056411282e+00,5.297502156277000e-01,5.297502156277000e-01
1.412282456491298e+00,5.300943112183626e-01,5.300943112183626e-01
1.414282856571314e+00,5.304377819461473e-01,5.304377819461473e-01
1.416283256651330e+00,5.307806293881180e-01,5.307806293881180e-01
1.418283656731346e+00,5.311228551149719e-01,5.311228551149719e-01
1.420284056811362e+00,5.314644606955875e-01,5.314644606955875e-01
1.422284456891378e+00,5.318054476933861e-01,5.318054476933861e-01
1.424284856971394e+00,5.321458176663322e-01,5.321458176663322e-01
1.426285257051410e+00,5.324855721687521e-01,5.324855721687521e-01
1.428285657131426e+00,5.328247127522440e-01,5.328247127522440e-01
1.430286057211442e+00,5.331632409620392e-01,5.331632409620392e-01
1.432286457291458e+00,5.335011583388217e-01,5.335011583388217e-01
1.434286857371474e+00,5.338384664205472e-01,5.338384664205472e-01
1.436287257451490e+00,5.341751667397142e-01,5.341751667397142e-01
1.438287657531506e+00,5.345112608242738e-01,5.345112608242738e-01
1.440288057611522e+00,5.348467502003581e-01,5.348467502003581e-01
1.442288457691538e+00,5.351816363859138e-01,5.351816363859138e-01
1.444288857771554e+00,5.355159208970685e-01,5.355159208970685e-01
1.446289257851570e+00,5.358496052463119e-01,5.358496052463119e-01
1.448289657931586e+00,5.361826909397672e-01,5.361826909397672e-01
1.450290058011602e+00,5.365151794799198e-01,5.365151794799198e-01
1.452290458091618e+00,5.368470723665263e-01,5.368470723665263e-01
1.454290858171634e+00,5.371783710938866e-01,5.371783710938866e-01
1.456291258251650e+00,5.375090771517529e-01,5.375090771517529e-01
1.458291658331666e+00,5.378391920262396e-01,5.378391920262396e-01
1.460292058411682e+00,5.381687171989137e-01,5.381687171989137e-01
1.462292458491698e+00,5.384976541477039e-01,5.384976541477039e-01
1.464292858571714e+00,5.388260043459917e-01,5.388260043459917e-01
1.466293258651730e+00,5.391537692635205e-01,5.391537692635205e-01
1.468293658731746e+00,5.394809503636674e-01,5.394809503636674e-01
1.470294058811762e+00,5.398075491098092e-01,5.398075491098092e-01
1.472294458891778e+00,5.401335669580470e-01,5.401335669580470e-01
1.474294858971794e+00,5.404590053599344e-01,5.404590053599344e-01
1.476295259051810e+00,5.407838657652059e-01,5.407838657652059e-01
1.478295659131826e+00,5.411081496181390e-01,5.411081496181390e-01
1.480296059211842e+00,5.414318583584640e-01,5.414318583584640e-01
1.482296459291858e+00,5.417549934240918e-01,5.417549934240918e-01
1.484296859371874e+00,5.420775562456578e-01,5.420775562456578e-01
1.486297259451890e+00,5.423995482519780e-01,5.423995482519780e-01
1.488297659531906e+00,5.427209708664117e-01,5.427209708664117e-01
1.490298059611922e+00,5.430418255104991e-01,5.430418255104991e-01
1.492298459691938e+00,5.433621136003234e-01,5.433621136003234e-01
1.494298859771954e+00,5.436818365465109e-01,5.436818365465109e-01
1.496299259851970e+00,5.440009957569595e-01,5.440009957569595e-01
1.498299659931986e+00,5.443195926377479e-01,5.443195926377479e-01
1.500300060012002e+00,5.446376285867695e-01,5.446376285867695e-01
1.502300460092018e+00,5.449551050010081e-01,5.449551050010081e-01
1.504300860172034e+00,5.452720232729001e-01,5.452720232729001e-01
1.506301260252050e+00,5.455883847903346e-01,5.455883847903346e-01
1.508301660332066e+00,5.459041909366528e-01,5.459041909366528e-01
1.510302060412082e+00,5.462194430924677e-01,5.462194430924677e-01
1.512302460492098e+00,5.465341426347544e-01,5.465341426347544e-01
1.514302860572114e+00,5.468482909350308e-01,5.468482909350308e-01
1.516303260652131e+00,5.471618893611770e-01,5.471618893611770e-01
1.518303660732147e+00,5.474749392801636e-01,5.474749392801636e-01
1.520304060812163e+00,5.477874420498660e-01,5.477874420498660e-01
1.522304460892179e+00,5.480993990290693e-01,5.480993990290693e-01
1.524304860972195e+00,5.484108115692828e-01,5.484108115692828e-01
1.526305261052211e+00,5.487216810211061e-01,5.487216810211061e-01
1.528305661132227e+00,5.490320087278627e-01,5.490320087278627e-01
1.530306061212243e+00,5.493417960319670e-01,5.493417960319670e-01
1.532306461292259e+00,5.496510442712855e-01,5.496510442712855e-01
1.534306861372275e+00,5.499597547782281e-01,5.499597547782281e-01
1.536307261452290e+00,5.502679288842950e-01,5.502679288842950e-01
1.538307661532306e+00,5.505755679146199e-01,5.505755679146199e-01
1.540308061612322e+00,5.508826731906987e-01,5.508826731906987e-01
1.542308461692338e+00,5.511892460331177e-01,5.511892460331177e-01
1.544308861772354e+00,5.514952877551872e-01,5.514952877551872e-01
1.546309261852370e+00,5.518007996683986e-01,5.518007996683986e-01
1.548309661932386e+00,5.521057830796957e-01,5.521057830796957e-01
1.550310062012402e+00,5.524102392923845e-01,5.524102392923845e-01
1.552310462092418e+00,5.527141696070424e-01,5.527141696070424e-01
1.554310862172434e+00,5.530175753187899e-01,5.530175753187899e-01
1.556311262252450e+00,5.533204577209284e-01,5.533204577209284e-01
1.558311662332466e+00,5.536228181013024e-01,5.536228181013024e-01
1.560312062412482e+00,5.539246577450280e-01,5.539246577450280e-01
1.562312462492498e+00,5.542259779344926e-01,5.542259779344926e-01
1.564312862572514e+00,5.545267799448078e-01,5.545267799448078e-01
1.566313262652530e+00,5.548270650529042e-01,5.548270650529042e-01
1.568313662732546e+00,5.551268345266175e-01,5.551268345266175e-01
1.570314062812562e+00,5.554260896346926e-01,5.554260896346926e-01
1.572314462892578e+00,5.557248316376894e-01,5.557248316376894e-01
1.574314862972594e+00,5.560230617979863e-01,5.560230617979863e-01
1.576315263052610e+00,5.563207813688672e-01,5.563207813688672e-01
1.578315663132627e+00,5.566179916036157e-01,5.566179916036157e-01
1.580316063212643e+00,5.569146937509680e-01,5.569146937509680e-01
1.582316463292659e+00,5.572108890551130e-01,5.572108890551130e-01
1.584316863372675e+00,5.575065787593297e-01,5.575065787593297e-01
1.586317263452691e+00,5.578017640987122e-01,5.578017640987122e-01
1.588317663532707e+00,5.580964463101731e-01,5.580964463101731e-01
1.590318063612723e+00,5.583906266233493e-01,5.583906266233493e-01
1.592318463692739e+00,5.586843062660586e-01,5.586843062660586e-01
1.594318863772755e+00,5.589774864615714e-01,5.589774864615714e-01
1.596319263852771e+00,5.592701684304296e-01,5.592701684304296e-01
1.598319663932787e+00,5.595623533886277e-01,5.595623533886277e-01
1.600320064012803e+00,5.598540425503410e-01,5.598540425503410e-01
1.602320464092819e+00,5.601452371251975e-01,5.601452371251975e-01
1.604320864172835e+00,5.604359383191871e-01,5.604359383191871e-01
1.606321264252851e+00,5.607261473355715e-01,5.607261473355715e-01
1.608321664332867e+00,5.610158653739740e-01,5.610158653739740e-01
1.610322064412883e+00,5.613050936285612e-01,5.613050936285612e-01
1.612322464492899e+00,5.615938332944092e-01,5.615938332944092e-01
1.614322864572915e+00,5.618820855584085e-01,5.618820855584085e-01
1.616323264652931e+00,5.621698516074497e-01,5.621698516074497e-01
1.618323664732947e+00,5.624571326229665e-01,5.624571326229665e-01
1.620324064812963e+00,5.627439297845733e-01,5.627439297845733e-01
1.622324464892979e+00,5.630302442682471e-01,5.630302442682471e-01
1.624324864972995e+00,5.633160772445074e-01,5.633160772445074e-01
1.626325265053011e+00,5.636014298838739e-01,5.636014298838739e-01
1.628325665133027e+00,5.638863033504997e-01,5.638863033504997e-01
1.630326065213043e+00,5.641706988058097e-01,5.641706988058097e-01
1.632326465293059e+00,5.644546174103191e-01,5.644546174103191e-01
1.634326865373075e+00,5.647380603190861e-01,5.647380603190861e-01
1.636327265453091e+00,5.650210286826216e-01,5.650210286826216e-01
1.638327665533107e+00,5.653035236514363e-01,5.653035236514363e-01
1.640328065613123e+00,5.655855463705841e-01,5.655855463705841e-01
1.642328465693139e+00,5.658670979805713e-01,5.658670979805713e-01
1.644328865773155e+00,5.661481796228138e-01,5.661481796228138e-01
1.646329265853171e+00,5.664287924314515e-01,5.664287924314515e-01
1.648329665933187e+00,5.667089375388052e-01,5.667089375388052e-01
1.650330066013203e+00,5.669886160744675e-01,5.669886160744675e-01
1.652330466093219e+00,5.672678291634832e-01,5.672678291634832e-01
1.654330866173235e+00,5.675465779299878e-01,5.675465779299878e-01
1.656331266253251e+00,5.678248634917502e-01,5.678248634917502e-01
1.658331666333267e+00,5.681026869665395e-01,5.681026869665395e-01
1.660332066413283e+00,5.683800494657583e-01,5.683800494657583e-01
1.662332466493299e+00,5.686569520998994e-01,5.686569520998994e-01
1.664332866573315e+00,5.689333959758180e-01,5.689333959758180e-01
1.666333266653331e+00,5.692093821967312e-01,5.692093821967312e-01
1.668333666733347e+00,5.694849118631276e-01,5.694849118631276e-01
1.670334066813363e+00,5.697599860709481e-01,5.697599860709481e-01
1.672334466893379e+00,5.700346059152246e-01,5.700346059152246e-01
1.674334866973395e+00,5.703087724873506e-01,5.703087724873506e-01
1.676335267053411e+00,5.705824868732627e-01,5.705824868732627e-01
1.678335667133427e+00,5.708557501588978e-01,5.708557501588978e-01
1.680336067213443e+00,5.711285634247354e-01,5.711285634247354e-01
1.682336467293459e+00,5.714009277494363e-01,5.714009277494363e-01
1.684336867373475e+00,5.716728442089327e-01,5.716728442089327e-01
1.686337267453491e+00,5.719443138736999e-01,5.719443138736999e-01
1.688337667533507e+00,5.722153378151227e-01,5.722153378151227e-01
1.690338067613523e+00,5.724859170973098e-01,5.724859170973098e-01
1.692338467693539e+00,5.727560527843700e-01,5.727560527843700e-01
1.694338867773555e+00,5.730257459349553e-01,5.730257459349553e-01
1.696339267853571e+00,5.732949976068078e-01,5.732949976068078e-01
1.698339667933587e+00,5.735638088540320e-01,5.735638088540320e-01
1.700340068013603e+00,5.738321807261848e-01,5.738321807261848e-01
1.702340468093619e+00,5.741001142728230e-01,5.741001142728230e-01
1.704340868173635e+00,5.743676105371371e-01,5.743676105371371e-01
1.706341268253651e+00,5.746346705614080e-01,5.746346705614080e-01
1.708341668333667e+00,5.749012953842787e-01,5.749012953842787e-01
1.710342068413683e+00,5.751674860425731e-01,5.751674860425731e-01
1.712342468493699e+00,5.754332435676581e-01,5.754332435676581e-01
1.714342868573715e+00,5.756985689899914e-01,5.756985689899914e-01
1.716343268653731e+00,5.759634633363924e-01,5.759634633363924e-01
1.718343668733747e+00,5.762279276318616e-01,5.762279276318616e-01
1.720344068813763e+00,5.764919628959426e-01,5.764919628959426e-01
1.722344468893779e+00,5.767555701481790e-01,5.767555701481790e-01
1.724344868973795e+00,5.770187504026574e-01,5.770187504026574e-01
1.726345269053811e+00,5.772815046716453e-01,5.772815046716453e-01
1.728345669133827e+00,5.775438339655914e-01,5.775438339655914e-01
1.730346069213843e+00,5.778057392894873e-01,5.778057392894873e-01
1.732346469293859e+00,5.780672216483247e-01,5.780672216483247e-01
1.734346869373875e+00,5.783282820425477e-01,5.783282820425477e-01
1.736347269453891e+00,5.785889214698721e-01,5.785889214698721e-01
1.738347669533907e+00,5.788491409243754e-01,5.788491409243754e-01
1.740348069613923e+00,5.791089414001356e-01,5.791089414001356e-01
1.742348469693939e+00,5.793683238848637e-01,5.793683238848637e-01
1.744348869773955e+00,5.796272893662711e-01,5.796272893662711e-01
1.746349269853971e+00,5.798858388275214e-01,5.798858388275214e-01
1.748349669933987e+00,5.801439732481406e-01,5.801439732481406e-01
1.750350070014003e+00,5.804016936085639e-01,5.804016936085639e-01
1.752350470094019e+00,5.806590008828600e-01,5.806590008828600e-01
1.754350870174035e+00,5.809158960432790e-01,5.809158960432790e-01
1.756351270254051e+00,5.811723800602515e-01,5.811723800602515e-01
1.758351670334067e+00,5.814284538996610e-01,5.814284538996610e-01
1.760352070414083e+00,5.816841185264814e-01,5.816841185264814e-01
1.762352470494099e+00,5.819393749020485e-01,5.819393749020485e-01
1.764352870574115e+00,5.821942239849698e-01,5.821942239849698e-01
1.766353270654131e+00,5.824486667311242e-01,5.824486667311242e-01
1.768353670734147e+00,5.827027040936621e-01,5.827027040936621e-01
1.770354070814163e+00,5.829563370220960e-01,5.829563370220960e-01
1.772354470894179e+00,5.832095664659385e-01,5.832095664659385e-01
1.774354870974195e+00,5.834623933692449e-01,5.834623933692449e-01
1.776355271054211e+00,5.837148186742518e-01,5.837148186742518e-01
1.778355671134227e+00,5.839668433204672e-01,5.839668433204672e-01
1.780356071214243e+00,5.842184682455802e-01,5.842184682455802e-01
1.782356471294259e+00,5.844696943836418e-01,5.844696943836418e-01
1.784356871374275e+00,5.847205226659746e-01,5.847205226659746e-01
1.786357271454291e+00,5.849709540220822e-01,5.849709540220822e-01
1.788357671534307e+00,5.852209893778302e-01,5.852209893778302e-01
1.790358071614323e+00,5.854706296572652e-01,5.854706296572652e-01
1.792358471694339e+00,5.857198757807958e-01,5.857198757807958e-01
1.794358871774355e+00,5.859687286670117e-01,5.859687286670117e-01
1.796359271854371e+00,5.862171892317740e-01,5.862171892317740e-01
1.798359671934387e+00,5.864652583891250e-01,5.864652583891250e-01
1.800360072014403e+00,5.867129370485593e-01,5.867129370485593e-01
1.802360472094419e+00,5.869602261186622e-01,5.869602261186622e-01
1.804360872174435e+00,5.872071265043808e-01,5.872071265043808e-01
1.806361272254451e+00,5.874536391088434e-01,5.874536391088434e-01
1.808361672334467e+00,5.876997648324498e-01,5.876997648324498e-01
1.810362072414483e+00,5.879455045728712e-01,5.879455045728712e-01
1.812362472494499e+00,5.881908592250504e-01,5.881908592250504e-01
1.814362872574515e+00,5.884358296812018e-01,5.884358296812018e-01
1.816363272654531e+00,5.886804168326301e-01,5.886804168326301e-01
1.818363672734547e+00,5.889246215651831e-01,5.889246215651831e-01
1.820364072814563e+00,5.891684447656182e-01,5.891684447656182e-01
1.822364472894579e+00,5.894118873152359e-01,5.894118873152359e-01
1.824364872974595e+00,5.896549500944268e-01,5.896549500944268e-01
1.826365273054611e+00,5.898976339808535e-01,5.898976339808535e-01
1.828365673134627e+00,5.901399398494498e-01,5.901399398494498e-01
1.830366073214643e+00,5.903818685724211e-01,5.903818685724211e-01
1.832366473294659e+00,5.906234210192445e-01,5.906234210192445e-01
1.834366873374675e+00,5.908645980593967e-01,5.908645980593967e-01
1.836367273454691e+00,5.911054005559884e-01,5.911054005559884e-01
1.838367673534707e+00,5.913458293721299e-01,5.913458293721299e-01
1.840368073614723e+00,5.915858853691127e-01,5.915858853691127e-01
1.842368473694739e+00,5.918255694036809e-01,5.918255694036809e-01
1.844368873774755e+00,5.920648823316690e-01,5.920648823316690e-01
1.846369273854771e+00,5.923038250052735e-01,5.923038250052735e-01
1.848369673934787e+00,5.925423982748719e-01,5.925423982748719e-01
1.850370074014803e+00,5.927806029899323e-01,5.927806029899323e-01
1.852370474094819e+00,5.930184399953753e-01,5.930184399953753e-01
1.854370874174835e+00,5.932559101343025e-01,5.932559101343025e-01
1.856371274254851e+00,5.934930142470869e-01,5.934930142470869e-01
1.858371674334867e+00,5.937297531731922e-01,5.937297531731922e-01
1.860372074414883e+00,5.939661277484440e-01,5.939661277484440e-01
1.862372474494899e+00,5.942021388068490e-01,5.942021388068490e-01
1.864372874574915e+00,5.944377871796853e-01,5.944377871796853e-01
1.866373274654931e+00,5.946730736955026e-01,5.946730736955026e-01
1.868373674734947e+00,5.949079991810315e-01,5.949079991810315e-01
1.870374074814963e+00,5.951425644620933e-01,5.951425644620933e-01
1.872374474894979e+00,5.953767703590522e-01,5.953767703590522e-01
1.874374874974995e+00,5.956106176913629e-01,5.956106176913629e-01
1.876375275055011e+00,5.958441072784801e-01,5.958441072784801e-01
1.878375675135027e+00,5.960772399344016e-01,5.960772399344016e-01
1.880376075215043e+00,5.963100164713062e-01,5.963100164713062e-01
1.882376475295059e+00,5.965424377004631e-01,5.965424377004631e-01
1.884376875375075e+00,5.967745044304131e-01,5.967745044304131e-01
1.886377275455091e+00,5.970062174669686e-01,5.970062174669686e-01
1.888377675535107e+00,5.972375776123038e-01,5.972375776123038e-01
1.890378075615123e+00,5.974685856695026e-01,5.974685856695026e-01
1.892378475695139e+00,5.976992424380108e-01,5.976992424380108e-01
1.894378875775155e+00,5.979295487127267e-01,5.979295487127267e-01
1.896379275855171e+00,5.981595052903679e-01,5.981595052903679e-01
1.898379675935187e+00,5.983891129621945e-01,5.983891129621945e-01
1.900380076015203e+00,5.986183725185577e-01,5.986183725185577e-01
1.902380476095219e+00,5.988472847479891e-01,5.988472847479891e-01
1.904380876175235e+00,5.990758504353828e-01,5.990758504353828e-01
1.906381276255251e+00,5.993040703656327e-01,5.993040703656327e-01
1.908381676335267e+00,5.995319453181758e-01,5.995319453181758e-01
1.910382076415283e+00,5.997594760733584e-01,5.997594760733584e-01
1.912382476495299e+00,5.999866634078892e-01,5.999866634078892e-01
1.914382876575315e+00,6.002135080966575e-01,6.002135080966575e-01
1.916383276655331e+00,6.004400109127339e-01,6.004400109127339e-01
1.918383676735347e+00,6.006661726255509e-01,6.006661726255509e-01
1.920384076815363e+00,6.008919940036315e-01,6.008919940036315e-01
1.922384476895379e+00,6.011174758136797e-01,6.011174758136797e-01
1.924384876975395e+00,6.013426188187616e-01,6.013426188187616e-01
1.926385277055411e+00,6.015674237810338e-01,6.015674237810338e-01
1.928385677135427e+00,6.017918914608338e-01,6.017918914608338e-01
1.930386077215443e+00,6.020160226148612e-01,6.020160226148612e-01
1.932386477295459e+00,6.022398179989061e-01,6.022398179989061e-01
1.934386877375475e+00,6.024632783660302e-01,6.024632783660302e-01
1.936387277455491e+00,6.026864044683855e-01,6.026864044683855e-01
1.938387677535507e+00,6.029091970535767e-01,6.029091970535767e-01
1.940388077615523e+00,6.031316568692084e-01,6.031316568692084e-01
1.942388477695539e+00,6.033537846610664e-01,6.033537846610664e-01
1.944388877775555e+00,6.035755811712982e-01,6.035755811712982e-01
1.946389277855571e+00,6.037970471402325e-01,6.037970471402325e-01
1.948389677935587e+00,6.040181833063791e-01,6.040181833063791e-01
1.950390078015603e+00,6.042389904073382e-01,6.042389904073382e-01
1.952390478095619e+00,6.044594691779814e-01,6.044594691779814e-01
1.954390878175635e+00,6.046796203486331e-01,6.046796203486331e-01
1.956391278255651e+00,6.048994446523459e-01,6.048994446523459e-01
1.958391678335667e+00,6.051189428158061e-01,6.051189428158061e-01
1.960392078415683e+00,6.053381155666095e-01,6.053381155666095e-01
1.962392478495699e+00,6.055569636278044e-01,6.055569636278044e-01
1.964392878575715e+00,6.057754877233485e-01,6.057754877233485e-01
1.966393278655731e+00,6.059936885717427e-01,6.059936885717427e-01
1.968393678735747e+00,6.062115668933068e-01,6.062115668933068e-01
1.970394078815763e+00,6.064291234029036e-01,6.064291234029036e-01
1.972394478895779e+00,6.066463588153959e-01,6.066463588153959e-01
1.974394878975795e+00,6.068632738420086e-01,6.068632738420086e-01
1.976395279055811e+00,6.070798691957855e-01,6.070798691957855e-01
1.978395679135827e+00,6.072961455824946e-01,6.072961455824946e-01
1.980396079215843e+00,6.075121037097226e-01,6.075121037097226e-01
1.982396479295859e+00,6.077277442814186e-01,6.077277442814186e-01
1.984396879375875e+00,6.079430680006219e-01,6.079430680006219e-01
1.986397279455891e+00,6.081580755685529e-01,6.081580755685529e-01
1.988397679535907e+00,6.083727676818846e-01,6.083727676818846e-01
1.990398079615923e+00,6.085871450381994e-01,6.085871450381994e-01
1.992398479695939e+00,6.088012083332608e-01,6.088012083332608e-01
1.994398879775955e+00,6.090149582582847e-01,6.090149582582847e-01
1.996399279855971e+00,6.092283955053965e-01,6.092283955053965e-01
1.998399679935987e+00,6.094415207621744e-01,6.094415207621744e-01
2.000400080016003e+00,6.096543347171057e-01,6.096543347171057e-01
2.002400480096019e+00,6.098668380550401e-01,6.098668380550401e-01
2.004400880176035e+00,6.100790314590079e-01,6.100790314590079e-01
2.006401280256051e+00,6.102909156093113e-01,6.102909156093113e-01
2.008401680336067e+00,6.105024911871617e-01,6.105024911871617e-01
2.010402080416083e+00,6.107137588692233e-01,6.107137588692233e-01
2.012402480496099e+00,6.109247193321601e-01,6.109247193321601e-01
2.014402880576115e+00,6.111353732480886e-01,6.111353732480886e-01
2.016403280656131e+00,6.113457212909446e-01,6.113457212909446e-01
2.018403680736147e+00,6.115557641292064e-01,6.115557641292064e-01
2.020404080816163e+00,6.117655024322624e-01,6.117655024322624e-01
2.022404480896179e+00,6.119749368658625e-01,6.119749368658625e-01
2.024404880976195e+00,6.121840680957569e-01,6.121840680957569e-01
2.026405281056211e+00,6.123928967831482e-01,6.123928967831482e-01
2.028405681136227e+00,6.126014235901487e-01,6.126014235901487e-01
2.030406081216243e+00,6.128096491761419e-01,6.128096491761419e-01
2.032406481296259e+00,6.130175741968735e-01,6.130175741968735e-01
2.034406881376275e+00,6.132251993089988e-01,6.132251993089988e-01
2.036407281456291e+00,6.134325251664443e-01,6.134325251664443e-01
2.038407681536307e+00,6.136395524194989e-01,6.136395524194989e-01
2.040408081616323e+00,6.138462817202701e-01,6.138462817202701e-01
2.042408481696339e+00,6.140527137163183e-01,6.140527137163183e-01
2.044408881776355e+00,6.142588490542942e-01,6.142588490542942e-01
2.046409281856371e+00,6.144646883781200e-01,6.144646883781200e-01
2.048409681936387e+00,6.146702323317179e-01,6.146702323317179e-01
2.050410082016403e+00,6.148754815553723e-01,6.148754815553723e-01
2.052410482096419e+00,6.150804366902769e-01,6.150804366902769e-01
2.054410882176435e+00,6.152850983721685e-01,6.152850983721685e-01
2.056411282256451e+00,6.154894672376934e-01,6.154894672376934e-01
2.058411682336467e+00,6.156935439216789e-01,6.156935439216789e-01
2.060412082416483e+00,6.158973290562237e-01,6.158973290562237e-01
2.062412482496499e+00,6.161008232716079e-01,6.161008232716079e-01
2.064412882576515e+00,6.163040271972016e-01,6.163040271972016e-01
2.066413282656531e+00,6.165069414596467e-01,6.165069414596467e-01
2.068413682736547e+00,6.167095666864946e-01,6.167095666864946e-01
2.070414082816563e+00,6.169119034989301e-01,6.169119034989301e-01
2.072414482896579e+00,6.171139525208666e-01,6.171139525208666e-01
2.074414882976595e+00,6.173157143725796e-01,6.173157143725796e-01
2.076415283056611e+00,6.175171896725253e-01,6.175171896725253e-01
2.078415683136627e+00,6.177183790382508e-01,6.177183790382508e-01
2.080416083216643e+00,6.179192830836648e-01,6.179192830836648e-01
2.082416483296659e+00,6.181199024235859e-01,6.181199024235859e-01
2.084416883376675e+00,6.183202376710135e-01,6.183202376710135e-01
2.086417283456691e+00,6.185202894343995e-01,6.185202894343995e-01
2.088417683536707e+00,6.187200583231054e-01,6.187200583231054e-01
2.090418083616723e+00,6.189195449446736e-01,6.189195449446736e-01
2.092418483696739e+00,6.191187499039181e-01,6.191187499039181e-01
2.094418883776755e+00,6.193176738047435e-01,6.193176738047435e-01
2.096419283856771e+00,6.195163172492351e-01,6.195163172492351e-01
2.098419683936787e+00,6.197146808376595e-01,6.197146808376595e-01
2.100420084016803e+00,6.199127651693737e-01,6.199127651693737e-01
2.102420484096819e+00,6.201105708410062e-01,6.201105708410062e-01
2.104420884176835e+00,6.203080984491856e-01,6.203080984491856e-01
2.106421284256851e+00,6.205053485859928e-01,6.205053485859928e-01
2.108421684336867e+00,6.207023218453280e-01,6.207023218453280e-01
2.110422084416884e+00,6.208990188165437e-01,6.208990188165437e-01
2.112422484496900e+00,6.210954400899020e-01,6.210954400899020e-01
2.114422884576916e+00,6.212915862529365e-01,6.212915862529365e-01
2.116423284656932e+00,6.214874578913616e-01,6.214874578913616e-01
2.118423684736948e+00,6.216830555890731e-01,6.216830555890731e-01
2.120424084816964e+00,6.218783799290570e-01,6.218783799290570e-01
2.122424484896980e+00,6.220734314924805e-01,6.220734314924805e-01
2.124424884976996e+00,6.222682108586917e-01,6.222682108586917e-01
2.126425285057012e+00,6.224627186070386e-01,6.224627186070386e-01
2.128425685137028e+00,6.226569553123220e-01,6.226569553123220e-01
2.130426085217044e+00,6.228509215502520e-01,6.228509215502520e-01
2.132426485297060e+00,6.230446178938103e-01,6.230446178938103e-01
2.134426885377076e+00,6.232380449150690e-01,6.232380449150690e-01
2.136427285457092e+00,6.234312031842812e-01,6.234312031842812e-01
2.138427685537108e+00,6.236240932707908e-01,6.236240932707908e-01
2.140428085617124e+00,6.238167157403034e-01,6.238167157403034e-01
2.142428485697140e+00,6.240090711603437e-01,6.240090711603437e-01
2.144428885777156e+00,6.242011600929793e-01,6.242011600929793e-01
2.146429285857172e+00,6.243929831030066e-01,6.243929831030066e-01
2.148429685937188e+00,6.245845407497648e-01,6.245845407497648e-01
2.150430086017204e+00,6.247758335935025e-01,6.247758335935025e-01
2.152430486097220e+00,6.249668621917401e-01,6.249668621917401e-01
2.154430886177236e+00,6.251576271019978e-01,6.251576271019978e-01
2.156431286257252e+00,6.253481288790674e-01,6.253481288790674e-01
2.158431686337268e+00,6.255383680759217e-01,6.255383680759217e-01
2.160432086417284e+00,6.257283452455333e-01,6.257283452455333e-01
2.162432486497299e+00,6.259180609381467e-01,6.259180609381467e-01
2.164432886577315e+00,6.261075157030966e-01,6.261075157030966e-01
2.166433286657331e+00,6.262967100878989e-01,6.262967100878989e-01
2.168433686737347e+00,6.264856446382503e-01,6.264856446382503e-01
2.170434086817363e+00,6.266743198989382e-01,6.266743198989382e-01
2.172434486897379e+00,6.268627364147499e-01,6.268627364147499e-01
2.174434886977395e+00,6.270508947250157e-01,6.270508947250157e-01
2.176435287057411e+00,6.272387953717946e-01,6.272387953717946e-01
2.178435687137427e+00,6.274264388944168e-01,6.274264388944168e-01
2.180436087217443e+00,6.276138258285748e-01,6.276138258285748e-01
2.182436487297459e+00,6.278009567117799e-01,6.278009567117799e-01
2.184436887377475e+00,6.279878320779055e-01,6.279878320779055e-01
2.186437287457491e+00,6.281744524608250e-01,6.281744524608250e-01
2.188437687537507e+00,6.283608183907738e-01,6.283608183907738e-01
2.190438087617523e+00,6.285469303998064e-01,6.285469303998064e-01
2.192438487697539e+00,6.287327890163390e-01,6.287327890163390e-01
2.194438887777555e+00,6.289183947669692e-01,6.289183947669692e-01
2.196439287857571e+00,6.291037481792039e-01,6.291037481792039e-01
2.198439687937587e+00,6.292888497769120e-01,6.292888497769120e-01
2.200440088017603e+00,6.294737000830530e-01,6.294737000830530e-01
2.202440488097619e+00,6.296582996205864e-01,6.296582996205864e-01
2.204440888177635e+00,6.298426489088336e-01,6.298426489088336e-01
2.206441288257651e+00,6.300267484671160e-01,6.300267484671160e-01
2.208441688337667e+00,6.302105988138458e-01,6.302105988138458e-01
2.210442088417683e+00,6.303942004647063e-01,6.303942004647063e-01
2.212442488497699e+00,6.305775539353811e-01,6.305775539353811e-01
2.214442888577715e+00,6.307606597397346e-01,6.307606597397346e-01
2.216443288657731e+00,6.309435183889029e-01,6.309435183889029e-01
2.218443688737747e+00,6.311261303940221e-01,6.311261303940221e-01
2.220444088817763e+00,6.313084962644091e-01,6.313084962644091e-01
2.222444488897779e+00,6.314906165093810e-01,6.314906165093810e-01
2.224444888977795e+00,6.316724916355263e-01,6.316724916355263e-01
2.226445289057811e+00,6.318541221476146e-01,6.318541221476146e-01
2.228445689137827e+00,6.320355085495060e-01,6.320355085495060e-01
2.230446089217843e+00,6.322166513450604e-01,6.322166513450604e-01
2.232446489297859e+00,6.323975510354096e-01,6.323975510354096e-01
2.234446889377876e+00,6.325782081207756e-01,6.325782081207756e-01
2.236447289457892e+00,6.327586231004709e-01,6.327586231004709e-01
2.238447689537908e+00,6.329387964701703e-01,6.329387964701703e-01
2.240448089617924e+00,6.331187287282767e-01,6.331187287282767e-01
2.242448489697940e+00,6.332984203677363e-01,6.332984203677363e-01
2.244448889777956e+00,6.334778718842238e-01,6.334778718842238e-01
2.246449289857972e+00,6.336570837679567e-01,6.336570837679567e-01
2.248449689937988e+00,6.338360565118812e-01,6.338360565118812e-01
2.250450090018004e+00,6.340147906043960e-01,6.340147906043960e-01
2.252450490098020e+00,6.341932865338997e-01,6.341932865338997e-01
2.254450890178036e+00,6.343715447878815e-01,6.343715447878815e-01
2.256451290258052e+00,6.345495658520115e-01,6.345495658520115e-01
2.258451690338068e+00,6.347273502110504e-01,6.347273502110504e-01
2.260452090418084e+00,6.349048983488494e-01,6.349048983488494e-01
2.262452490498100e+00,6.350822107465313e-01,6.350822107465313e-01
2.264452890578116e+00,6.352592878843091e-01,6.352592878843091e-01
2.266453290658132e+00,6.354361302433056e-01,6.354361302433056e-01
2.268453690738148e+00,6.356127383000960e-01,6.356127383000960e-01
2.270454090818164e+00,6.357891125321651e-01,6.357891125321651e-01
2.272454490898180e+00,6.359652534160880e-01,6.359652534160880e-01
2.274454890978196e+00,6.361411614257115e-01,6.361411614257115e-01
2.276455291058212e+00,6.363168370339729e-01,6.363168370339729e-01
2.278455691138228e+00,6.364922807128999e-01,6.364922807128999e-01
2.280456091218244e+00,6.366674929336107e-01,6.366674929336107e-01
2.282456491298260e+00,6.368424741663141e-01,6.368424741663141e-01
2.284456891378276e+00,6.370172248775809e-01,6.370172248775809e-01
2.286457291458292e+00,6.371917455348914e-01,6.371917455348914e-01
2.288457691538308e+00,6.373660366048164e-01,6.373660366048164e-01
2.290458091618324e+00,6.375400985521076e-01,6.375400985521076e-01
2.292458491698340e+00,6.377139318396978e-01,6.377139318396978e-01
2.294458891778356e+00,6.378875369296104e-01,6.378875369296104e-01
2.296459291858372e+00,6.380609142829592e-01,6.380609142829592e-01
2.298459691938388e+00,6.382340643590390e-01,6.382340643590390e-01
2.300460092018404e+00,6.384069876180540e-01,6.384069876180540e-01
2.302460492098420e+00,6.385796845156613e-01,6.385796845156613e-01
2.304460892178436e+00,6.387521555093365e-01,6.387521555093365e-01
2.306461292258452e+00,6.389244010529176e-01,6.389244010529176e-01
2.308461692338468e+00,6.390964216011519e-01,6.390964216011519e-01
2.310462092418484e+00,6.392682176060582e-01,6.392682176060582e-01
2.312462492498500e+00,6.394397895196555e-01,6.394397895196555e-01
2.314462892578516e+00,6.396111377912341e-01,6.396111377912341e-01
2.316463292658532e+00,6.397822628709939e-01,6.397822628709939e-01
2.318463692738548e+00,6.399531652073158e-01,6.399531652073158e-01
2.320464092818564e+00,6.401238452449427e-01,6.401238452449427e-01
2.322464492898580e+00,6.402943034322555e-01,6.402943034322555e-01
2.324464892978596e+00,6.404645402112685e-01,6.404645402112685e-01
2.326465293058612e+00,6.406345560267248e-01,6.406345560267248e-01
2.328465693138628e+00,6.408043513197292e-01,6.408043513197292e-01
2.330466093218644e+00,6.409739265332057e-01,6.409739265332057e-01
2.332466493298660e+00,6.411432821046212e-01,6.411432821046212e-01
2.334466893378676e+00,6.413124184741712e-01,6.413124184741712e-01
2.336467293458692e+00,6.414813360802321e-01,6.414813360802321e-01
2.338467693538708e+00,6.416500353575423e-01,6.416500353575423e-01
2.340468093618724e+00,6.418185167417498e-01,6.418185167417498e-01
2.342468493698740e+00,6.419867806685027e-01,6.419867806685027e-01
2.344468893778756e+00,6.421548275689013e-01,6.421548275689013e-01
2.346469293858772e+00,6.423226578767747e-01,6.423226578767747e-01
2.348469693938788e+00,6.424902720223138e-01,6.424902720223138e-01
2.350470094018804e+00,6.426576704348002e-01,6.426576704348002e-01
2.352470494098820e+00,6.428248535435153e-01,6.428248535435153e-01
2.354470894178836e+00,6.429918217759216e-01,6.429918217759216e-01
2.356471294258852e+00,6.431585755585723e-01,6.431585755585723e-01
2.358471694338868e+00,6.433251153162012e-01,6.433251153162012e-01
2.360472094418884e+00,6.434914414735424e-01,6.434914414735424e-01
2.362472494498900e+00,6.436575544544205e-01,6.436575544544205e-01
2.364472894578916e+00,6.438234546790220e-01,6.438234546790220e-01
2.366473294658932e+00,6.439891425702620e-01,6.439891425702620e-01
2.368473694738948e+00,6.441546185474174e-01,6.441546185474174e-01
2.370474094818964e+00,6.443198830297654e-01,6.443198830297654e-01
2.372474494898980e+00,6.444849364338545e-01,6.444849364338545e-01
2.374474894978996e+00,6.446497791771428e-01,6.446497791771428e-01
2.376475295059012e+00,6.448144116752694e-01,6.448144116752694e-01
2.378475695139028e+00,6.449788343429639e-01,6.449788343429639e-01
2.380476095219044e+00,6.451430475940463e-01,6.451430475940463e-01
2.382476495299060e+00,6.453070518396082e-01,6.453070518396082e-01
2.384476895379076e+00,6.454708474925603e-01,6.454708474925603e-01
2.386477295459092e+00,6.456344349621752e-01,6.456344349621752e-01
2.388477695539108e+00,6.457978146586349e-01,6.457978146586349e-01
2.390478095619124e+00,6.459609869893932e-01,6.459609869893932e-01
2.392478495699140e+00,6.461239523619036e-01,6.461239523619036e-01
2.394478895779156e+00,6.462867111827102e-01,6.462867111827102e-01
2.396479295859172e+00,6.464492638556287e-01,6.464492638556287e-01
2.398479695939188e+00,6.466116107872033e-01,6.466116107872033e-01
2.400480096019204e+00,6.467737523776116e-01,6.467737523776116e-01
2.402480496099220e+00,6.469356890315787e-01,6.469356890315787e-01
2.404480896179236e+00,6.470974211483729e-01,6.470974211483729e-01
2.406481296259252e+00,6.472589491281717e-01,6.472589491281717e-01
2.408481696339268e+00,6.474202733711529e-01,6.474202733711529e-01
2.410482096419284e+00,6.475813942738562e-01,6.475813942738562e-01
2.412482496499300e+00,6.477423122337307e-01,6.477423122337307e-01
2.414482896579316e+00,6.479030276473161e-01,6.479030276473161e-01
2.416483296659332e+00,6.480635409084237e-01,6.480635409084237e-01
2.418483696739348e+00,6.482238524117740e-01,6.482238524117740e-01
2.420484096819364e+00,6.483839625493595e-01,6.483839625493595e-01
2.422484496899380e+00,6.485438717149912e-01,6.485438717149912e-01
2.424484896979396e+00,6.487035802979328e-01,6.487035802979328e-01
2.426485297059412e+00,6.488630886892672e-01,6.488630886892672e-01
2.428485697139428e+00,6.490223972764391e-01,6.490223972764391e-01
2.430486097219444e+00,6.491815064487121e-01,6.491815064487121e-01
2.432486497299460e+00,6.493404165935310e-01,6.493404165935310e-01
2.434486897379476e+00,6.494991280956122e-01,6.494991280956122e-01
2.436487297459492e+00,6.496576413405812e-01,6.496576413405812e-01
2.438487697539508e+00,6.498159567122450e-01,6.498159567122450e-01
2.440488097619524e+00,6.499740745944103e-01,6.499740745944103e-01
2.442488497699540e+00,6.501319953681552e-01,6.501319953681552e-01
2.444488897779556e+00,6.502897194154678e-01,6.502897194154678e-01
2.446489297859572e+00,6.504472471165166e-01,6.504472471165166e-01
2.448489697939588e+00,6.506045788505610e-01,6.506045788505610e-01
2.450490098019604e+00,6.507617149959508e-01,6.507617149959508e-01
2.452490498099620e+00,6.509186559292168e-01,6.509186559292168e-01
2.454490898179636e+00,6.510754020277993e-01,6.510754020277993e-01
2.456491298259652e+00,6.512319536664102e-01,6.512319536664102e-01
2.458491698339668e+00,6.513883112206706e-01,6.513883112206706e-01
2.460492098419684e+00,6.515444750625641e-01,6.515444750625641e-01
2.462492498499700e+00,6.517004455658928e-01,6.517004455658928e-01
2.464492898579716e+00,6.518562231017306e-01,6.518562231017306e-01
2.466493298659732e+00,6.520118080411514e-01,6.520118080411514e-01
2.468493698739748e+00,6.521672007543196e-01,6.521672007543196e-01
2.470494098819764e+00,6.523224016086708e-01,6.523224016086708e-01
2.472494498899780e+00,6.524774109743696e-01,6.524774109743696e-01
2.474494898979796e+00,6.526322292170328e-01,6.526322292170328e-01
2.476495299059812e+00,6.527868567031867e-01,6.527868567031867e-01
2.478495699139828e+00,6.529412937975387e-01,6.529412937975387e-01
2.480496099219844e+00,6.530955408657058e-01,6.530955408657058e-01
2.482496499299860e+00,6.532495982696667e-01,6.532495982696667e-01
2.484496899379876e+00,6.534034663732193e-01,6.534034663732193e-01
2.486497299459892e+00,6.535571455365237e-01,6.535571455365237e-01
2.488497699539908e+00,6.537106361206491e-01,6.537106361206491e-01
2.490498099619924e+00,6.538639384866649e-01,6.538639384866649e-01
2.492498499699940e+00,6.540170529920026e-01,6.540170529920026e-01
2.494498899779956e+00,6.541699799950031e-01,6.541699799950031e-01
2.496499299859972e+00,6.543227198530979e-01,6.543227198530979e-01
2.498499699939988e+00,6.544752729228087e-01,6.544752729228087e-01
2.500500100020004e+00,6.546276395588386e-01,6.546276395588386e-01
2.502500500100020e+00,6.547798201149810e-01,6.547798201149810e-01
2.504500900180036e+00,6.549318149468484e-01,6.549318149468484e-01
2.506501300260052e+00,6.550836244045961e-01,6.550836244045961e-01
2.508501700340068e+00,6.552352488420177e-01,6.552352488420177e-01
2.510502100420084e+00,6.553866886092685e-01,6.553866886092685e-01
2.512502500500100e+00,6.555379440565041e-01,6.555379440565041e-01
2.514502900580116e+00,6.556890155329704e-01,6.556890155329704e-01
2.516503300660132e+00,6.558399033870039e-01,6.558399033870039e-01
2.518503700740148e+00,6.559906079660316e-01,6.559906079660316e-01
2.520504100820164e+00,6.561411296165709e-01,6.561411296165709e-01
2.522504500900180e+00,6.562914686842298e-01,6.562914686842298e-01
2.524504900980196e+00,6.564416255137069e-01,6.564416255137069e-01
2.526505301060212e+00,6.565916004497006e-01,6.565916004497006e-01
2.528505701140228e+00,6.567413938350903e-01,6.567413938350903e-01
2.530506101220244e+00,6.568910060127557e-01,6.568910060127557e-01
2.532506501300260e+00,6.570404373228478e-01,6.570404373228478e-01
2.534506901380276e+00,6.571896881073365e-01,6.571896881073365e-01
2.536507301460292e+00,6.573387587054633e-01,6.573387587054633e-01
2.538507701540308e+00,6.574876494564699e-01,6.574876494564699e-01
2.540508101620324e+00,6.576363606977786e-01,6.576363606977786e-01
2.542508501700340e+00,6.577848927677217e-01,6.577848927677217e-01
2.544508901780356e+00,6.579332460028120e-01,6.579332460028120e-01
2.546509301860372e+00,6.580814207368342e-01,6.580814207368342e-01
2.548509701940388e+00,6.582294173072107e-01,6.582294173072107e-01
2.550510102020404e+00,6.583772360459073e-01,6.583772360459073e-01
2.552510502100420e+00,6.585248772867083e-01,6.585248772867083e-01
2.554510902180436e+00,6.586723413624889e-01,6.586723413624889e-01
2.556511302260452e+00,6.588196286043051e-01,6.588196286043051e-01
2.558511702340468e+00,6.589667393432130e-01,6.589667393432130e-01
2.560512102420484e+00,6.591136739084498e-01,6.591136739084498e-01
2.562512502500500e+00,6.592604326292524e-01,6.592604326292524e-01
2.564512902580516e+00,6.594070158348579e-01,6.594070158348579e-01
2.566513302660532e+00,6.595534238526846e-01,6.595534238526846e-01
2.568513702740548e+00,6.596996570083313e-01,6.596996570083313e-01
2.570514102820564e+00,6.598457156273974e-01,6.598457156273974e-01
2.572514502900580e+00,6.599916000373007e-01,6.599916000373007e-01
2.574514902980596e+00,6.601373105600026e-01,6.601373105600026e-01
2.576515303060612e+00,6.602828475201925e-01,6.602828475201925e-01
2.578515703140628e+00,6.604282112398316e-01,6.604282112398316e-01
2.580516103220644e+00,6.605734020417906e-01,6.605734020417906e-01
2.582516503300660e+00,6.607184202471210e-01,6.607184202471210e-01
2.584516903380676e+00,6.608632661750555e-01,6.608632661750555e-01
2.586517303460692e+00,6.610079401457363e-01,6.610079401457363e-01
2.588517703540708e+00,6.611524424793054e-01,6.611524424793054e-01
2.590518103620724e+00,6.612967734913575e-01,6.612967734913575e-01
2.592518503700740e+00,6.614409335011253e-01,6.614409335011253e-01
2.594518903780756e+00,6.615849228242034e-01,6.615849228242034e-01
2.596519303860772e+00,6.617287417770961e-01,6.617287417770961e-01
2.598519703940788e+00,6.618723906735788e-01,6.618723906735788e-01
2.600520104020804e+00,6.620158698283369e-01,6.620158698283369e-01
2.602520504100820e+00,6.621591795551460e-01,6.621591795551460e-01
2.604520904180836e+00,6.623023201659628e-01,6.623023201659628e-01
2.606521304260852e+00,6.624452919736534e-01,6.624452919736534e-01
2.608521704340868e+00,6.625880952883556e-01,6.625880952883556e-01
2.610522104420884e+00,6.627307304211165e-01,6.627307304211165e-01
2.612522504500900e+00,6.628731976811644e-01,6.628731976811644e-01
2.614522904580916e+00,6.630154973777274e-01,6.630154973777274e-01
2.616523304660932e+00,6.631576298191242e-01,6.631576298191242e-01
2.618523704740948e+00,6.632995953118546e-01,6.632995953118546e-01
2.620524104820964e+00,6.634413941633277e-01,6.634413941633277e-01
2.622524504900980e+00,6.635830266800433e-01,6.635830266800433e-01
2.624524904980996e+00,6.637244931657726e-01,6.637244931657726e-01
2.626525305061012e+00,6.638657939251964e-01,6.638657939251964e-01
2.628525705141028e+00,6.640069292629953e-01,6.640069292629953e-01
2.630526105221044e+00,6.641478994811216e-01,6.641478994811216e-01
2.632526505301060e+00,6.642887048824371e-01,6.642887048824371e-01
2.634526905381076e+00,6.644293457679844e-01,6.644293457679844e-01
2.636527305461092e+00,6.645698224388064e-01,6.645698224388064e-01
2.638527705541108e+00,6.647101351950362e-01,6.647101351950362e-01
2.640528105621124e+00,6.648502843358977e-01,6.648502843358977e-01
2.642528505701140e+00,6.649902701597050e-01,6.649902701597050e-01
2.644528905781156e+00,6.651300929656820e-01,6.651300929656820e-01
2.646529305861172e+00,6.652697530494145e-01,6.652697530494145e-01
2.648529705941188e+00,6.654092507083071e-01,6.654092507083071e-01
2.650530106021204e+00,6.655485862370363e-01,6.655485862370363e-01
2.652530506101220e+00,6.656877599320972e-01,6.656877599320972e-01
2.654530906181236e+00,6.658267720872566e-01,6.658267720872566e-01
2.656531306261252e+00,6.659656229953719e-01,6.659656229953719e-01
2.658531706341268e+00,6.661043129502098e-01,6.661043129502098e-01
2.660532106421284e+00,6.662428422446276e-01,6.662428422446276e-01
2.662532506501300e+00,6.663812111687542e-01,6.663812111687542e-01
2.664532906581316e+00,6.665194200136277e-01,6.665194200136277e-01
2.666533306661332e+00,6.666574690702867e-01,6.666574690702867e-01
2.668533706741348e+00,6.667953586279503e-01,6.667953586279503e-01
2.670534106821364e+00,6.669330889749283e-01,6.669330889749283e-01
2.672534506901380e+00,6.670706603995307e-01,6.670706603995307e-01
2.674534906981396e+00,6.672080731891576e-01,6.672080731891576e-01
2.676535307061412e+00,6.673453276303001e-01,6.673453276303001e-01
2.678535707141428e+00,6.674824240085393e-01,6.674824240085393e-01
2.680536107221444e+00,6.676193626103661e-01,6.676193626103661e-01
2.682536507301460e+00,6.677561437195429e-01,6.677561437195429e-01
2.684536907381476e+00,6.678927676207416e-01,6.678927676207416e-01
2.686537307461492e+00,6.680292345968148e-01,6.680292345968148e-01
2.688537707541508e+00,6.681655449306156e-01,6.681655449306156e-01
2.690538107621524e+00,6.683016989031778e-01,6.683016989031778e-01
2.692538507701540e+00,6.684376967973542e-01,6.684376967973542e-01
2.694538907781556e+00,6.685735388923597e-01,6.685735388923597e-01
2.696539307861572e+00,6.687092254692282e-01,6.687092254692282e-01
2.698539707941588e+00,6.688447568062650e-01,6.688447568062650e-01
2.700540108021604e+00,6.689801331826850e-01,6.689801331826850e-01
2.702540508101620e+00,6.691153548758841e-01,6.691153548758841e-01
2.704540908181636e+00,6.692504221641677e-01,6.692504221641677e-01
2.706541308261652e+00,6.693853353240222e-01,6.693853353240222e-01
2.708541708341668e+00,6.695200946301150e-01,6.695200946301150e-01
2.710542108421684e+00,6.696547003589324e-01,6.696547003589324e-01
2.712542508501700e+00,6.697891527851418e-01,6.697891527851418e-01
2.714542908581716e+00,6.699234521834108e-01,6.699234521834108e-01
2.716543308661732e+00,6.700575988247686e-01,6.700575988247686e-01
2.718543708741748e+00,6.701915929847921e-01,6.701915929847921e-01
2.720544108821764e+00,6.703254349336014e-01,6.703254349336014e-01
2.722544508901780e+00,6.704591249440448e-01,6.704591249440448e-01
2.724544908981796e+00,6.705926632853327e-01,6.705926632853327e-01
2.726545309061812e+00,6.707260502294041e-01,6.707260502294041e-01
2.728545709141828e+00,6.708592860445599e-01,6.708592860445599e-01
2.730546109221844e+00,6.709923710000105e-01,6.709923710000105e-01
2.732546509301860e+00,6.711253053649664e-01,6.711253053649664e-01
2.734546909381876e+00,6.712580894059095e-01,6.712580894059095e-01
2.736547309461892e+00,6.713907233902312e-01,6.713907233902312e-01
2.738547709541908e+00,6.715232075844135e-01,6.715232075844135e-01
2.740548109621924e+00,6.716555422540289e-01,6.716555422540289e-01
2.742548509701940e+00,6.717877276637403e-01,6.717877276637403e-01
2.744548909781956e+00,6.719197640800296e-01,6.719197640800296e-01
2.746549309861972e+00,6.720516517648314e-01,6.720516517648314e-01
2.748549709941988e+00,6.721833909818991e-01,6.721833909818991e-01
2.750550110022004e+00,6.723149819940766e-01,6.723149819940766e-01
2.752550510102020e+00,6.724464250642079e-01,6.724464250642079e-01
2.754550910182036e+00,6.725777204524086e-01,6.725777204524086e-01
2.756551310262052e+00,6.727088684197036e-01,6.727088684197036e-01
2.758551710342068e+00,6.728398692271178e-01,6.728398692271178e-01
2.760552110422084e+00,6.729707231338573e-01,6.729707231338573e-01
2.762552510502100e+00,6.731014303991281e-01,6.731014303991281e-01
2.764552910582116e+00,6.732319912812266e-01,6.732319912812266e-01
2.766553310662133e+00,6.733624060375398e-01,6.733624060375398e-01
2.768553710742149e+00,6.734926749254548e-01,6.734926749254548e-01
2.770554110822165e+00,6.736227982014491e-01,6.736227982014491e-01
2.772554510902181e+00,6.737527761229096e-01,6.737527761229096e-01
2.774554910982197e+00,6.738826089426759e-01,6.738826089426759e-01
2.776555311062213e+00,6.740122969181350e-01,6.740122969181350e-01
2.778555711142229e+00,6.741418403021264e-01,6.741418403021264e-01
2.780556111222245e+00,6.742712393483992e-01,6.742712393483992e-01
2.782556511302261e+00,6.744004943097928e-01,6.744004943097928e-01
2.784556911382277e+00,6.745296054400562e-01,6.745296054400562e-01
2.786557311462293e+00,6.746585729893007e-01,6.746585729893007e-01
2.788557711542309e+00,6.747873972103655e-01,6.747873972103655e-01
2.790558111622325e+00,6.749160783524524e-01,6.749160783524524e-01
2.792558511702341e+00,6.750446166665818e-01,6.750446166665818e-01
2.794558911782357e+00,6.751730124028648e-01,6.751730124028648e-01
2.796559311862373e+00,6.753012658086839e-01,6.753012658086839e-01
2.798559711942389e+00,6.754293771341502e-01,6.754293771341502e-01
2.800560112022405e+00,6.755573466257367e-01,6.755573466257367e-01
2.802560512102421e+00,6.756851745308261e-01,6.756851745308261e-01
2.804560912182437e+00,6.758128610968008e-01,6.758128610968008e-01
2.806561312262453e+00,6.759404065692245e-01,6.759404065692245e-01
2.808561712342469e+00,6.760678111945702e-01,6.760678111945702e-01
2.810562112422485e+00,6.761950752165824e-01,6.761950752165824e-01
2.812562512502501e+00,6.763221988799153e-01,6.763221988799153e-01
2.814562912582517e+00,6.764491824283134e-01,6.764491824283134e-01
2.816563312662533e+00,6.765760261064309e-01,6.765760261064309e-01
2.818563712742549e+00,6.767027301552837e-01,6.767027301552837e-01
2.820564112822565e+00,6.768292948177070e-01,6.768292948177070e-01
2.822564512902581e+00,6.769557203356265e-01,6.769557203356265e-01
2.824564912982597e+00,6.770820069491486e-01,6.770820069491486e-01
2.826565313062613e+00,6.772081548992894e-01,6.772081548992894e-01
2.828565713142629e+00,6.773341644261557e-01,6.773341644261557e-01
2.830566113222645e+00,6.774600357698539e-01,6.774600357698539e-01
2.832566513302661e+00,6.775857691677623e-01,6.775857691677623e-01
2.834566913382677e+00,6.777113648581683e-01,6.777113648581683e-01
2.836567313462693e+00,6.778368230802692e-01,6.778368230802692e-01
2.838567713542709e+00,6.779621440705335e-01,6.779621440705335e-01
2.840568113622725e+00,6.780873280654298e-01,6.780873280654298e-01
2.842568513702741e+00,6.782123753005174e-01,6.782123753005174e-01
2.844568913782757e+00,6.783372860122647e-01,6.783372860122647e-01
2.846569313862772e+00,6.784620604362310e-01,6.784620604362310e-01
2.848569713942788e+00,6.785866988052469e-01,6.785866988052469e-01
2.850570114022804e+00,6.787112013548715e-01,6.787112013548715e-01
2.852570514102820e+00,6.788355683179355e-01,6.788355683179355e-01
2.854570914182836e+00,6.789597999263599e-01,6.789597999263599e-01
2.856571314262852e+00,6.790838964138850e-01,6.790838964138850e-01
2.858571714342868e+00,6.792078580124319e-01,6.792078580124319e-01
2.860572114422884e+00,6.793316849521027e-01,6.793316849521027e-01
2.862572514502900e+00,6.794553774648187e-01,6.794553774648187e-01
2.864572914582916e+00,6.795789357797724e-01,6.795789357797724e-01
2.866573314662932e+00,6.797023601279755e-01,6.797023601279755e-01
2.868573714742948e+00,6.798256507368017e-01,6.798256507368017e-01
2.870574114822964e+00,6.799488078372626e-01,6.799488078372626e-01
2.872574514902980e+00,6.800718316558225e-01,6.800718316558225e-01
2.874574914982996e+00,6.801947224207645e-01,6.801947224207645e-01
2.876575315063012e+00,6.803174803585528e-01,6.803174803585528e-01
2.878575715143028e+00,6.804401056965610e-01,6.804401056965610e-01
2.880576115223044e+00,6.805625986612533e-01,6.805625986612533e-01
2.882576515303060e+00,6.806849594772750e-01,6.806849594772750e-01
2.884576915383076e+00,6.808071883701807e-01,6.808071883701807e-01
2.886577315463092e+00,6.809292855646156e-01,6.809292855646156e-01
2.888577715543108e+00,6.810512512843154e-01,6.810512512843154e-01
2.890578115623124e+00,6.811730857530158e-01,6.811730857530158e-01
2.892578515703141e+00,6.812947891935430e-01,6.812947891935430e-01
2.894578915783157e+00,6.814163618287232e-01,6.814163618287232e-01
2.896579315863173e+00,6.815378038804731e-01,6.815378038804731e-01
2.898579715943189e+00,6.816591155707095e-01,6.816591155707095e-01
2.900580116023205e+00,6.817802971195299e-01,6.817802971195299e-01
2.902580516103221e+00,6.819013487488512e-01,6.819013487488512e-01
2.904580916183237e+00,6.820222706778616e-01,6.820222706778616e-01
2.906581316263253e+00,6.821430631266587e-01,6.821430631266587e-01
2.908581716343269e+00,6.822637263126119e-01,6.822637263126119e-01
2.910582116423285e+00,6.823842604567283e-01,6.823842604567283e-01
2.912582516503301e+00,6.825046657754676e-01,6.825046657754676e-01
2.914582916583317e+00,6.826249424871087e-01,6.826249424871087e-01
2.916583316663333e+00,6.827450908081112e-01,6.827450908081112e-01
2.918583716743349e+00,6.828651109558443e-01,6.828651109558443e-01
2.920584116823365e+00,6.829850031458584e-01,6.829850031458584e-01
2.922584516903381e+00,6.831047675937036e-01,6.831047675937036e-01
2.924584916983397e+00,6.832244045158398e-01,6.832244045158398e-01
2.926585317063413e+00,6.833439141250885e-01,6.833439141250885e-01
2.928585717143429e+00,6.834632966360907e-01,6.834632966360907e-01
2.930586117223445e+00,6.835825522634871e-01,6.835825522634871e-01
2.932586517303461e+00,6.837016812200993e-01,6.837016812200993e-01
2.934586917383477e+00,6.838206837187493e-01,6.838206837187493e-01
2.936587317463493e+00,6.839395599704396e-01,6.839395599704396e-01
2.938587717543509e+00,6.840583101889017e-01,6.840583101889017e-01
2.940588117623525e+00,6.841769345842288e-01,6.841769345842288e-01
2.942588517703541e+00,6.842954333683331e-01,6.842954333683331e-01
2.944588917783557e+00,6.844138067503984e-01,6.844138067503984e-01
2.946589317863573e+00,6.845320549405181e-01,6.845320549405181e-01
2.948589717943589e+00,6.846501781487853e-01,6.846501781487853e-01
2.950590118023605e+00,6.847681765843838e-01,6.847681765843838e-01
2.952590518103621e+00,6.848860504546785e-01,6.848860504546785e-01
2.954590918183637e+00,6.850037999679437e-01,6.850037999679437e-01
2.956591318263653e+00,6.851214253333631e-01,6.851214253333631e-01
2.958591718343669e+00,6.852389267564825e-01,6.852389267564825e-01
2.960592118423685e+00,6.853563044437572e-01,6.853563044437572e-01
2.962592518503701e+00,6.854735586025520e-01,6.854735586025520e-01
2.964592918583717e+00,6.855906894384127e-01,6.855906894384127e-01
2.966593318663733e+00,6.857076971559757e-01,6.857076971559757e-01
2.968593718743749e+00,6.858245819607867e-01,6.858245819607867e-01
2.970594118823765e+00,6.859413440565725e-01,6.859413440565725e-01
2.972594518903781e+00,6.860579836479694e-01,6.860579836479694e-01
2.974594918983797e+00,6.861745009368854e-01,6.861745009368854e-01
2.976595319063813e+00,6.862908961288661e-01,6.862908961288661e-01
2.978595719143829e+00,6.864071694249099e-01,6.864071694249099e-01
2.980596119223845e+00,6.865233210269246e-01,6.865233210269246e-01
2.982596519303861e+00,6.866393511368181e-01,6.866393511368181e-01
2.984596919383877e+00,6.867552599564981e-01,6.867552599564981e-01
2.986597319463893e+00,6.868710476860536e-01,6.868710476860536e-01
2.988597719543909e+00,6.869867145264827e-01,6.869867145264827e-01
2.990598119623925e+00,6.871022606778745e-01,6.871022606778745e-01
2.992598519703941e+00,6.872176863384987e-01,6.872176863384987e-01
2.994598919783957e+00,6.873329917075346e-01,6.873329917075346e-01
2.996599319863973e+00,6.874481769850711e-01,6.874481769850711e-01
2.998599719943989e+00,6.875632423675591e-01,6.875632423675591e-01
3.000600120024005e+00,6.876781880532683e-01,6.876781880532683e-01
3.002600520104021e+00,6.877930142404687e-01,6.877930142404687e-01
3.004600920184037e+00,6.879077211247016e-01,6.879077211247016e-01
3.006601320264053e+00,6.880223089033273e-01,6.880223089033273e-01
3.008601720344069e+00,6.881367777709777e-01,6.881367777709777e-01
3.010602120424085e+00,6.882511279250132e-01,6.882511279250132e-01
3.012602520504101e+00,6.883653595591561e-01,6.883653595591561e-01
3.014602920584117e+00,6.884794728680383e-01,6.884794728680383e-01
3.016603320664133e+00,6.885934680472012e-01,6.885934680472012e-01
3.018603720744149e+00,6.887073452894577e-01,6.887073452894577e-01
3.020604120824165e+00,6.888211047894395e-01,6.888211047894395e-01
3.022604520904181e+00,6.889347467381406e-01,6.889347467381406e-01
3.024604920984197e+00,6.890482713292834e-01,6.890482713292834e-01
3.026605321064213e+00,6.891616787556807e-01,6.891616787556807e-01
3.028605721144229e+00,6.892749692074169e-01,6.892749692074169e-01
3.030606121224245e+00,6.893881428773050e-01,6.893881428773050e-01
3.032606521304261e+00,6.895011999563387e-01,6.895011999563387e-01
3.034606921384277e+00,6.896141406336931e-01,6.896141406336931e-01
3.036607321464293e+00,6.897269650994524e-01,6.897269650994524e-01
3.038607721544309e+00,6.898396735446106e-01,6.898396735446106e-01
3.040608121624325e+00,6.899522661574331e-01,6.899522661574331e-01
3.042608521704341e+00,6.900647431270948e-01,6.900647431270948e-01
3.044608921784357e+00,6.901771046418610e-01,6.901771046418610e-01
3.046609321864373e+00,6.902893508899972e-01,6.902893508899972e-01
3.048609721944389e+00,6.904014820588593e-01,6.904014820588593e-01
3.050610122024405e+00,6.905134983348937e-01,6.905134983348937e-01
3.052610522104421e+00,6.906253999063658e-01,6.906253999063658e-01
3.054610922184437e+00,6.907371869588126e-01,6.907371869588126e-01
3.056611322264453e+00,6.908488596786804e-01,6.908488596786804e-01
3.058611722344469e+00,6.909604182505966e-01,6.909604182505966e-01
3.060612122424485e+00,6.910718628600983e-01,6.910718628600983e-01
3.062612522504501e+00,6.911831936927222e-01,6.911831936927222e-01
3.064612922584517e+00,6.912944109321864e-01,6.912944109321864e-01
3.066613322664533e+00,6.914055147622087e-01,6.914055147622087e-01
3.068613722744549e+00,6.915165053665071e-01,6.915165053665071e-01
3.070614122824565e+00,6.916273829287996e-01,6.916273829287996e-01
3.072614522904581e+00,6.917381476309850e-01,6.917381476309850e-01
3.074614922984597e+00,6.918487996567813e-01,6.918487996567813e-01
3.076615323064613e+00,6.919593391862684e-01,6.919593391862684e-01
3.078615723144629e+00,6.920697664022548e-01,6.920697664022548e-01
3.080616123224645e+00,6.921800814866395e-01,6.921800814866395e-01
3.082616523304661e+00,6.922902846185928e-01,6.922902846185928e-01
3.084616923384677e+00,6.924003759791042e-01,6.924003759791042e-01
3.086617323464693e+00,6.925103557482537e-01,6.925103557482537e-01
3.088617723544709e+00,6.926202241061212e-01,6.926202241061212e-01
3.090618123624725e+00,6.927299812318772e-01,6.927299812318772e-01
3.092618523704741e+00,6.928396273037827e-01,6.928396273037827e-01
3.094618923784757e+00,6.929491625010080e-01,6.929491625010080e-01
3.096619323864773e+00,6.930585870009047e-01,6.930585870009047e-01
3.098619723944789e+00,6.931679009817338e-01,6.931679009817338e-01
3.100620124024805e+00,6.932771046199371e-01,6.932771046199371e-01
3.102620524104821e+00,6.933861980937757e-01,6.933861980937757e-01
3.104620924184837e+00,6.934951815796915e-01,6.934951815796915e-01
3.106621324264853e+00,6.936040552532170e-01,6.936040552532170e-01
3.108621724344869e+00,6.937128192898847e-01,6.937128192898847e-01
3.110622124424885e+00,6.938214738661366e-01,6.938214738661366e-01
3.112622524504901e+00,6.939300191565956e-01,6.939300191565956e-01
3.114622924584917e+00,6.940384553358847e-01,6.940384553358847e-01
3.116623324664933e+00,6.941467825777174e-01,6.941467825777174e-01
3.118623724744949e+00,6.942550010576263e-01,6.942550010576263e-01
3.120624124824965e+00,6.943631109475057e-01,6.943631109475057e-01
3.122624524904981e+00,6.944711124210692e-01,6.944711124210692e-01
3.124624924984997e+00,6.945790056520302e-01,6.945790056520302e-01
3.126625325065013e+00,6.946867908113739e-01,6.946867908113739e-01
3.128625725145029e+00,6.947944680728135e-01,6.947944680728135e-01
3.130626125225045e+00,6.949020376064248e-01,6.949020376064248e-01
3.132626525305061e+00,6.950094995850116e-01,6.950094995850116e-01
3.134626925385077e+00,6.951168541786494e-01,6.951168541786494e-01
3.136627325465093e+00,6.952241015583234e-01,6.952241015583234e-01
3.138627725545109e+00,6.953312418941089e-01,6.953312418941089e-01
3.140628125625125e+00,6.954382753560815e-01,6.954382753560815e-01
3.142628525705141e+00,6.955452021134072e-01,6.955452021134072e-01
3.144628925785157e+00,6.956520223361615e-01,6.956520223361615e-01
3.146629325865173e+00,6.957587361926010e-01,6.957587361926010e-01
3.148629725945189e+00,6.958653438509821e-01,6.958653438509821e-01
3.150630126025205e+00,6.959718454795614e-01,6.959718454795614e-01
3.152630526105221e+00,6.960782412456858e-01,6.960782412456858e-01
3.154630926185237e+00,6.961845313185215e-01,6.961845313185215e-01
3.156631326265253e+00,6.962907158626870e-01,6.962907158626870e-01
3.158631726345269e+00,6.963967950464387e-01,6.963967950464387e-01
3.160632126425285e+00,6.965027690353047e-01,6.965027690353047e-01
3.162632526505301e+00,6.966086379957226e-01,6.966086379957226e-01
3.164632926585317e+00,6.967144020941298e-01,6.967144020941298e-01
3.166633326665333e+00,6.968200614942355e-01,6.968200614942355e-01
3.168633726745349e+00,6.969256163615676e-01,6.969256163615676e-01
3.170634126825365e+00,6.970310668607447e-01,6.970310668607447e-01
3.172634526905381e+00,6.971364131563853e-01,6.971364131563853e-01
3.174634926985397e+00,6.972416554112890e-01,6.972416554112890e-01
3.176635327065413e+00,6.973467937909839e-01,6.973467937909839e-01
3.178635727145429e+00,6.974518284564504e-01,6.974518284564504e-01
3.180636127225445e+00,6.975567595723071e-01,6.975567595723071e-01
3.182636527305461e+00,6.976615872995346e-01,6.976615872995346e-01
3.184636927385477e+00,6.977663118018420e-01,6.977663118018420e-01
3.186637327465493e+00,6.978709332402098e-01,6.978709332402098e-01
3.188637727545509e+00,6.979754517756185e-01,6.979754517756185e-01
3.190638127625525e+00,6.980798675699582e-01,6.980798675699582e-01
3.192638527705541e+00,6.981841807842095e-01,6.981841807842095e-01
3.194638927785557e+00,6.982883915784435e-01,6.982883915784435e-01
3.196639327865573e+00,6.983925001127311e-01,6.983925001127311e-01
3.198639727945589e+00,6.984965065480531e-01,6.984965065480531e-01
3.200640128025605e+00,6.986004110417519e-01,6.986004110417519e-01
3.202640528105621e+00,6.987042137538986e-01,6.987042137538986e-01
3.204640928185637e+00,6.988079148445643e-01,6.988079148445643e-01
3.206641328265653e+00,6.989115144701821e-01,6.989115144701821e-01
3.208641728345669e+00,6.990150127908230e-01,6.990150127908230e-01
3.210642128425685e+00,6.991184099620107e-01,6.991184099620107e-01
3.212642528505701e+00,6.992217061438162e-01,6.992217061438162e-01
3.214642928585717e+00,6.993249014908536e-01,6.993249014908536e-01
3.216643328665733e+00,6.994279961622845e-01,6.994279961622845e-01
3.218643728745749e+00,6.995309903127229e-01,6.995309903127229e-01
3.220644128825765e+00,6.996338840995115e-01,6.996338840995115e-01
3.222644528905781e+00,6.997366776781739e-01,6.997366776781739e-01
3.224644928985797e+00,6.998393712042337e-01,6.998393712042337e-01
3.226645329065813e+00,6.999419648323049e-01,6.999419648323049e-01
3.228645729145829e+00,7.000444587179111e-01,7.000444587179111e-01
3.230646129225845e+00,7.001468530156665e-01,7.001468530156665e-01
3.232646529305861e+00,7.002491478792756e-01,7.002491478792756e-01
3.234646929385877e+00,7.003513434633526e-01,7.003513434633526e-01
3.236647329465893e+00,7.004534399206925e-01,7.004534399206925e-01
3.238647729545909e+00,7.005554374050000e-01,7.005554374050000e-01
3.240648129625925e+00,7.006573360690702e-01,7.006573360690702e-01
3.242648529705941e+00,7.007591360656982e-01,7.007591360656982e-01
3.244648929785957e+00,7.008608375476790e-01,7.008608375476790e-01
3.246649329865973e+00,7.009624406659889e-01,7.009624406659889e-01
3.248649729945989e+00,7.010639455725134e-01,7.010639455725134e-01
3.250650130026005e+00,7.011653524191381e-01,7.011653524191381e-01
3.252650530106021e+00,7.012666613559297e-01,7.012666613559297e-01
3.254650930186037e+00,7.013678725356833e-01,7.013678725356833e-01
3.256651330266053e+00,7.014689861066465e-01,7.014689861066465e-01
3.258651730346069e+00,7.015700022197955e-01,7.015700022197955e-01
3.260652130426085e+00,7.016709210251968e-01,7.016709210251968e-01
3.262652530506101e+00,7.017717426720076e-01,7.017717426720076e-01
3.264652930586117e+00,7.018724673093850e-01,7.018724673093850e-01
3.266653330666133e+00,7.019730950864862e-01,7.019730950864862e-01
3.268653730746149e+00,7.020736261515588e-01,7.020736261515588e-01
3.270654130826165e+00,7.021740606528504e-01,7.021740606528504e-01
3.272654530906181e+00,7.022743987395181e-01,7.022743987395181e-01
3.274654930986197e+00,7.023746405570812e-01,7.023746405570812e-01
3.276655331066213e+00,7.024747862546967e-01,7.024747862546967e-01
3.278655731146229e+00,7.025748359787933e-01,7.025748359787933e-01
3.280656131226245e+00,7.026747898757997e-01,7.026747898757997e-01
3.282656531306261e+00,7.027746480930539e-01,7.027746480930539e-01
3.284656931386277e+00,7.028744107751657e-01,7.028744107751657e-01
3.286657331466293e+00,7.029740780694731e-01,7.029740780694731e-01
3.288657731546309e+00,7.030736501205859e-01,7.030736501205859e-01
3.290658131626325e+00,7.031731270749326e-01,7.031731270749326e-01
3.292658531706341e+00,7.032725090762135e-01,7.032725090762135e-01
3.294658931786357e+00,7.033717962699477e-01,7.033717962699477e-01
3.296659331866373e+00,7.034709887998354e-01,7.034709887998354e-01
3.298659731946390e+00,7.035700868095767e-01,7.035700868095767e-01
3.300660132026405e+00,7.036690904446907e-01,7.036690904446907e-01
3.302660532106421e+00,7.037679998470587e-01,7.037679998470587e-01
3.304660932186437e+00,7.038668151603809e-01,7.038668151603809e-01
3.306661332266453e+00,7.039655365274478e-01,7.039655365274478e-01
3.308661732346469e+00,7.040641640901406e-01,7.040641640901406e-01
3.310662132426485e+00,7.041626979930691e-01,7.041626979930691e-01
3.312662532506501e+00,7.042611383753858e-01,7.042611383753858e-01
3.314662932586517e+00,7.043594853807911e-01,7.043594853807911e-01
3.316663332666533e+00,7.044577391502564e-01,7.044577391502564e-01
3.318663732746549e+00,7.045558998247536e-01,7.045558998247536e-01
3.320664132826565e+00,7.046539675452543e-01,7.046539675452543e-01
3.322664532906581e+00,7.047519424518207e-01,7.047519424518207e-01
3.324664932986597e+00,7.048498246854245e-01,7.048498246854245e-01
3.326665333066613e+00,7.049476143861277e-01,7.049476143861277e-01
3.328665733146629e+00,7.050453116921738e-01,7.050453116921738e-01
3.330666133226645e+00,7.051429167454437e-01,7.051429167454437e-01
3.332666533306661e+00,7.052404296832713e-01,7.052404296832713e-01
3.334666933386677e+00,7.053378506448091e-01,7.053378506448091e-01
3.336667333466693e+00,7.054351797692100e-01,7.054351797692100e-01
3.338667733546709e+00,7.055324171947170e-01,7.055324171947170e-01
3.340668133626725e+00,7.056295630586640e-01,7.056295630586640e-01
3.342668533706741e+00,7.057266175002035e-01,7.057266175002035e-01
3.344668933786757e+00,7.058235806548503e-01,7.058235806548503e-01
3.346669333866773e+00,7.059204526608476e-01,7.059204526608476e-01
3.348669733946789e+00,7.060172336555290e-01,7.060172336555290e-01
3.350670134026805e+00,7.061139237744094e-01,7.061139237744094e-01
3.352670534106821e+00,7.062105231557319e-01,7.062105231557319e-01
3.354670934186837e+00,7.063070319331921e-01,7.063070319331921e-01
3.356671334266853e+00,7.064034502441239e-01,7.064034502441239e-01
3.358671734346869e+00,7.064997782240419e-01,7.064997782240419e-01
3.360672134426885e+00,7.065960160075513e-01,7.065960160075513e-01
3.362672534506901e+00,7.066921637292574e-01,7.066921637292574e-01
3.364672934586917e+00,7.067882215255843e-01,7.067882215255843e-01
3.366673334666933e+00,7.068841895293183e-01,7.068841895293183e-01
3.368673734746949e+00,7.069800678759741e-01,7.069800678759741e-01
3.370674134826965e+00,7.070758566983379e-01,7.070758566983379e-01
3.372674534906981e+00,7.071715561310150e-01,7.071715561310150e-01
3.374674934986997e+00,7.072671663058820e-01,7.072671663058820e-01
3.376675335067013e+00,7.073626873584538e-01,7.073626873584538e-01
3.378675735147029e+00,7.074581194187879e-01,7.074581194187879e-01
3.380676135227045e+00,7.075534626214897e-01,7.075534626214897e-01
3.382676535307061e+00,7.076487170975263e-01,7.076487170975263e-01
3.384676935387077e+00,7.077438829796840e-01,7.077438829796840e-01
3.386677335467093e+00,7.078389603998396e-01,7.078389603998396e-01
3.388677735547109e+00,7.079339494898698e-01,7.079339494898698e-01
3.390678135627125e+00,7.080288503798322e-01,7.080288503798322e-01
3.392678535707141e+00,7.081236632006942e-01,7.081236632006942e-01
3.394678935787157e+00,7.082183880843325e-01,7.082183880843325e-01
3.396679335867173e+00,7.083130251608047e-01,7.083130251608047e-01
3.398679735947189e+00,7.084075745601688e-01,7.084075745601688e-01
3.400680136027205e+00,7.085020364124823e-01,7.085020364124823e-01
3.402680536107221e+00,7.085964108468936e-01,7.085964108468936e-01
3.404680936187237e+00,7.086906979934604e-01,7.086906979934604e-01
3.406681336267253e+00,7.087848979804214e-01,7.087848979804214e-01
3.408681736347269e+00,7.088790109378345e-01,7.088790109378345e-01
3.410682136427285e+00,7.089730369939382e-01,7.089730369939382e-01
3.412682536507301e+00,7.090669762769715e-01,7.090669762769715e-01
3.414682936587317e+00,7.091608289151730e-01,7.091608289151730e-01
3.416683336667333e+00,7.092545950358720e-01,7.092545950358720e-01
3.418683736747349e+00,7.093482747682167e-01,7.093482747682167e-01
3.420684136827365e+00,7.094418682377175e-01,7.094418682377175e-01
3.422684536907382e+00,7.095353755726130e-01,7.095353755726130e-01
3.424684936987398e+00,7.096287968993231e-01,7.096287968993231e-01
3.426685337067414e+00,7.097221323451770e-01,7.097221323451770e-01
3.428685737147430e+00,7.098153820356849e-01,7.098153820356849e-01
3.430686137227446e+00,7.099085460972667e-01,7.099085460972667e-01
3.432686537307462e+00,7.100016246554326e-01,7.100016246554326e-01
3.434686937387478e+00,7.100946178366023e-01,7.100946178366023e-01
3.436687337467494e+00,7.101875257653767e-01,7.101875257653767e-01
3.438687737547510e+00,7.102803485672660e-01,7.102803485672660e-01
3.440688137627526e+00,7.103730863677804e-01,7.103730863677804e-01
3.442688537707542e+00,7.104657392897018e-01,7.104657392897018e-01
3.444688937787558e+00,7.105583074585404e-01,7.105583074585404e-01
3.446689337867574e+00,7.106507909988971e-01,7.106507909988971e-01
3.448689737947590e+00,7.107431900344630e-01,7.107431900344630e-01
3.450690138027606e+00,7.108355046880199e-01,7.108355046880199e-01
3.452690538107622e+00,7.109277350832592e-01,7.109277350832592e-01
3.454690938187638e+00,7.110198813438722e-01,7.110198813438722e-01
3.456691338267654e+00,7.111119435926405e-01,7.111119435926405e-01
3.458691738347670e+00,7.112039219514366e-01,7.112039219514366e-01
3.460692138427686e+00,7.112958165439516e-01,7.112958165439516e-01
3.462692538507702e+00,7.113876274920579e-01,7.113876274920579e-01
3.464692938587718e+00,7.114793549167182e-01,7.114793549167182e-01
3.466693338667734e+00,7.115709989398049e-01,7.115709989398049e-01
3.468693738747750e+00,7.116625596840997e-01,7.116625596840997e-01
3.470694138827766e+00,7.117540372696560e-01,7.117540372696560e-01
3.472694538907782e+00,7.118454318183460e-01,7.118454318183460e-01
3.474694938987798e+00,7.119367434493136e-01,7.119367434493136e-01
3.476695339067814e+00,7.120279722844309e-01,7.120279722844309e-01
3.478695739147830e+00,7.121191184446609e-01,7.121191184446609e-01
3.480696139227846e+00,7.122101820482378e-01,7.122101820482378e-01
3.482696539307862e+00,7.123011632152150e-01,7.123011632152150e-01
3.484696939387878e+00,7.123920620665551e-01,7.123920620665551e-01
3.486697339467894e+00,7.124828787204927e-01,7.124828787204927e-01
3.488697739547910e+00,7.125736132961713e-01,7.125736132961713e-01
3.490698139627926e+00,7.126642659127349e-01,7.126642659127349e-01
3.492698539707942e+00,7.127548366893273e-01,7.127548366893273e-01
3.494698939787958e+00,7.128453257432732e-01,7.128453257432732e-01
3.496699339867974e+00,7.129357331937165e-01,7.129357331937165e-01
3.498699739947990e+00,7.130260591570725e-01,7.130260591570725e-01
3.500700140028006e+00,7.131163037533945e-01,7.131163037533945e-01
3.502700540108022e+00,7.132064670981884e-01,7.132064670981884e-01
3.504700940188038e+00,7.132965493096883e-01,7.132965493096883e-01
3.506701340268054e+00,7.133865505043098e-01,7.133865505043098e-01
3.508701740348070e+00,7.134764707993775e-01,7.134764707993775e-01
3.510702140428086e+00,7.135663103122163e-01,7.135663103122163e-01
3.512702540508102e+00,7.136560691574225e-01,7.136560691574225e-01
3.514702940588118e+00,7.137457474514115e-01,7.137457474514115e-01
3.516703340668134e+00,7.138353453115081e-01,7.138353453115081e-01
3.518703740748150e+00,7.139248628513990e-01,7.139248628513990e-01
3.520704140828166e+00,7.140143001884092e-01,7.140143001884092e-01
3.522704540908182e+00,7.141036574371349e-01,7.141036574371349e-01
3.524704940988198e+00,7.141929347121725e-01,7.141929347121725e-01
3.526705341068214e+00,7.142821321281183e-01,7.142821321281183e-01
3.528705741148229e+00,7.143712498004782e-01,7.143712498004782e-01
3.530706141228245e+00,7.144602878420294e-01,7.144602878420294e-01
3.532706541308261e+00,7.145492463691874e-01,7.145492463691874e-01
3.534706941388277e+00,7.146381254929104e-01,7.146381254929104e-01
3.536707341468293e+00,7.147269253296138e-01,7.147269253296138e-01
3.538707741548309e+00,7.148156459911654e-01,7.148156459911654e-01
3.540708141628325e+00,7.149042875912521e-01,7.149042875912521e-01
3.542708541708341e+00,7.149928502435607e-01,7.149928502435607e-01
3.544708941788357e+00,7.150813340590496e-01,7.150813340590496e-01
3.546709341868373e+00,7.151697391523151e-01,7.151697391523151e-01
3.548709741948390e+00,7.152580656343155e-01,7.152580656343155e-01
3.550710142028406e+00,7.153463136178282e-01,7.153463136178282e-01
3.552710542108422e+00,7.154344832138115e-01,7.154344832138115e-01
3.554710942188438e+00,7.155225745359524e-01,7.155225745359524e-01
3.556711342268454e+00,7.156105876933900e-01,7.156105876933900e-01
3.558711742348470e+00,7.156985227998114e-01,7.156985227998114e-01
3.560712142428486e+00,7.157863799643558e-01,7.157863799643558e-01
3.562712542508502e+00,7.158741592988911e-01,7.158741592988911e-01
3.564712942588518e+00,7.159618609134661e-01,7.159618609134661e-01
3.566713342668534e+00,7.160494849181298e-01,7.160494849181298e-01
3.568713742748550e+00,7.161370314247499e-01,7.161370314247499e-01
3.570714142828566e+00,7.162245005415564e-01,7.162245005415564e-01
3.572714542908582e+00,7.163118923795075e-01,7.163118923795075e-01
3.574714942988598e+00,7.163992070477427e-01,7.163992070477427e-01
3.576715343068614e+00,7.164864446554013e-01,7.164864446554013e-01
3.578715743148630e+00,7.165736053116227e-01,7.165736053116227e-01
3.580716143228646e+00,7.166606891255463e-01,7.166606891255463e-01
3.582716543308662e+00,7.167476962063113e-01,7.167476962063113e-01
3.584716943388678e+00,7.168346266621477e-01,7.168346266621477e-01
3.586717343468694e+00,7.169214806012854e-01,7.169214806012854e-01
3.588717743548710e+00,7.170082581319541e-01,7.170082581319541e-01
3.590718143628726e+00,7.170949593614744e-01,7.170949593614744e-01
3.592718543708742e+00,7.171815843989855e-01,7.171815843989855e-01
3.594718943788758e+00,7.172681333499888e-01,7.172681333499888e-01
3.596719343868774e+00,7.173546063236238e-01,7.173546063236238e-01
3.598719743948790e+00,7.174410034263012e-01,7.174410034263012e-01
3.600720144028806e+00,7.175273247644320e-01,7.175273247644320e-01
3.602720544108822e+00,7.176135704453366e-01,7.176135704453366e-01
3.604720944188838e+00,7.176997405745162e-01,7.176997405745162e-01
3.606721344268854e+00,7.177858352602009e-01,7.177858352602009e-01
3.608721744348870e+00,7.178718546060729e-01,7.178718546060729e-01
3.610722144428886e+00,7.179577987194528e-01,7.179577987194528e-01
3.612722544508902e+00,7.180436677067512e-01,7.180436677067512e-01
3.614722944588918e+00,7.181294616707412e-01,7.181294616707412e-01
3.616723344668934e+00,7.182151807196526e-01,7.182151807196526e-01
3.618723744748950e+00,7.183008249571678e-01,7.183008249571678e-01
3.620724144828966e+00,7.183863944878788e-01,7.183863944878788e-01
3.622724544908982e+00,7.184718894163773e-01,7.184718894163773e-01
3.624724944988998e+00,7.185573098481648e-01,7.185573098481648e-01
3.626725345069014e+00,7.186426558869237e-01,7.186426558869237e-01
3.628725745149030e+00,7.187279276363363e-01,7.187279276363363e-01
3.630726145229046e+00,7.188131252009946e-01,7.188131252009946e-01
3.632726545309062e+00,7.188982486845810e-01,7.188982486845810e-01
3.634726945389078e+00,7.189832981898683e-01,7.189832981898683e-01
3.636727345469094e+00,7.190682738205390e-01,7.190682738205390e-01
3.638727745549110e+00,7.191531756802754e-01,7.191531756802754e-01
3.640728145629126e+00,7.192380038709409e-01,7.192380038709409e-01
3.642728545709142e+00,7.193227584962181e-01,7.193227584962181e-01
3.644728945789158e+00,7.194074396570607e-01,7.194074396570607e-01
3.646729345869174e+00,7.194920474580606e-01,7.194920474580606e-01
3.648729745949190e+00,7.195765819992623e-01,7.195765819992623e-01
3.650730146029206e+00,7.196610433834387e-01,7.196610433834387e-01
3.652730546109222e+00,7.197454317133627e-01,7.197454317133627e-01
3.654730946189238e+00,7.198297470890787e-01,7.198297470890787e-01
3.656731346269254e+00,7.199139896115405e-01,7.199139896115405e-01
3.658731746349270e+00,7.199981593835212e-01,7.199981593835212e-01
3.660732146429286e+00,7.200822565059746e-01,7.200822565059746e-01
3.662732546509302e+00,7.201662810780356e-01,7.201662810780356e-01
3.664732946589318e+00,7.202502332024772e-01,7.202502332024772e-01
3.666733346669334e+00,7.203341129775247e-01,7.203341129775247e-01
3.668733746749350e+00,7.204179205041321e-01,7.204179205041321e-01
3.670734146829366e+00,7.205016558832533e-01,7.205016558832533e-01
3.672734546909382e+00,7.205853192140232e-01,7.205853192140232e-01
3.674734946989398e+00,7.206689105964863e-01,7.206689105964863e-01
3.676735347069414e+00,7.207524301297774e-01,7.207524301297774e-01
3.678735747149430e+00,7.208358779121220e-01,7.208358779121220e-01
3.680736147229446e+00,7.209192540444740e-01,7.209192540444740e-01
3.682736547309462e+00,7.210025586250588e-01,7.210025586250588e-01
3.684736947389478e+00,7.210857917530114e-01,7.210857917530114e-01
3.686737347469494e+00,7.211689535256476e-01,7.211689535256476e-01
3.688737747549510e+00,7.212520440421024e-01,7.212520440421024e-01
3.690738147629526e+00,7.213350634006013e-01,7.213350634006013e-01
3.692738547709542e+00,7.214180116993696e-01,7.214180116993696e-01
3.694738947789558e+00,7.215008890357233e-01,7.215008890357233e-01
3.696739347869574e+00,7.215836955078878e-01,7.215836955078878e-01
3.698739747949590e+00,7.216664312122696e-01,7.216664312122696e-01
3.700740148029606e+00,7.217490962470940e-01,7.217490962470940e-01
3.702740548109622e+00,7.218316907096771e-01,7.218316907096771e-01
3.704740948189638e+00,7.219142146955158e-01,7.219142146955158e-01
3.706741348269654e+00,7.219966683028354e-01,7.219966683028354e-01
3.708741748349670e+00,7.220790516271329e-01,7.220790516271329e-01
3.710742148429686e+00,7.221613647657243e-01,7.221613647657243e-01
3.712742548509702e+00,7.222436078141066e-01,7.222436078141066e-01
3.714742948589718e+00,7.223257808677765e-01,7.223257808677765e-01
3.716743348669734e+00,7.224078840240502e-01,7.224078840240502e-01
3.718743748749750e+00,7.224899173775150e-01,7.224899173775150e-01
3.720744148829766e+00,7.225718810236679e-01,7.225718810236679e-01
3.722744548909782e+00,7.226537750580058e-01,7.226537750580058e-01
3.724744948989798e+00,7.227355995760256e-01,7.227355995760256e-01
3.726745349069814e+00,7.228173546723149e-01,7.228173546723149e-01
3.728745749149830e+00,7.228990404414610e-01,7.228990404414610e-01
3.730746149229846e+00,7.229806569780515e-01,7.229806569780515e-01
3.732746549309862e+00,7.230622043766737e-01,7.230622043766737e-01
3.734746949389878e+00,7.231436827319151e-01,7.231436827319151e-01
3.736747349469894e+00,7.232250921383632e-01,7.232250921383632e-01
3.738747749549910e+00,7.233064326878769e-01,7.233064326878769e-01
3.740748149629926e+00,7.233877044759531e-01,7.233877044759531e-01
3.742748549709942e+00,7.234689075953604e-01,7.234689075953604e-01
3.744748949789958e+00,7.235500421397767e-01,7.235500421397767e-01
3.746749349869974e+00,7.236311082019704e-01,7.236311082019704e-01
3.748749749949990e+00,7.237121058756195e-01,7.237121058756195e-01
3.750750150030006e+00,7.237930352534925e-01,7.237930352534925e-01
3.752750550110022e+00,7.238738964283578e-01,7.238738964283578e-01
3.754750950190038e+00,7.239546894920743e-01,7.239546894920743e-01
3.756751350270054e+00,7.240354145374106e-01,7.240354145374106e-01
3.758751750350070e+00,7.241160716562256e-01,7.241160716562256e-01
3.760752150430086e+00,7.241966609412878e-01,7.241966609412878e-01
3.762752550510102e+00,7.242771824835466e-01,7.242771824835466e-01
3.764752950590118e+00,7.243576363757704e-01,7.243576363757704e-01
3.766753350670134e+00,7.244380227079994e-01,7.244380227079994e-01
3.768753750750150e+00,7.245183415730019e-01,7.245183415730019e-01
3.770754150830166e+00,7.245985930608179e-01,7.245985930608179e-01
3.772754550910182e+00,7.246787772633063e-01,7.246787772633063e-01
3.774754950990198e+00,7.247588942705072e-01,7.247588942705072e-01
3.776755351070214e+00,7.248389441742795e-01,7.248389441742795e-01
3.778755751150230e+00,7.249189270637537e-01,7.249189270637537e-01
3.780756151230246e+00,7.249988430307888e-01,7.249988430307888e-01
3.782756551310262e+00,7.250786921636057e-01,7.250786921636057e-01
3.784756951390278e+00,7.251584745540633e-01,7.251584745540633e-01
3.786757351470294e+00,7.252381902912923e-01,7.252381902912923e-01
3.788757751550310e+00,7.253178394644231e-01,7.253178394644231e-01
3.790758151630326e+00,7.253974221634956e-01,7.253974221634956e-01
3.792758551710342e+00,7.254769384776403e-01,7.254769384776403e-01
3.794758951790358e+00,7.255563884968972e-01,7.255563884968972e-01
3.796759351870374e+00,7.256357723094873e-01,7.256357723094873e-01
3.798759751950390e+00,7.257150900036315e-01,7.257150900036315e-01
3.800760152030406e+00,7.257943416693700e-01,7.257943416693700e-01
3.802760552110422e+00,7.258735273949235e-01,7.258735273949235e-01
3.804760952190438e+00,7.259526472685132e-01,7.259526472685132e-01
3.806761352270454e+00,7.260317013774504e-01,7.260317013774504e-01
3.808761752350470e+00,7.261106898117753e-01,7.261106898117753e-01
3.810762152430486e+00,7.261896126569802e-01,7.261896126569802e-01
3.812762552510502e+00,7.262684700031052e-01,7.262684700031052e-01
3.814762952590518e+00,7.263472619365523e-01,7.263472619365523e-01
3.816763352670534e+00,7.264259885446329e-01,7.264259885446329e-01
3.818763752750550e+00,7.265046499146586e-01,7.265046499146586e-01
3.820764152830566e+00,7.265832461339408e-01,7.265832461339408e-01
3.822764552910582e+00,7.266617772897910e-01,7.266617772897910e-01
3.824764952990598e+00,7.267402434686112e-01,7.267402434686112e-01
3.826765353070614e+00,7.268186447577130e-01,7.268186447577130e-01
3.828765753150630e+00,7.268969812416792e-01,7.268969812416792e-01
3.830766153230646e+00,7.269752530087310e-01,7.269752530087310e-01
3.832766553310662e+00,7.270534601443608e-01,7.270534601443608e-01
3.834766953390678e+00,7.271316027349706e-01,7.271316027349706e-01
3.836767353470694e+00,7.272096808651434e-01,7.272096808651434e-01
3.838767753550710e+00,7.272876946221907e-01,7.272876946221907e-01
3.840768153630726e+00,7.273656440906955e-01,7.273656440906955e-01
3.842768553710742e+00,7.274435293561503e-01,7.274435293561503e-01
3.844768953790758e+00,7.275213505040476e-01,7.275213505040476e-01
3.846769353870774e+00,7.275991076198800e-01,7.275991076198800e-01
3.848769753950790e+00,7.276768007873209e-01,7.276768007873209e-01
3.850770154030806e+00,7.277544300918628e-01,7.277544300918628e-01
3.852770554110822e+00,7.278319956180888e-01,7.278319956180888e-01
3.854770954190838e+00,7.279094974514912e-01,7.279094974514912e-01
3.856771354270854e+00,7.279869356739248e-01,7.279869356739248e-01
3.858771754350870e+00,7.280643103717914e-01,7.280643103717914e-01
3.860772154430886e+00,7.281416216287646e-01,7.281416216287646e-01
3.862772554510902e+00,7.282188695276084e-01,7.282188695276084e-01
3.864772954590918e+00,7.282960541538153e-01,7.282960541538153e-01
3.866773354670934e+00,7.283731755883303e-01,7.283731755883303e-01
3.868773754750950e+00,7.284502339175554e-01,7.284502339175554e-01
3.870774154830966e+00,7.285272292224356e-01,7.285272292224356e-01
3.872774554910982e+00,7.286041615866445e-01,7.286041615866445e-01
3.874774954990998e+00,7.286810310938556e-01,7.286810310938556e-01
3.876775355071014e+00,7.287578378268329e-01,7.287578378268329e-01
3.878775755151030e+00,7.288345818674309e-01,7.288345818674309e-01
3.880776155231046e+00,7.289112632993231e-01,7.289112632993231e-01
3.882776555311062e+00,7.289878822034546e-01,7.289878822034546e-01
3.884776955391078e+00,7.290644386634988e-01,7.290644386634988e-01
3.886777355471094e+00,7.291409327604008e-01,7.291409327604008e-01
3.888777755551110e+00,7.292173645760152e-01,7.292173645760152e-01
3.890778155631126e+00,7.292937341931058e-01,7.292937341931058e-01
3.892778555711142e+00,7.293700416935274e-01,7.293700416935274e-01
3.894778955791158e+00,7.294462871573153e-01,7.294462871573153e-01
3.896779355871174e+00,7.295224706672336e-01,7.295224706672336e-01
3.898779755951190e+00,7.295985923033179e-01,7.295985923033179e-01
3.900780156031206e+00,7.296746521465132e-01,7.296746521465132e-01
3.902780556111222e+00,7.297506502795834e-01,7.297506502795834e-01
3.904780956191238e+00,7.298265867816547e-01,7.298265867816547e-01
3.906781356271254e+00,7.299024617336720e-01,7.299024617336720e-01
3.908781756351270e+00,7.299782752165804e-01,7.299782752165804e-01
3.910782156431286e+00,7.300540273104155e-01,7.300540273104155e-01
3.912782556511302e+00,7.301297180952127e-01,7.301297180952127e-01
3.914782956591318e+00,7.302053476510075e-01,7.302053476510075e-01
3.916783356671334e+00,7.302809160578356e-01,7.302809160578356e-01
3.918783756751350e+00,7.303564233957325e-01,7.303564233957325e-01
3.920784156831366e+00,7.304318697447336e-01,7.304318697447336e-01
3.922784556911382e+00,7.305072551830556e-01,7.305072551830556e-01
3.924784956991398e+00,7.305825797907339e-01,7.305825797907339e-01
3.926785357071414e+00,7.306578436468947e-01,7.306578436468947e-01
3.928785757151430e+00,7.307330468306639e-01,7.307330468306639e-01
3.930786157231446e+00,7.308081894211675e-01,7.308081894211675e-01
3.932786557311462e+00,7.308832714966222e-01,7.308832714966222e-01
3.934786957391478e+00,7.309582931361540e-01,7.309582931361540e-01
3.936787357471494e+00,7.310332544188889e-01,7.310332544188889e-01
3.938787757551510e+00,7.311081554221339e-01,7.311081554221339e-01
3.940788157631526e+00,7.311829962241057e-01,7.311829962241057e-01
3.942788557711542e+00,7.312577769039301e-01,7.312577769039301e-01
3.944788957791558e+00,7.313324975380049e-01,7.313324975380049e-01
3.946789357871574e+00,7.314071582054560e-01,7.314071582054560e-01
3.948789757951590e+00,7.314817589835905e-01,7.314817589835905e-01
3.950790158031606e+00,7.315562999506249e-01,7.315562999506249e-01
3.952790558111622e+00,7.316307811820473e-01,7.316307811820473e-01
3.954790958191639e+00,7.317052027569837e-01,7.317052027569837e-01
3.956791358271655e+00,7.317795647527412e-01,7.317795647527412e-01
3.958791758351671e+00,7.318538672448078e-01,7.318538672448078e-01
3.960792158431687e+00,7.319281103104907e-01,7.319281103104907e-01
3.962792558511703e+00,7.320022940270967e-01,7.320022940270967e-01
3.964792958591719e+00,7.320764184710236e-01,7.320764184710236e-01
3.966793358671735e+00,7.321504837186688e-01,7.321504837186688e-01
3.968793758751751e+00,7.322244898464298e-01,7.322244898464298e-01
3.970794158831767e+00,7.322984369297949e-01,7.322984369297949e-01
3.972794558911783e+00,7.323723250460710e-01,7.323723250460710e-01
3.974794958991799e+00,7.324461542707461e-01,7.324461542707461e-01
3.976795359071815e+00,7.325199246793084e-01,7.325199246793084e-01
3.978795759151831e+00,7.325936363472458e-01,7.325936363472458e-01
3.980796159231847e+00,7.326672893509560e-01,7.326672893509560e-01
3.982796559311863e+00,7.327408837641081e-01,7.327408837641081e-01
3.984796959391878e+00,7.328144196640090e-01,7.328144196640090e-01
3.986797359471894e+00,7.328878971252373e-01,7.328878971252373e-01
3.988797759551910e+00,7.329613162223716e-01,7.329613162223716e-01
3.990798159631926e+00,7.330346770299905e-01,7.330346770299905e-01
3.992798559711942e+00,7.331079796235820e-01,7.331079796235820e-01
3.994798959791958e+00,7.331812240768152e-01,7.331812240768152e-01
3.996799359871974e+00,7.332544104651781e-01,7.332544104651781e-01
3.998799759951990e+00,7.333275388632494e-01,7.333275388632494e-01
4.000800160032006e+00,7.334006093437886e-01,7.334006093437886e-01
4.002800560112022e+00,7.334736219822837e-01,7.334736219822837e-01
4.004800960192038e+00,7.335465768514944e-01,7.335465768514944e-01
4.006801360272054e+00,7.336194740259991e-01,7.336194740259991e-01
4.008801760352070e+00,7.336923135803766e-01,7.336923135803766e-01
4.010802160432086e+00,7.337650955864767e-01,7.337650955864767e-01
4.012802560512102e+00,7.338378201179687e-01,7.338378201179687e-01
4.014802960592118e+00,7.339104872494311e-01,7.339104872494311e-01
4.016803360672134e+00,7.339830970536234e-01,7.339830970536234e-01
4.018803760752150e+00,7.340556496033053e-01,7.340556496033053e-01
4.020804160832166e+00,7.341281449712362e-01,7.341281449712362e-01
4.022804560912182e+00,7.342005832301759e-01,7.342005832301759e-01
4.024804960992198e+00,7.342729644537933e-01,7.342729644537933e-01
4.026805361072214e+00,7.343452887130291e-01,7.343452887130291e-01
4.028805761152230e+00,7.344175560815522e-01,7.344175560815522e-01
4.030806161232246e+00,7.344897666321224e-01,7.344897666321224e-01
4.032806561312262e+00,7.345619204356801e-01,7.345619204356801e-01
4.034806961392278e+00,7.346340175640755e-01,7.346340175640755e-01
4.036807361472294e+00,7.347060580909777e-01,7.347060580909777e-01
4.038807761552310e+00,7.347780420873271e-01,7.347780420873271e-01
4.040808161632326e+00,7.348499696240645e-01,7.348499696240645e-01
4.042808561712342e+00,7.349218407730398e-01,7.349218407730398e-01
4.044808961792358e+00,7.349936556070127e-01,7.349936556070127e-01
4.046809361872374e+00,7.350654141960142e-01,7.350654141960142e-01
4.048809761952390e+00,7.351371166109850e-01,7.351371166109850e-01
4.050810162032406e+00,7.352087629237751e-01,7.352087629237751e-01
4.052810562112422e+00,7.352803532053251e-01,7.352803532053251e-01
4.054810962192438e+00,7.353518875265757e-01,7.353518875265757e-01
4.056811362272454e+00,7.354233659575578e-01,7.354233659575578e-01
4.058811762352470e+00,7.354947885692120e-01,7.354947885692120e-01
4.060812162432486e+00,7.355661554315696e-01,7.355661554315696e-01
4.062812562512502e+00,7.356374666164804e-01,7.356374666164804e-01
4.064812962592518e+00,7.357087221921568e-01,7.357087221921568e-01
4.066813362672534e+00,7.357799222304486e-01,7.357799222304486e-01
4.068813762752550e+00,7.358510667995681e-01,7.358510667995681e-01
4.070814162832566e+00,7.359221559713653e-01,7.359221559713653e-01
4.072814562912582e+00,7.359931898140524e-01,7.359931898140524e-01
4.074814962992598e+00,7.360641683976603e-01,7.360641683976603e-01
4.076815363072614e+00,7.361350917922203e-01,7.361350917922203e-01
4.078815763152631e+00,7.362059600659443e-01,7.362059600659443e-01
4.080816163232647e+00,7.362767732897730e-01,7.362767732897730e-01
4.082816563312663e+00,7.363475315310091e-01,7.363475315310091e-01
4.084816963392679e+00,7.364182348605930e-01,7.364182348605930e-01
4.086817363472695e+00,7.364888833458274e-01,7.364888833458274e-01
4.088817763552711e+00,7.365594770558339e-01,7.365594770558339e-01
4.090818163632727e+00,7.366300160606436e-01,7.366300160606436e-01
4.092818563712743e+00,7.367005004266496e-01,7.367005004266496e-01
4.094818963792759e+00,7.367709302238830e-01,7.367709302238830e-01
4.096819363872775e+00,7.368413055205558e-01,7.368413055205558e-01
4.098819763952791e+00,7.369116263839708e-01,7.369116263839708e-01
4.100820164032807e+00,7.369818928823400e-01,7.369818928823400e-01
4.102820564112823e+00,7.370521050847849e-01,7.370521050847849e-01
4.104820964192839e+00,7.371222630586083e-01,7.371222630586083e-01
4.106821364272855e+00,7.371923668702032e-01,7.371923668702032e-01
4.108821764352871e+00,7.372624165896007e-01,7.372624165896007e-01
4.110822164432887e+00,7.373324122822844e-01,7.373324122822844e-01
4.112822564512903e+00,7.374023540173760e-01,7.374023540173760e-01
4.114822964592919e+00,7.374722418603590e-01,7.374722418603590e-01
4.116823364672935e+00,7.375420758794455e-01,7.375420758794455e-01
4.118823764752951e+00,7.376118561419382e-01,7.376118561419382e-01
4.120824164832967e+00,7.376815827142302e-01,7.376815827142302e-01
4.122824564912983e+00,7.377512556627146e-01,7.377512556627146e-01
4.124824964992999e+00,7.378208750546940e-01,7.378208750546940e-01
4.126825365073015e+00,7.378904409574709e-01,7.378904409574709e-01
4.128825765153031e+00,7.379599534365291e-01,7.379599534365291e-01
4.130826165233047e+00,7.380294125582616e-01,7.380294125582616e-01
4.132826565313063e+00,7.380988183899710e-01,7.380988183899710e-01
4.134826965393079e+00,7.381681709962316e-01,7.381681709962316e-01
4.136827365473095e+00,7.382374704443457e-01,7.382374704443457e-01
4.138827765553111e+00,7.383067167997972e-01,7.383067167997972e-01
4.140828165633127e+00,7.383759101280696e-01,7.383759101280696e-01
4.142828565713143e+00,7.384450504955560e-01,7.384450504955560e-01
4.144828965793159e+00,7.385141379677400e-01,7.385141379677400e-01
4.146829365873175e+00,7.385831726091958e-01,7.385831726091958e-01
4.148829765953191e+00,7.386521544863165e-01,7.386521544863165e-01
4.150830166033207e+00,7.387210836636762e-01,7.387210836636762e-01
4.152830566113223e+00,7.387899602076680e-01,7.387899602076680e-01
4.154830966193239e+00,7.388587841819565e-01,7.388587841819565e-01
4.156831366273255e+00,7.389275556511159e-01,7.389275556511159e-01
4.158831766353271e+00,7.389962746815393e-01,7.389962746815393e-01
4.160832166433287e+00,7.390649413378008e-01,7.390649413378008e-01
4.162832566513303e+00,7.391335556835650e-01,7.391335556835650e-01
4.164832966593319e+00,7.392021177834061e-01,7.392021177834061e-01
4.166833366673335e+00,7.392706277018981e-01,7.392706277018981e-01
4.168833766753351e+00,7.393390855036153e-01,7.393390855036153e-01
4.170834166833367e+00,7.394074912522222e-01,7.394074912522222e-01
4.172834566913383e+00,7.394758450122929e-01,7.394758450122929e-01
4.174834966993399e+00,7.395441468484016e-01,7.395441468484016e-01
4.176835367073415e+00,7.396123968223940e-01,7.396123968223940e-01
4.178835767153431e+00,7.396805949997536e-01,7.396805949997536e-01
4.180836167233447e+00,7.397487414432355e-01,7.397487414432355e-01
4.182836567313463e+00,7.398168362174140e-01,7.398168362174140e-01
4.184836967393479e+00,7.398848793850441e-01,7.398848793850441e-01
4.186837367473495e+00,7.399528710088810e-01,7.399528710088810e-01
4.188837767553511e+00,7.400208111525892e-01,7.400208111525892e-01
4.190838167633527e+00,7.400886998798335e-01,7.400886998798335e-01
4.192838567713543e+00,7.401565372524594e-01,7.401565372524594e-01
4.194838967793559e+00,7.402243233341317e-01,7.402243233341317e-01
4.196839367873575e+00,7.402920581885148e-01,7.402920581885148e-01
4.198839767953591e+00,7.403597418765451e-01,7.403597418765451e-01
4.200840168033607e+00,7.404273744618870e-01,7.404273744618870e-01
4.202840568113623e+00,7.404949560063863e-01,7.404949560063863e-01
4.204840968193639e+00,7.405624865727980e-01,7.405624865727980e-01
4.206841368273655e+00,7.406299662238773e-01,7.406299662238773e-01
4.208841768353671e+00,7.406973950205604e-01,7.406973950205604e-01
4.210842168433687e+00,7.407647730256024e-01,7.407647730256024e-01
4.212842568513703e+00,7.408321003017584e-01,7.408321003017584e-01
4.214842968593719e+00,7.408993769099645e-01,7.408993769099645e-01
4.216843368673735e+00,7.409666029111570e-01,7.409666029111570e-01
4.218843768753751e+00,7.410337783690004e-01,7.410337783690004e-01
4.220844168833767e+00,7.411009033435214e-01,7.411009033435214e-01
4.222844568913783e+00,7.411679778965656e-01,7.411679778965656e-01
4.224844968993799e+00,7.412350020890692e-01,7.412350020890692e-01
4.226845369073815e+00,7.413019759837873e-01,7.413019759837873e-01
4.228845769153831e+00,7.413688996398371e-01,7.413688996398371e-01
4.230846169233847e+00,7.414357731199737e-01,7.414357731199737e-01
4.232846569313863e+00,7.415025964842237e-01,7.415025964842237e-01
4.234846969393879e+00,7.415693697935233e-01,7.415693697935233e-01
4.236847369473895e+00,7.416360931078991e-01,7.416360931078991e-01
4.238847769553911e+00,7.417027664901064e-01,7.417027664901064e-01
4.240848169633927e+00,7.417693899983526e-01,7.417693899983526e-01
4.242848569713943e+00,7.418359636944836e-01,7.418359636944836e-01
4.244848969793959e+00,7.419024876385258e-01,7.419024876385258e-01
4.246849369873975e+00,7.419689618905061e-01,7.419689618905061e-01
4.248849769953991e+00,7.420353865104510e-01,7.420353865104510e-01
4.250850170034007e+00,7.421017615583871e-01,7.421017615583871e-01
4.252850570114023e+00,7.421680870943412e-01,7.421680870943412e-01
4.254850970194039e+00,7.422343631792494e-01,7.422343631792494e-01
4.256851370274055e+00,7.423005898713193e-01,7.423005898713193e-01
4.258851770354071e+00,7.423667672305776e-01,7.423667672305776e-01
4.260852170434087e+00,7.424328953170509e-01,7.424328953170509e-01
4.262852570514103e+00,7.424989741889469e-01,7.424989741889469e-01
4.264852970594119e+00,7.425650039072018e-01,7.425650039072018e-01
4.266853370674135e+00,7.426309845309327e-01,7.426309845309327e-01
4.268853770754151e+00,7.426969161183472e-01,7.426969161183472e-01
4.270854170834167e+00,7.427627987285625e-01,7.427627987285625e-01
4.272854570914183e+00,7.428286324216054e-01,7.428286324216054e-01
4.274854970994199e+00,7.428944172547738e-01,7.428944172547738e-01
4.276855371074215e+00,7.429601532880945e-01,7.429601532880945e-01
4.278855771154231e+00,7.430258405797752e-01,7.430258405797752e-01
4.280856171234247e+00,7.430914791880234e-01,7.430914791880234e-01
4.282856571314263e+00,7.431570691719565e-01,7.431570691719565e-01
4.284856971394279e+00,7.432226105897819e-01,7.432226105897819e-01
4.286857371474295e+00,7.432881035006169e-01,7.432881035006169e-01
4.288857771554311e+00,7.433535479608502e-01,7.433535479608502e-01
4.290858171634327e+00,7.434189440295988e-01,7.434189440295988e-01
4.292858571714343e+00,7.434842917641611e-01,7.434842917641611e-01
4.294858971794359e+00,7.435495912236540e-01,7.435495912236540e-01
4.296859371874375e+00,7.436148424653759e-01,7.436148424653759e-01
4.298859771954391e+00,7.436800455466248e-01,7.436800455466248e-01
4.300860172034407e+00,7.437452005246989e-01,7.437452005246989e-01
4.302860572114423e+00,7.438103074587155e-01,7.438103074587155e-01
4.304860972194439e+00,7.438753664050630e-01,7.438753664050630e-01
4.306861372274455e+00,7.439403774201303e-01,7.439403774201303e-01
4.308861772354471e+00,7.440053405630345e-01,7.440053405630345e-01
4.310862172434487e+00,7.440702558901642e-01,7.440702558901642e-01
4.312862572514503e+00,7.441351234579081e-01,7.441351234579081e-01
4.314862972594519e+00,7.441999433244739e-01,7.441999433244739e-01
4.316863372674535e+00,7.442647155453408e-01,7.442647155453408e-01
4.318863772754551e+00,7.443294401787164e-01,7.443294401787164e-01
4.320864172834567e+00,7.443941172800799e-01,7.443941172800799e-01
4.322864572914583e+00,7.444587469067294e-01,7.444587469067294e-01
4.324864972994598e+00,7.445233291141442e-01,7.445233291141442e-01
4.326865373074614e+00,7.445878639605319e-01,7.445878639605319e-01
4.328865773154631e+00,7.446523515013717e-01,7.446523515013717e-01
4.330866173234647e+00,7.447167917921427e-01,7.447167917921427e-01
4.332866573314663e+00,7.447811848892336e-01,7.447811848892336e-01
4.334866973394679e+00,7.448455308499426e-01,7.448455308499426e-01
4.336867373474695e+00,7.449098297288395e-01,7.449098297288395e-01
4.338867773554711e+00,7.449740815823127e-01,7.449740815823127e-01
4.340868173634727e+00,7.450382864667511e-01,7.450382864667511e-01
4.342868573714743e+00,7.451024444358147e-01,7.451024444358147e-01
4.344868973794759e+00,7.451665555477114e-01,7.451665555477114e-01
4.346869373874775e+00,7.452306198561012e-01,7.452306198561012e-01
4.348869773954791e+00,7.452946374173728e-01,7.452946374173728e-01
4.350870174034807e+00,7.453586082860959e-01,7.453586082860959e-01
4.352870574114823e+00,7.454225325177497e-01,7.454225325177497e-01
4.354870974194839e+00,7.454864101678134e-01,7.454864101678134e-01
4.356871374274855e+00,7.455502412917661e-01,7.455502412917661e-01
4.358871774354871e+00,7.456140259432680e-01,7.456140259432680e-01
4.360872174434887e+00,7.456777641777983e-01,7.456777641777983e-01
4.362872574514903e+00,7.457414560508362e-01,7.457414560508362e-01
4.364872974594919e+00,7.458051016160419e-01,7.458051016160419e-01
4.366873374674935e+00,7.458687009279850e-01,7.458687009279850e-01
4.368873774754951e+00,7.459322540421447e-01,7.459322540421447e-01
4.370874174834967e+00,7.459957610130907e-01,7.459957610130907e-01
4.372874574914983e+00,7.460592218935738e-01,7.460592218935738e-01
4.374874974994999e+00,7.461226367399825e-01,7.461226367399825e-01
4.376875375075015e+00,7.461860056041580e-01,7.461860056041580e-01
4.378875775155031e+00,7.462493285415797e-01,7.462493285415797e-01
4.380876175235047e+00,7.463126056068170e-01,7.463126056068170e-01
4.382876575315063e+00,7.463758368526208e-01,7.463758368526208e-01
4.384876975395079e+00,7.464390223326511e-01,7.464390223326511e-01
4.386877375475095e+00,7.465021621023873e-01,7.465021621023873e-01
4.388877775555111e+00,7.465652562136704e-01,7.465652562136704e-01
4.390878175635127e+00,7.466283047201607e-01,7.466283047201607e-01
4.392878575715143e+00,7.466913076764279e-01,7.466913076764279e-01
4.394878975795159e+00,7.467542651352226e-01,7.467542651352226e-01
4.396879375875175e+00,7.468171771502050e-01,7.468171771502050e-01
4.398879775955191e+00,7.468800437741259e-01,7.468800437741259e-01
4.400880176035207e+00,7.469428650606453e-01,7.469428650606453e-01
4.402880576115223e+00,7.470056410625141e-01,7.470056410625141e-01
4.404880976195239e+00,7.470683718324829e-01,7.470683718324829e-01
4.406881376275255e+00,7.471310574242118e-01,7.471310574242118e-01
4.408881776355271e+00,7.471936978895422e-01,7.471936978895422e-01
4.410882176435287e+00,7.472562932812246e-01,7.472562932812246e-01
4.412882576515303e+00,7.473188436529192e-01,7.473188436529192e-01
4.414882976595319e+00,7.473813490564674e-01,7.473813490564674e-01
4.416883376675335e+00,7.474438095446196e-01,7.474438095446196e-01
4.418883776755351e+00,7.475062251692173e-01,7.475062251692173e-01
4.420884176835367e+00,7.475685959830110e-01,7.475685959830110e-01
4.422884576915383e+00,7.476309220378419e-01,7.476309220378419e-01
4.424884976995399e+00,7.476932033864607e-01,7.476932033864607e-01
4.426885377075415e+00,7.477554400807087e-01,7.477554400807087e-01
4.428885777155431e+00,7.478176321715175e-01,7.478176321715175e-01
4.430886177235447e+00,7.478797797125474e-01,7.478797797125474e-01
4.432886577315463e+00,7.479418827547299e-01,7.479418827547299e-01
4.434886977395479e+00,7.480039413489969e-01,7.480039413489969e-01
4.436887377475495e+00,7.480659555490086e-01,7.480659555490086e-01
4.438887777555511e+00,7.481279254038775e-01,7.481279254038775e-01
4.440888177635527e+00,7.481898509672640e-01,7.481898509672640e-01
4.442888577715543e+00,7.482517322882807e-01,7.482517322882807e-01
4.444888977795559e+00,7.483135694205878e-01,7.483135694205878e-01
4.446889377875575e+00,7.483753624142075e-01,7.483753624142075e-01
4.448889777955591e+00,7.484371113200716e-01,7.484371113200716e-01
4.450890178035607e+00,7.484988161900212e-01,7.484988161900212e-01
4.452890578115623e+00,7.485604770740786e-01,7.485604770740786e-01
4.454890978195639e+00,7.486220940240849e-01,7.486220940240849e-01
4.456891378275655e+00,7.486836670900623e-01,7.486836670900623e-01
4.458891778355671e+00,7.487451963238521e-01,7.487451963238521e-01
4.460892178435687e+00,7.488066817754764e-01,7.488066817754764e-01
4.462892578515703e+00,7.488681234949575e-01,7.488681234949575e-01
4.464892978595719e+00,7.489295215332270e-01,7.489295215332270e-01
4.466893378675735e+00,7.489908759412167e-01,7.489908759412167e-01
4.468893778755751e+00,7.490521867689488e-01,7.490521867689488e-01
4.470894178835767e+00,7.491134540655360e-01,7.491134540655360e-01
4.472894578915783e+00,7.491746778837289e-01,7.491746778837289e-01
4.474894978995799e+00,7.492358582708214e-01,7.492358582708214e-01
4.476895379075815e+00,7.492969952786546e-01,7.492969952786546e-01
4.478895779155831e+00,7.493580889572506e-01,7.493580889572506e-01
4.480896179235847e+00,7.494191393548129e-01,7.494191393548129e-01
4.482896579315863e+00,7.494801465231824e-01,7.494801465231824e-01
4.484896979395879e+00,7.495411105105625e-01,7.495411105105625e-01
4.486897379475895e+00,7.496020313669753e-01,7.496020313669753e-01
4.488897779555911e+00,7.496629091424432e-01,7.496629091424432e-01
4.490898179635927e+00,7.497237438860787e-01,7.497237438860787e-01
4.492898579715943e+00,7.497845356479040e-01,7.497845356479040e-01
4.494898979795959e+00,7.498452844761225e-01,7.498452844761225e-01
4.496899379875975e+00,7.499059904198468e-01,7.499059904198468e-01
4.498899779955991e+00,7.499666535300087e-01,7.499666535300087e-01
4.500900180036007e+00,7.500272738539016e-01,7.500272738539016e-01
4.502900580116023e+00,7.500878514424576e-01,7.500878514424576e-01
4.504900980196039e+00,7.501483863420608e-01,7.501483863420608e-01
4.506901380276055e+00,7.502088786036429e-01,7.502088786036429e-01
4.508901780356071e+00,7.502693282754072e-01,7.502693282754072e-01
4.510902180436087e+00,7.503297354055567e-01,7.503297354055567e-01
4.512902580516103e+00,7.503901000432043e-01,7.503901000432043e-01
4.514902980596119e+00,7.504504222365531e-01,7.504504222365531e-01
4.516903380676135e+00,7.505107020347159e-01,7.505107020347159e-01
4.518903780756151e+00,7.505709394858959e-01,7.505709394858959e-01
4.520904180836167e+00,7.506311346373868e-01,7.506311346373868e-01
4.522904580916183e+00,7.506912875392109e-01,7.506912875392109e-01
4.524904980996199e+00,7.507513982386618e-01,7.507513982386618e-01
4.526905381076215e+00,7.508114667830332e-01,7.508114667830332e-01
4.528905781156231e+00,7.508714932214380e-01,7.508714932214380e-01
4.530906181236247e+00,7.509314776020792e-01,7.509314776020792e-01
4.532906581316263e+00,7.509914199722507e-01,7.509914199722507e-01
4.534906981396279e+00,7.510513203792462e-01,7.510513203792462e-01
4.536907381476295e+00,7.511111788712688e-01,7.511111788712688e-01
4.538907781556311e+00,7.511709954965218e-01,7.511709954965218e-01
4.540908181636327e+00,7.512307703022989e-01,7.512307703022989e-01
4.542908581716343e+00,7.512905033349844e-01,7.512905033349844e-01
4.544908981796359e+00,7.513501946436909e-01,7.513501946436909e-01
4.546909381876375e+00,7.514098442748027e-01,7.514098442748027e-01
4.548909781956391e+00,7.514694522765231e-01,7.514694522765231e-01
4.550910182036407e+00,7.515290186943266e-01,7.515290186943266e-01
4.552910582116423e+00,7.515885435773262e-01,7.515885435773262e-01
4.554910982196439e+00,7.516480269709964e-01,7.516480269709964e-01
4.556911382276455e+00,7.517074689226311e-01,7.517074689226311e-01
4.558911782356471e+00,7.517668694804334e-01,7.517668694804334e-01
4.560912182436487e+00,7.518262286898780e-01,7.518262286898780e-01
4.562912582516503e+00,7.518855465982588e-01,7.518855465982588e-01
4.564912982596519e+00,7.519448232528694e-01,7.519448232528694e-01
4.566913382676535e+00,7.520040586991845e-01,7.520040586991845e-01
4.568913782756551e+00,7.520632529844979e-01,7.520632529844979e-01
4.570914182836567e+00,7.521224061542844e-01,7.521224061542844e-01
4.572914582916583e+00,7.521815182567471e-01,7.521815182567471e-01
4.574914982996599e+00,7.522405893364512e-01,7.522405893364512e-01
4.576915383076615e+00,7.522996194406906e-01,7.522996194406906e-01
4.578915783156631e+00,7.523586086158494e-01,7.523586086158494e-01
4.580916183236647e+00,7.524175569074023e-01,7.524175569074023e-01
4.582916583316663e+00,7.524764643617337e-01,7.524764643617337e-01
4.584916983396679e+00,7.525353310243181e-01,7.525353310243181e-01
4.586917383476695e+00,7.525941569415400e-01,7.525941569415400e-01
4.588917783556711e+00,7.526529421597834e-01,7.526529421597834e-01
4.590918183636727e+00,7.527116867236137e-01,7.527116867236137e-01
4.592918583716743e+00,7.527703906794150e-01,7.527703906794150e-01
4.594918983796759e+00,7.528290540726621e-01,7.528290540726621e-01
4.596919383876775e+00,7.528876769497392e-01,7.528876769497392e-01
4.598919783956791e+00,7.529462593552116e-01,7.529462593552116e-01
4.600920184036807e+00,7.530048013345541e-01,7.530048013345541e-01
4.602920584116823e+00,7.530633029323317e-01,7.530633029323317e-01
4.604920984196839e+00,7.531217641958383e-01,7.531217641958383e-01
4.606921384276855e+00,7.531801851687296e-01,7.531801851687296e-01
4.608921784356871e+00,7.532385658973899e-01,7.532385658973899e-01
4.610922184436888e+00,7.532969064254749e-01,7.532969064254749e-01
4.612922584516904e+00,7.533552067993687e-01,7.533552067993687e-01
4.614922984596920e+00,7.534134670627273e-01,7.534134670627273e-01
4.616923384676936e+00,7.534716872610252e-01,7.534716872610252e-01
4.618923784756952e+00,7.535298674388278e-01,7.535298674388278e-01
4.620924184836968e+00,7.535880076407002e-01,7.535880076407002e-01
4.622924584916984e+00,7.536461079130268e-01,7.536461079130268e-01
4.624924984997000e+00,7.537041682976442e-01,7.537041682976442e-01
4.626925385077016e+00,7.537621888418462e-01,7.537621888418462e-01
4.628925785157032e+00,7.538201695874696e-01,7.538201695874696e-01
4.630926185237048e+00,7.538781105808985e-01,7.538781105808985e-01
4.632926585317064e+00,7.539360118657887e-01,7.539360118657887e-01
4.634926985397080e+00,7.539938734857961e-01,7.539938734857961e-01
4.636927385477096e+00,7.540516954854857e-01,7.540516954854857e-01
4.638927785557112e+00,7.541094779103323e-01,7.541094779103323e-01
4.640928185637128e+00,7.541672208021728e-01,7.541672208021728e-01
4.642928585717144e+00,7.542249242064818e-01,7.542249242064818e-01
4.644928985797160e+00,7.542825881660056e-01,7.542825881660056e-01
4.646929385877176e+00,7.543402127262189e-01,7.543402127262189e-01
4.648929785957192e+00,7.543977979289584e-01,7.543977979289584e-01
4.650930186037208e+00,7.544553438196990e-01,7.544553438196990e-01
4.652930586117224e+00,7.545128504411869e-01,7.545128504411869e-01
4.654930986197240e+00,7.545703178370777e-01,7.545703178370777e-01
4.656931386277256e+00,7.546277460519368e-01,7.546277460519368e-01
4.658931786357272e+00,7.546851351276009e-01,7.546851351276009e-01
4.660932186437288e+00,7.547424851077258e-01,7.547424851077258e-01
4.662932586517304e+00,7.547997960359671e-01,7.547997960359671e-01
4.664932986597320e+00,7.548570679559807e-01,7.548570679559807e-01
4.666933386677336e+00,7.549143009114223e-01,7.549143009114223e-01
4.668933786757352e+00,7.549714949432191e-01,7.549714949432191e-01
4.670934186837368e+00,7.550286500968459e-01,7.550286500968459e-01
4.672934586917384e+00,7.550857664141395e-01,7.550857664141395e-01
4.674934986997400e+00,7.551428439378460e-01,7.551428439378460e-01
4.676935387077416e+00,7.551998827107118e-01,7.551998827107118e-01
4.678935787157432e+00,7.552568827773021e-01,7.552568827773021e-01
4.680936187237448e+00,7.553138441776346e-01,7.553138441776346e-01
4.682936587317464e+00,7.553707669571841e-01,7.553707669571841e-01
4.684936987397480e+00,7.554276511559683e-01,7.554276511559683e-01
4.686937387477496e+00,7.554844968185526e-01,7.554844968185526e-01
4.688937787557512e+00,7.555413039858641e-01,7.555413039858641e-01
4.690938187637528e+00,7.555980727015585e-01,7.555980727015585e-01
4.692938587717544e+00,7.556548030065633e-01,7.556548030065633e-01
4.694938987797560e+00,7.557114949445340e-01,7.557114949445340e-01
4.696939387877576e+00,7.557681485582171e-01,7.557681485582171e-01
4.698939787957592e+00,7.558247638876301e-01,7.558247638876301e-01
4.700940188037608e+00,7.558813409764289e-01,7.558813409764289e-01
4.702940588117624e+00,7.559378798655407e-01,7.559378798655407e-01
4.704940988197640e+00,7.559943805977118e-01,7.559943805977118e-01
4.706941388277656e+00,7.560508432156885e-01,7.560508432156885e-01
4.708941788357672e+00,7.561072677594884e-01,7.561072677594884e-01
4.710942188437688e+00,7.561636542718579e-01,7.561636542718579e-01
4.712942588517704e+00,7.562200027946337e-01,7.562200027946337e-01
4.714942988597720e+00,7.562763133696526e-01,7.562763133696526e-01
4.716943388677736e+00,7.563325860369323e-01,7.563325860369323e-01
4.718943788757752e+00,7.563888208401286e-01,7.563888208401286e-01
4.720944188837768e+00,7.564450178192592e-01,7.564450178192592e-01
4.722944588917784e+00,7.565011770161609e-01,7.565011770161609e-01
4.724944988997800e+00,7.565572984726705e-01,7.565572984726705e-01
4.726945389077816e+00,7.566133822297152e-01,7.566133822297152e-01
4.728945789157832e+00,7.566694283282223e-01,7.566694283282223e-01
4.730946189237848e+00,7.567254368091190e-01,7.567254368091190e-01
4.732946589317864e+00,7.567814077142421e-01,7.567814077142421e-01
4.734946989397880e+00,7.568373410836093e-01,7.568373410836093e-01
4.736947389477896e+00,7.568932369599670e-01,7.568932369599670e-01
4.738947789557912e+00,7.569490953824234e-01,7.569490953824234e-01
4.740948189637928e+00,7.570049163928152e-01,7.570049163928152e-01
4.742948589717944e+00,7.570607000320697e-01,7.570607000320697e-01
4.744948989797960e+00,7.571164463392952e-01,7.571164463392952e-01
4.746949389877976e+00,7.571721553572379e-01,7.571721553572379e-01
4.748949789957992e+00,7.572278271259156e-01,7.572278271259156e-01
4.750950190038008e+00,7.572834616844366e-01,7.572834616844366e-01
4.752950590118024e+00,7.573390590755471e-01,7.573390590755471e-01
4.754950990198040e+00,7.573946193383554e-01,7.573946193383554e-01
4.756951390278056e+00,7.574501425128792e-01,7.574501425128792e-01
4.758951790358072e+00,7.575056286400459e-01,7.575056286400459e-01
4.760952190438088e+00,7.575610777598731e-01,7.575610777598731e-01
4.762952590518104e+00,7.576164899132882e-01,7.576164899132882e-01
4.764952990598120e+00,7.576718651393994e-01,7.576718651393994e-01
4.766953390678136e+00,7.577272034791340e-01,7.577272034791340e-01
4.768953790758152e+00,7.577825049716003e-01,7.577825049716003e-01
4.770954190838168e+00,7.578377696568159e-01,7.578377696568159e-01
4.772954590918184e+00,7.578929975757083e-01,7.578929975757083e-01
4.774954990998200e+00,7.579481887673856e-01,7.579481887673856e-01
4.776955391078216e+00,7.580033432709561e-01,7.580033432709561e-01
4.778955791158232e+00,7.580584611273471e-01,7.580584611273471e-01
4.780956191238247e+00,7.581135423756669e-01,7.581135423756669e-01
4.782956591318263e+00,7.581685870550237e-01,7.581685870550237e-01
4.784956991398279e+00,7.582235952063447e-01,7.582235952063447e-01
4.786957391478295e+00,7.582785668678289e-01,7.582785668678289e-01
4.788957791558311e+00,7.583335020785844e-01,7.583335020785844e-01
4.790958191638327e+00,7.583884008795385e-01,7.583884008795385e-01
4.792958591718343e+00,7.584432633079805e-01,7.584432633079805e-01
4.794958991798359e+00,7.584980894057471e-01,7.584980894057471e-01
4.796959391878375e+00,7.585528792092182e-01,7.585528792092182e-01
4.798959791958391e+00,7.586076327593210e-01,7.586076327593210e-01
4.800960192038407e+00,7.586623500951637e-01,7.586623500951637e-01
4.802960592118423e+00,7.587170312549452e-01,7.587170312549452e-01
4.804960992198439e+00,7.587716762768641e-01,7.587716762768641e-01
4.806961392278455e+00,7.588262852018479e-01,7.588262852018479e-01
4.808961792358471e+00,7.588808580680952e-01,7.588808580680952e-01
4.810962192438487e+00,7.589353949128954e-01,7.589353949128954e-01
4.812962592518503e+00,7.589898957771757e-01,7.589898957771757e-01
4.814962992598519e+00,7.590443606973158e-01,7.590443606973158e-01
4.816963392678535e+00,7.590987897142432e-01,7.590987897142432e-01
4.818963792758551e+00,7.591531828643374e-01,7.591531828643374e-01
4.820964192838567e+00,7.592075401876164e-01,7.592075401876164e-01
4.822964592918583e+00,7.592618617222788e-01,7.592618617222788e-01
4.824964992998599e+00,7.593161475065235e-01,7.593161475065235e-01
4.826965393078615e+00,7.593703975776398e-01,7.593703975776398e-01
4.828965793158631e+00,7.594246119756454e-01,7.594246119756454e-01
4.830966193238647e+00,7.594787907378295e-01,7.594787907378295e-01
4.832966593318663e+00,7.595329339023911e-01,7.595329339023911e-01
4.834966993398679e+00,7.595870415075288e-01,7.595870415075288e-01
4.836967393478695e+00,7.596411135914414e-01,7.596411135914414e-01
4.838967793558711e+00,7.596951501923277e-01,7.596951501923277e-01
4.840968193638727e+00,7.597491513474770e-01,7.597491513474770e-01
4.842968593718743e+00,7.598031170941786e-01,7.598031170941786e-01
4.844968993798759e+00,7.598570474715407e-01,7.598570474715407e-01
4.846969393878775e+00,7.599109425177621e-01,7.599109425177621e-01
4.848969793958791e+00,7.599648022683132e-01,7.599648022683132e-01
4.850970194038807e+00,7.600186267632116e-01,7.600186267632116e-01
4.852970594118823e+00,7.600724160388372e-01,7.600724160388372e-01
4.854970994198839e+00,7.601261701324793e-01,7.601261701324793e-01
4.856971394278855e+00,7.601798890832461e-01,7.601798890832461e-01
4.858971794358871e+00,7.602335729266079e-01,7.602335729266079e-01
4.860972194438888e+00,7.602872217007635e-01,7.602872217007635e-01
4.862972594518904e+00,7.603408354430021e-01,7.603408354430021e-01
4.864972994598920e+00,7.603944141906132e-01,7.603944141906132e-01
4.866973394678936e+00,7.604479579808858e-01,7.604479579808858e-01
4.868973794758952e+00,7.605014668511094e-01,7.605014668511094e-01
4.870974194838968e+00,7.605549408376637e-01,7.605549408376637e-01
4.872974594918984e+00,7.606083799787475e-01,7.606083799787475e-01
4.874974994999000e+00,7.606617843098311e-01,7.606617843098311e-01
4.876975395079016e+00,7.607151538700228e-01,7.607151538700228e-01
4.878975795159032e+00,7.607684886938832e-01,7.607684886938832e-01
4.880976195239048e+00,7.608217888205209e-01,7.608217888205209e-01
4.882976595319064e+00,7.608750542844964e-01,7.608750542844964e-01
4.884976995399080e+00,7.609282851240087e-01,7.609282851240087e-01
4.886977395479096e+00,7.609814813754374e-01,7.609814813754374e-01
4.888977795559112e+00,7.610346430751624e-01,7.610346430751624e-01
4.890978195639128e+00,7.610877702595635e-01,7.610877702595635e-01
4.892978595719144e+00,7.611408629659300e-01,7.611408629659300e-01
4.894978995799160e+00,7.611939212297321e-01,7.611939212297321e-01
4.896979395879176e+00,7.612469450882591e-01,7.612469450882591e-01
4.898979795959192e+00,7.612999345778908e-01,7.612999345778908e-01
4.900980196039208e+00,7.613528897340975e-01,7.613528897340975e-01
4.902980596119224e+00,7.614058105932591e-01,7.614058105932591e-01
4.904980996199240e+00,7.614586971926647e-01,7.614586971926647e-01
4.906981396279256e+00,7.615115495668752e-01,7.615115495668752e-01
4.908981796359272e+00,7.615643677540893e-01,7.615643677540893e-01
4.910982196439288e+00,7.616171517879584e-01,7.616171517879584e-01
4.912982596519304e+00,7.616699017057718e-01,7.616699017057718e-01
4.914982996599320e+00,7.617226175439091e-01,7.617226175439091e-01
4.916983396679336e+00,7.617752993369313e-01,7.617752993369313e-01
4.918983796759352e+00,7.618279471221276e-01,7.618279471221276e-01
4.920984196839368e+00,7.618805609340589e-01,7.618805609340589e-01
4.922984596919384e+00,7.619331408091048e-01,7.619331408091048e-01
4.924984996999400e+00,7.619856867827357e-01,7.619856867827357e-01
4.926985397079416e+00,7.620381988904219e-01,7.620381988904219e-01
4.928985797159432e+00,7.620906771685432e-01,7.620906771685432e-01
4.930986197239448e+00,7.621431216516603e-01,7.621431216516603e-01
4.932986597319464e+00,7.621955323752436e-01,7.621955323752436e-01
4.934986997399480e+00,7.622479093756729e-01,7.622479093756729e-01
4.936987397479496e+00,7.623002526875089e-01,7.623002526875089e-01
4.938987797559512e+00,7.623525623462220e-01,7.623525623462220e-01
4.940988197639528e+00,7.624048383872823e-01,7.624048383872823e-01
4.942988597719544e+00,7.624570808461604e-01,7.624570808461604e-01
4.944988997799560e+00,7.625092897574168e-01,7.625092897574168e-01
4.946989397879576e+00,7.625614651565220e-01,7.625614651565220e-01
4.948989797959592e+00,7.626136070780367e-01,7.626136070780367e-01
4.950990198039608e+00,7.626657155583407e-01,7.626657155583407e-01
4.952990598119624e+00,7.627177906301759e-01,7.627177906301759e-01
4.954990998199640e+00,7.627698323308314e-01,7.627698323308314e-01
4.956991398279656e+00,7.628218406939586e-01,7.628218406939586e-01
4.958991798359672e+00,7.628738157541184e-01,7.628738157541184e-01
4.960992198439688e+00,7.629257575458714e-01,7.629257575458714e-01
4.962992598519704e+00,7.629776661055976e-01,7.629776661055976e-01
4.964992998599720e+00,7.630295414669481e-01,7.630295414669481e-01
4.966993398679736e+00,7.630813836635744e-01,7.630813836635744e-01
4.968993798759752e+00,7.631331927318561e-01,7.631331927318561e-01
4.970994198839768e+00,7.631849687045351e-01,7.631849687045351e-01
4.972994598919784e+00,7.632367116179912e-01,7.632367116179912e-01
4.974994998999800e+00,7.632884215049662e-01,7.632884215049662e-01
4.976995399079816e+00,7.633400984000209e-01,7.633400984000209e-01
4.978995799159832e+00,7.633917423386256e-01,7.633917423386256e-01
4.980996199239848e+00,7.634433533544316e-01,7.634433533544316e-01
4.982996599319864e+00,7.634949314819997e-01,7.634949314819997e-01
4.984996999399880e+00,7.635464767540716e-01,7.635464767540716e-01
4.986997399479896e+00,7.635979892070273e-01,7.635979892070273e-01
4.988997799559912e+00,7.636494688726989e-01,7.636494688726989e-01
4.990998199639928e+00,7.637009157865569e-01,7.637009157865569e-01
4.992998599719944e+00,7.637523299822524e-01,7.637523299822524e-01
4.994998999799960e+00,7.638037114934368e-01,7.638037114934368e-01
4.996999399879976e+00,7.638550603546710e-01,7.638550603546710e-01
4.998999799959992e+00,7.639063765986966e-01,7.639063765986966e-01
5.001000200040008e+00,7.639576602600746e-01,7.639576602600746e-01
5.003000600120024e+00,7.640089113724562e-01,7.640089113724562e-01
5.005001000200040e+00,7.640601299694927e-01,7.640601299694927e-01
5.007001400280056e+00,7.641113160857449e-01,7.641113160857449e-01
5.009001800360072e+00,7.641624697530451e-01,7.641624697530451e-01
5.011002200440088e+00,7.642135910059542e-01,7.642135910059542e-01
5.013002600520104e+00,7.642646798772139e-01,7.642646798772139e-01
5.015003000600120e+00,7.643157364013851e-01,7.643157364013851e-01
5.017003400680136e+00,7.643667606112095e-01,7.643667606112095e-01
5.019003800760152e+00,7.644177525403384e-01,7.644177525403384e-01
5.021004200840168e+00,7.644687122224232e-01,7.644687122224232e-01
5.023004600920184e+00,7.645196396892961e-01,7.645196396892961e-01
5.025005001000200e+00,7.645705349755181e-01,7.645705349755181e-01
5.027005401080216e+00,7.646213981138308e-01,7.646213981138308e-01
5.029005801160232e+00,7.646722291378856e-01,7.646722291378856e-01
5.031006201240248e+00,7.647230280795148e-01,7.647230280795148e-01
5.033006601320264e+00,7.647737949732791e-01,7.647737949732791e-01
5.035007001400280e+00,7.648245298510110e-01,7.648245298510110e-01
5.037007401480296e+00,7.648752327463617e-01,7.648752327463617e-01
5.039007801560312e+00,7.649259036911635e-01,7.649259036911635e-01
5.041008201640328e+00,7.649765427190678e-01,7.649765427190678e-01
5.043008601720344e+00,7.650271498637258e-01,7.650271498637258e-01
5.045009001800360e+00,7.650777251560603e-01,7.650777251560603e-01
5.047009401880376e+00,7.651282686297227e-01,7.651282686297227e-01
5.049009801960392e+00,7.651787803174548e-01,7.651787803174548e-01
5.051010202040408e+00,7.652292602519983e-01,7.652292602519983e-01
5.053010602120424e+00,7.652797084651857e-01,7.652797084651857e-01
5.055011002200440e+00,7.653301249906681e-01,7.653301249906681e-01
5.057011402280456e+00,7.653805098593685e-01,7.653805098593685e-01
5.059011802360472e+00,7.654308631049380e-01,7.654308631049380e-01
5.061012202440488e+00,7.654811847601186e-01,7.654811847601186e-01
5.063012602520504e+00,7.655314748558331e-01,7.655314748558331e-01
5.065013002600520e+00,7.655817334248232e-01,7.655817334248232e-01
5.067013402680536e+00,7.656319605007402e-01,7.656319605007402e-01
5.069013802760552e+00,7.656821561135976e-01,7.656821561135976e-01
5.071014202840568e+00,7.657323202970465e-01,7.657323202970465e-01
5.073014602920584e+00,7.657824530829194e-01,7.657824530829194e-01
5.075015003000600e+00,7.658325545030484e-01,7.658325545030484e-01
5.077015403080616e+00,7.658826245892660e-01,7.658826245892660e-01
5.079015803160632e+00,7.659326633734045e-01,7.659326633734045e-01
5.081016203240648e+00,7.659826708891151e-01,7.659826708891151e-01
5.083016603320664e+00,7.660326471655017e-01,7.660326471655017e-01
5.085017003400680e+00,7.660825922371250e-01,7.660825922371250e-01
5.087017403480696e+00,7.661325061339985e-01,7.661325061339985e-01
5.089017803560712e+00,7.661823888888639e-01,7.661823888888639e-01
5.091018203640728e+00,7.662322405317346e-01,7.662322405317346e-01
5.093018603720744e+00,7.662820610971712e-01,7.662820610971712e-01
5.095019003800760e+00,7.663318506142778e-01,7.663318506142778e-01
5.097019403880776e+00,7.663816091157960e-01,7.663816091157960e-01
5.099019803960792e+00,7.664313366326487e-01,7.664313366326487e-01
5.101020204040808e+00,7.664810331966683e-01,7.664810331966683e-01
5.103020604120824e+00,7.665306988387774e-01,7.665306988387774e-01
5.105021004200840e+00,7.665803335917181e-01,7.665803335917181e-01
5.107021404280856e+00,7.666299374855035e-01,7.666299374855035e-01
5.109021804360872e+00,7.666795105528754e-01,7.666795105528754e-01
5.111022204440888e+00,7.667290528229378e-01,7.667290528229378e-01
5.113022604520904e+00,7.667785643284324e-01,7.667785643284324e-01
5.115023004600920e+00,7.668280451011915e-01,7.668280451011915e-01
5.117023404680936e+00,7.668774951703190e-01,7.668774951703190e-01
5.119023804760952e+00,7.669269145685567e-01,7.669269145685567e-01
5.121024204840968e+00,7.669763033259178e-01,7.669763033259178e-01
5.123024604920984e+00,7.670256614742348e-01,7.670256614742348e-01
5.125025005001000e+00,7.670749890444304e-01,7.670749890444304e-01
5.127025405081016e+00,7.671242860674274e-01,7.671242860674274e-01
5.129025805161032e+00,7.671735525732393e-01,7.671735525732393e-01
5.131026205241048e+00,7.672227885927887e-01,7.672227885927887e-01
5.133026605321064e+00,7.672719941579080e-01,7.672719941579080e-01
5.135027005401080e+00,7.673211692986106e-01,7.673211692986106e-01
5.137027405481096e+00,7.673703140458192e-01,7.673703140458192e-01
5.139027805561112e+00,7.674194284304567e-01,7.674194284304567e-01
5.141028205641129e+00,7.674685124834459e-01,7.674685124834459e-01
5.143028605721145e+00,7.675175662338907e-01,7.675175662338907e-01
5.145029005801161e+00,7.675665897136232e-01,7.675665897136232e-01
5.147029405881177e+00,7.676155829517475e-01,7.676155829517475e-01
5.149029805961193e+00,7.676645459810052e-01,7.676645459810052e-01
5.151030206041209e+00,7.677134788295907e-01,7.677134788295907e-01
5.153030606121225e+00,7.677623815293364e-01,7.677623815293364e-01
5.155031006201241e+00,7.678112541102555e-01,7.678112541102555e-01
5.157031406281257e+00,7.678600966014519e-01,7.678600966014519e-01
5.159031806361273e+00,7.679089090347579e-01,7.679089090347579e-01
5.161032206441289e+00,7.679576914401869e-01,7.679576914401869e-01
5.163032606521305e+00,7.680064438468426e-01,7.680064438468426e-01
5.165033006601321e+00,7.680551662856479e-01,7.680551662856479e-01
5.167033406681337e+00,7.681038587866160e-01,7.681038587866160e-01
5.169033806761353e+00,7.681525213797604e-01,7.681525213797604e-01
5.171034206841369e+00,7.682011540941849e-01,7.682011540941849e-01
5.173034606921385e+00,7.682497569617217e-01,7.682497569617217e-01
5.175035007001401e+00,7.682983300105652e-01,7.682983300105652e-01
5.177035407081417e+00,7.683468732707288e-01,7.683468732707288e-01
5.179035807161433e+00,7.683953867731352e-01,7.683953867731352e-01
5.181036207241449e+00,7.684438705468883e-01,7.684438705468883e-01
5.183036607321465e+00,7.684923246220015e-01,7.684923246220015e-01
5.185037007401481e+00,7.685407490275784e-01,7.685407490275784e-01
5.187037407481497e+00,7.685891437945420e-01,7.685891437945420e-01
5.189037807561513e+00,7.686375089510866e-01,7.686375089510866e-01
5.191038207641529e+00,7.686858445272255e-01,7.686858445272255e-01
5.193038607721545e+00,7.687341505529721e-01,7.687341505529721e-01
5.195039007801561e+00,7.687824270574302e-01,7.687824270574302e-01
5.197039407881577e+00,7.688306740697035e-01,7.688306740697035e-01
5.199039807961593e+00,7.688788916198055e-01,7.688788916198055e-01
5.201040208041609e+00,7.689270797377494e-01,7.689270797377494e-01
5.203040608121625e+00,7.689752384517297e-01,7.689752384517297e-01
5.205041008201641e+00,7.690233677908500e-01,7.690233677908500e-01
5.207041408281657e+00,7.690714677851238e-01,7.690714677851238e-01
5.209041808361673e+00,7.691195384636549e-01,7.691195384636549e-01
5.211042208441689e+00,7.691675798564566e-01,7.691675798564566e-01
5.213042608521705e+00,7.692155919908137e-01,7.692155919908137e-01
5.215043008601721e+00,7.692635748967396e-01,7.692635748967396e-01
5.217043408681737e+00,7.693115286033381e-01,7.693115286033381e-01
5.219043808761753e+00,7.693594531406225e-01,7.693594531406225e-01
5.221044208841769e+00,7.694073485349682e-01,7.694073485349682e-01
5.223044608921785e+00,7.694552148182074e-01,7.694552148182074e-01
5.225045009001801e+00,7.695030520176251e-01,7.695030520176251e-01
5.227045409081817e+00,7.695508601623251e-01,7.695508601623251e-01
5.229045809161833e+00,7.695986392814111e-01,7.695986392814111e-01
5.231046209241849e+00,7.696463894030776e-01,7.696463894030776e-01
5.233046609321865e+00,7.696941105564283e-01,7.696941105564283e-01
5.235047009401880e+00,7.697418027705671e-01,7.697418027705671e-01
5.237047409481896e+00,7.697894660745979e-01,7.697894660745979e-01
5.239047809561912e+00,7.698371004948958e-01,7.698371004948958e-01
5.241048209641928e+00,7.698847060623839e-01,7.698847060623839e-01
5.243048609721944e+00,7.699322828043469e-01,7.699322828043469e-01
5.245049009801960e+00,7.699798307498886e-01,7.699798307498886e-01
5.247049409881976e+00,7.700273499281129e-01,7.700273499281129e-01
5.249049809961992e+00,7.700748403653952e-01,7.700748403653952e-01
5.251050210042008e+00,7.701223020917487e-01,7.701223020917487e-01
5.253050610122024e+00,7.701697351353678e-01,7.701697351353678e-01
5.255051010202040e+00,7.702171395244468e-01,7.702171395244468e-01
5.257051410282056e+00,7.702645152871801e-01,7.702645152871801e-01
5.259051810362072e+00,7.703118624508525e-01,7.703118624508525e-01
5.261052210442088e+00,7.703591810454773e-01,7.703591810454773e-01
5.263052610522104e+00,7.704064710983394e-01,7.704064710983394e-01
5.265053010602120e+00,7.704537326376331e-01,7.704537326376331e-01
5.267053410682136e+00,7.705009656915527e-01,7.705009656915527e-01
5.269053810762152e+00,7.705481702873831e-01,7.705481702873831e-01
5.271054210842168e+00,7.705953464542281e-01,7.705953464542281e-01
5.273054610922184e+00,7.706424942193726e-01,7.706424942193726e-01
5.275055011002200e+00,7.706896136110108e-01,7.706896136110108e-01
5.277055411082216e+00,7.707367046564277e-01,7.707367046564277e-01
5.279055811162232e+00,7.707837673847271e-01,7.707837673847271e-01
5.281056211242248e+00,7.708308018231937e-01,7.708308018231937e-01
5.283056611322264e+00,7.708778079991125e-01,7.708778079991125e-01
5.285057011402280e+00,7.709247859406778e-01,7.709247859406778e-01
5.287057411482296e+00,7.709717356760839e-01,7.709717356760839e-01
5.289057811562312e+00,7.710186572317062e-01,7.710186572317062e-01
5.291058211642328e+00,7.710655506357389e-01,7.710655506357389e-01
5.293058611722344e+00,7.711124159163765e-01,7.711124159163765e-01
5.295059011802360e+00,7.711592531009037e-01,7.711592531009037e-01
5.297059411882376e+00,7.712060622166055e-01,7.712060622166055e-01
5.299059811962392e+00,7.712528432907666e-01,7.712528432907666e-01
5.301060212042408e+00,7.712995963515814e-01,7.712995963515814e-01
5.303060612122424e+00,7.713463214254253e-01,7.713463214254253e-01
5.305061012202440e+00,7.713930185404925e-01,7.713930185404925e-01
5.307061412282456e+00,7.714396877240679e-01,7.714396877240679e-01
5.309061812362472e+00,7.714863290034364e-01,7.714863290034364e-01
5.311062212442488e+00,7.715329424058828e-01,7.715329424058828e-01
5.313062612522504e+00,7.715795279577824e-01,7.715795279577824e-01
5.315063012602520e+00,7.716260856873296e-01,7.716260856873296e-01
5.317063412682536e+00,7.716726156208997e-01,7.716726156208997e-01
5.319063812762552e+00,7.717191177866871e-01,7.717191177866871e-01
5.321064212842568e+00,7.717655922110671e-01,7.717655922110671e-01
5.323064612922584e+00,7.718120389213246e-01,7.718120389213246e-01
5.325065013002600e+00,7.718584579438348e-01,7.718584579438348e-01
5.327065413082616e+00,7.719048493067922e-01,7.719048493067922e-01
5.329065813162632e+00,7.719512130356625e-01,7.719512130356625e-01
5.331066213242648e+00,7.719975491586402e-01,7.719975491586402e-01
5.333066613322664e+00,7.720438577011910e-01,7.720438577011910e-01
5.335067013402680e+00,7.720901386915093e-01,7.720901386915093e-01
5.337067413482696e+00,7.721363921559705e-01,7.721363921559705e-01
5.339067813562712e+00,7.721826181218594e-01,7.721826181218594e-01
5.341068213642728e+00,7.722288166146418e-01,7.722288166146418e-01
5.343068613722744e+00,7.722749876616026e-01,7.722749876616026e-01
5.345069013802760e+00,7.723211312891172e-01,7.723211312891172e-01
5.347069413882776e+00,7.723672475244703e-01,7.723672475244703e-01
5.349069813962792e+00,7.724133363940373e-01,7.724133363940373e-01
5.351070214042808e+00,7.724593979241936e-01,7.724593979241936e-01
5.353070614122824e+00,7.725054321413145e-01,7.725054321413145e-01
5.355071014202840e+00,7.725514390717754e-01,7.725514390717754e-01
5.357071414282856e+00,7.725974187428610e-01,7.725974187428610e-01
5.359071814362872e+00,7.726433711800373e-01,7.726433711800373e-01
5.361072214442888e+00,7.726892964105891e-01,7.726892964105891e-01
5.363072614522904e+00,7.727351944599823e-01,7.727351944599823e-01
5.365073014602920e+00,7.727810653545921e-01,7.727810653545921e-01
5.367073414682936e+00,7.728269091207940e-01,7.728269091207940e-01
5.369073814762952e+00,7.728727257849632e-01,7.728727257849632e-01
5.371074214842968e+00,7.729185153734752e-01,7.729185153734752e-01
5.373074614922984e+00,7.729642779117958e-01,7.729642779117958e-01
5.375075015003000e+00,7.730100134272098e-01,7.730100134272098e-01
5.377075415083016e+00,7.730557219442735e-01,7.730557219442735e-01
5.379075815163032e+00,7.731014034911814e-01,7.731014034911814e-01
5.381076215243048e+00,7.731470580915802e-01,7.731470580915802e-01
5.383076615323064e+00,7.731926857727549e-01,7.731926857727549e-01
5.385077015403080e+00,7.732382865601712e-01,7.732382865601712e-01
5.387077415483096e+00,7.732838604811141e-01,7.732838604811141e-01
5.389077815563112e+00,7.733294075592303e-01,7.733294075592303e-01
5.391078215643129e+00,7.733749278218047e-01,7.733749278218047e-01
5.393078615723145e+00,7.734204212943032e-01,7.734204212943032e-01
5.395079015803161e+00,7.734658880031011e-01,7.734658880031011e-01
5.397079415883177e+00,7.735113279727548e-01,7.735113279727548e-01
5.399079815963193e+00,7.735567412296396e-01,7.735567412296396e-01
5.401080216043209e+00,7.736021277992213e-01,7.736021277992213e-01
5.403080616123225e+00,7.736474877078754e-01,7.736474877078754e-01
5.405081016203241e+00,7.736928209801581e-01,7.736928209801581e-01
5.407081416283257e+00,7.737381276424449e-01,7.737381276424449e-01
5.409081816363273e+00,7.737834077202015e-01,7.737834077202015e-01
5.411082216443289e+00,7.738286612379843e-01,7.738286612379843e-01
5.413082616523305e+00,7.738738882230782e-01,7.738738882230782e-01
5.415083016603321e+00,7.739190886991301e-01,7.739190886991301e-01
5.417083416683337e+00,7.739642626925152e-01,7.739642626925152e-01
5.419083816763353e+00,7.740094102277899e-01,7.740094102277899e-01
5.421084216843369e+00,7.740545313313296e-01,7.740545313313296e-01
5.423084616923385e+00,7.740996260276907e-01,7.740996260276907e-01
5.425085017003401e+00,7.741446943423389e-01,7.741446943423389e-01
5.427085417083417e+00,7.741897363007402e-01,7.741897363007402e-01
5.429085817163433e+00,7.742347519283603e-01,7.742347519283603e-01
5.431086217243449e+00,7.742797412497557e-01,7.742797412497557e-01
5.433086617323465e+00,7.743247042894827e-01,7.743247042894827e-01
5.435087017403481e+00,7.743696410748262e-01,7.743696410748262e-01
5.437087417483497e+00,7.744145516285235e-01,7.744145516285235e-01
5.439087817563513e+00,7.744594359769499e-01,7.744594359769499e-01
5.441088217643529e+00,7.745042941437523e-01,7.745042941437523e-01
5.443088617723545e+00,7.745491261562156e-01,7.745491261562156e-01
5.445089017803561e+00,7.745939320370772e-01,7.745939320370772e-01
5.447089417883577e+00,7.746387118127123e-01,7.746387118127123e-01
5.449089817963593e+00,7.746834655067678e-01,7.746834655067678e-01
5.451090218043609e+00,7.747281931456191e-01,7.747281931456191e-01
5.453090618123625e+00,7.747728947520036e-01,7.747728947520036e-01
5.455091018203641e+00,7.748175703532061e-01,7.748175703532061e-01
5.457091418283657e+00,7.748622199719639e-01,7.748622199719639e-01
5.459091818363673e+00,7.749068436337430e-01,7.749068436337430e-01
5.461092218443689e+00,7.749514413630996e-01,7.749514413630996e-01
5.463092618523705e+00,7.749960131845901e-01,7.749960131845901e-01
5.465093018603721e+00,7.750405591227709e-01,7.750405591227709e-01
5.467093418683737e+00,7.750850792031079e-01,7.750850792031079e-01
5.469093818763753e+00,7.751295734492478e-01,7.751295734492478e-01
5.471094218843769e+00,7.751740418857471e-01,7.751740418857471e-01
5.473094618923785e+00,7.752184845371621e-01,7.752184845371621e-01
5.475095019003801e+00,7.752629014289587e-01,7.752629014289587e-01
5.477095419083817e+00,7.753072925838742e-01,7.753072925838742e-01
5.479095819163833e+00,7.753516580273745e-01,7.753516580273745e-01
5.481096219243849e+00,7.753959977831064e-01,7.753959977831064e-01
5.483096619323865e+00,7.754403118765358e-01,7.754403118765358e-01
5.485097019403881e+00,7.754846003304001e-01,7.754846003304001e-01
5.487097419483897e+00,7.755288631710746e-01,7.755288631710746e-01
5.489097819563913e+00,7.755731004203872e-01,7.755731004203872e-01
5.491098219643929e+00,7.756173121047132e-01,7.756173121047132e-01
5.493098619723945e+00,7.756614982467900e-01,7.756614982467900e-01
5.495099019803961e+00,7.757056588711739e-01,7.757056588711739e-01
5.497099419883977e+00,7.757497940015119e-01,7.757497940015119e-01
5.499099819963993e+00,7.757939036632697e-01,7.757939036632697e-01
5.501100220044009e+00,7.758379878791848e-01,7.758379878791848e-01
5.503100620124025e+00,7.758820466738134e-01,7.758820466738134e-01
5.505101020204041e+00,7.759260800708025e-01,7.759260800708025e-01
5.507101420284057e+00,7.759700880937990e-01,7.759700880937990e-01
5.509101820364073e+00,7.760140707682686e-01,7.760140707682686e-01
5.511102220444089e+00,7.760580281160392e-01,7.760580281160392e-01
5.513102620524105e+00,7.761019601625767e-01,7.761019601625767e-01
5.515103020604121e+00,7.761458669315280e-01,7.761458669315280e-01
5.517103420684137e+00,7.761897484456304e-01,7.761897484456304e-01
5.519103820764153e+00,7.762336047294403e-01,7.762336047294403e-01
5.521104220844169e+00,7.762774358066045e-01,7.762774358066045e-01
5.523104620924185e+00,7.763212417007699e-01,7.763212417007699e-01
5.525105021004201e+00,7.763650224355834e-01,7.763650224355834e-01
5.527105421084217e+00,7.764087780346918e-01,7.764087780346918e-01
5.529105821164233e+00,7.764525085217420e-01,7.764525085217420e-01
5.531106221244249e+00,7.764962139203808e-01,7.764962139203808e-01
5.533106621324265e+00,7.765398942542552e-01,7.765398942542552e-01
5.535107021404281e+00,7.765835495461024e-01,7.765835495461024e-01
5.537107421484297e+00,7.766271798204789e-01,7.766271798204789e-01
5.539107821564313e+00,7.766707851010315e-01,7.766707851010315e-01
5.541108221644329e+00,7.767143654095880e-01,7.767143654095880e-01
5.543108621724345e+00,7.767579207707049e-01,7.767579207707049e-01
5.545109021804361e+00,7.768014512080290e-01,7.768014512080290e-01
5.547109421884377e+00,7.768449567442977e-01,7.768449567442977e-01
5.549109821964393e+00,7.768884374031577e-01,7.768884374031577e-01
5.551110222044409e+00,7.769318932073466e-01,7.769318932073466e-01
5.553110622124425e+00,7.769753241805111e-01,7.769753241805111e-01
5.555111022204441e+00,7.770187303453886e-01,7.770187303453886e-01
5.557111422284457e+00,7.770621117256260e-01,7.770621117256260e-01
5.559111822364473e+00,7.771054683448702e-01,7.771054683448702e-01
5.561112222444489e+00,7.771488002258584e-01,7.771488002258584e-01
5.563112622524505e+00,7.771921073913282e-01,7.771921073913282e-01
5.565113022604521e+00,7.772353898649262e-01,7.772353898649262e-01
5.567113422684537e+00,7.772786476684805e-01,7.772786476684805e-01
5.569113822764553e+00,7.773218808265474e-01,7.773218808265474e-01
5.571114222844569e+00,7.773650893618642e-01,7.773650893618642e-01
5.573114622924585e+00,7.774082732962588e-01,7.774082732962588e-01
5.575115023004601e+00,7.774514326533781e-01,7.774514326533781e-01
5.577115423084617e+00,7.774945674559595e-01,7.774945674559595e-01
5.579115823164633e+00,7.775376777276497e-01,7.775376777276497e-01
5.581116223244649e+00,7.775807634902767e-01,7.775807634902767e-01
5.583116623324665e+00,7.776238247674874e-01,7.776238247674874e-01
5.585117023404681e+00,7.776668615811095e-01,7.776668615811095e-01
5.587117423484697e+00,7.777098739538806e-01,7.777098739538806e-01
5.589117823564713e+00,7.777528619094474e-01,7.777528619094474e-01
5.591118223644729e+00,7.777958254705473e-01,7.777958254705473e-01
5.593118623724745e+00,7.778387646590081e-01,7.778387646590081e-01
5.595119023804761e+00,7.778816794975674e-01,7.778816794975674e-01
5.597119423884777e+00,7.779245700089623e-01,7.779245700089623e-01
5.599119823964793e+00,7.779674362159303e-01,7.779674362159303e-01
5.601120224044809e+00,7.780102781412088e-01,7.780102781412088e-01
5.603120624124825e+00,7.780530958066256e-01,7.780530958066256e-01
5.605121024204841e+00,7.780958892349181e-01,7.780958892349181e-01
5.607121424284857e+00,7.781386584497332e-01,7.781386584497332e-01
5.609121824364873e+00,7.781814034719892e-01,7.781814034719892e-01
5.611122224444889e+00,7.782241243244234e-01,7.782241243244234e-01
5.613122624524905e+00,7.782668210288639e-01,7.782668210288639e-01
5.615123024604921e+00,7.783094936098669e-01,7.783094936098669e-01
5.617123424684937e+00,7.783521420874413e-01,7.783521420874413e-01
5.619123824764953e+00,7.783947664843245e-01,7.783947664843245e-01
5.621124224844969e+00,7.784373668232538e-01,7.784373668232538e-01
5.623124624924985e+00,7.784799431269667e-01,7.784799431269667e-01
5.625125025005001e+00,7.785224954163814e-01,7.785224954163814e-01
5.627125425085017e+00,7.785650237142354e-01,7.785650237142354e-01
5.629125825165033e+00,7.786075280432661e-01,7.786075280432661e-01
5.631126225245049e+00,7.786500084243917e-01,7.786500084243917e-01
5.633126625325065e+00,7.786924648812592e-01,7.786924648812592e-01
5.635127025405081e+00,7.787348974338775e-01,7.787348974338775e-01
5.637127425485097e+00,7.787773061058934e-01,7.787773061058934e-01
5.639127825565113e+00,7.788196909191347e-01,7.788196909191347e-01
5.641128225645129e+00,7.788620518954295e-01,7.788620518954295e-01
5.643128625725145e+00,7.789043890566054e-01,7.789043890566054e-01
5.645129025805161e+00,7.789467024244905e-01,7.789467024244905e-01
5.647129425885177e+00,7.789889920209125e-01,7.789889920209125e-01
5.649129825965193e+00,7.790312578676994e-01,7.790312578676994e-01
5.651130226045209e+00,7.790734999875886e-01,7.790734999875886e-01
5.653130626125225e+00,7.791157184005888e-01,7.791157184005888e-01
5.655131026205241e+00,7.791579131303470e-01,7.791579131303470e-01
5.657131426285257e+00,7.792000841977815e-01,7.792000841977815e-01
5.659131826365273e+00,7.792422316247203e-01,7.792422316247203e-01
5.661132226445289e+00,7.792843554329911e-01,7.792843554329911e-01
5.663132626525305e+00,7.793264556435124e-01,7.793264556435124e-01
5.665133026605321e+00,7.793685322790216e-01,7.793685322790216e-01
5.667133426685337e+00,7.794105853604369e-01,7.794105853604369e-01
5.669133826765353e+00,7.794526149095864e-01,7.794526149095864e-01
5.671134226845369e+00,7.794946209473883e-01,7.794946209473883e-01
5.673134626925386e+00,7.795366034965800e-01,7.795366034965800e-01
5.675135027005402e+00,7.795785625780800e-01,7.795785625780800e-01
5.677135427085418e+00,7.796204982137160e-01,7.796204982137160e-01
5.679135827165434e+00,7.796624104234970e-01,7.796624104234970e-01
5.681136227245450e+00,7.797042992310699e-01,7.797042992310699e-01
5.683136627325466e+00,7.797461646564434e-01,7.797461646564434e-01
5.685137027405482e+00,7.797880067205361e-01,7.797880067205361e-01
5.687137427485498e+00,7.798298254460851e-01,7.798298254460851e-01
5.689137827565514e+00,7.798716208540091e-01,7.798716208540091e-01
5.691138227645529e+00,7.799133929643167e-01,7.799133929643167e-01
5.693138627725545e+00,7.799551417997455e-01,7.799551417997455e-01
5.695139027805561e+00,7.799968673812137e-01,7.799968673812137e-01
5.697139427885577e+00,7.800385697296397e-01,7.800385697296397e-01
5.699139827965593e+00,7.800802488668515e-01,7.800802488668515e-01
5.701140228045609e+00,7.801219048128578e-01,7.801219048128578e-01
5.703140628125625e+00,7.801635375903961e-01,7.801635375903961e-01
5.705141028205641e+00,7.802051472185658e-01,7.802051472185658e-01
5.707141428285657e+00,7.802467337201042e-01,7.802467337201042e-01
5.709141828365673e+00,7.802882971150202e-01,7.802882971150202e-01
5.711142228445689e+00,7.803298374251417e-01,7.803298374251417e-01
5.713142628525705e+00,7.803713546704776e-01,7.803713546704776e-01
5.715143028605721e+00,7.804128488737652e-01,7.804128488737652e-01
5.717143428685737e+00,7.804543200541039e-01,7.804543200541039e-01
5.719143828765753e+00,7.804957682333216e-01,7.804957682333216e-01
5.721144228845769e+00,7.805371934314271e-01,7.805371934314271e-01
5.723144628925785e+00,7.805785956711579e-01,7.805785956711579e-01
5.725145029005801e+00,7.806199749716134e-01,7.806199749716134e-01
5.727145429085817e+00,7.806613313537119e-01,7.806613313537119e-01
5.729145829165833e+00,7.807026648392812e-01,7.807026648392812e-01
5.731146229245849e+00,7.807439754483303e-01,7.807439754483303e-01
5.733146629325865e+00,7.807852632017775e-01,7.807852632017775e-01
5.735147029405881e+00,7.808265281205413e-01,7.808265281205413e-01
5.737147429485897e+00,7.808677702255400e-01,7.808677702255400e-01
5.739147829565913e+00,7.809089895358730e-01,7.809089895358730e-01
5.741148229645929e+00,7.809501860742776e-01,7.809501860742776e-01
5.743148629725945e+00,7.809913598598532e-01,7.809913598598532e-01
5.745149029805961e+00,7.810325109135183e-01,7.810325109135183e-01
5.747149429885977e+00,7.810736392571007e-01,7.810736392571007e-01
5.749149829965993e+00,7.811147449087903e-01,7.811147449087903e-01
5.751150230046009e+00,7.811558278913244e-01,7.811558278913244e-01
5.753150630126025e+00,7.811968882238025e-01,7.811968882238025e-01
5.755151030206041e+00,7.812379259271429e-01,7.812379259271429e-01
5.757151430286057e+00,7.812789410213545e-01,7.812789410213545e-01
5.759151830366073e+00,7.813199335282652e-01,7.813199335282652e-01
5.761152230446089e+00,7.813609034660649e-01,7.813609034660649e-01
5.763152630526105e+00,7.814018508574909e-01,7.814018508574909e-01
5.765153030606121e+00,7.814427757207332e-01,7.814427757207332e-01
5.767153430686137e+00,7.814836780767100e-01,7.814836780767100e-01
5.769153830766153e+00,7.815245579472494e-01,7.815245579472494e-01
5.771154230846169e+00,7.815654153505411e-01,7.815654153505411e-01
5.773154630926185e+00,7.816062503075036e-01,7.816062503075036e-01
5.775155031006201e+00,7.816470628381458e-01,7.816470628381458e-01
5.777155431086217e+00,7.816878529633859e-01,7.816878529633859e-01
5.779155831166233e+00,7.817286207032330e-01,7.817286207032330e-01
5.781156231246249e+00,7.817693660776959e-01,7.817693660776959e-01
5.783156631326265e+00,7.818100891058739e-01,7.818100891058739e-01
5.785157031406281e+00,7.818507898095950e-01,7.818507898095950e-01
5.787157431486297e+00,7.818914682070490e-01,7.818914682070490e-01
5.789157831566313e+00,7.819321243200639e-01,7.819321243200639e-01
5.791158231646329e+00,7.819727581668294e-01,7.819727581668294e-01
5.793158631726345e+00,7.820133697691736e-01,7.820133697691736e-01
5.795159031806361e+00,7.820539591461957e-01,7.820539591461957e-01
5.797159431886377e+00,7.820945263169952e-01,7.820945263169952e-01
5.799159831966393e+00,7.821350713024904e-01,7.821350713024904e-01
5.801160232046409e+00,7.821755941226902e-01,7.821755941226902e-01
5.803160632126425e+00,7.822160947976036e-01,7.822160947976036e-01
5.805161032206441e+00,7.822565733454203e-01,7.822565733454203e-01
5.807161432286457e+00,7.822970297879683e-01,7.822970297879683e-01
5.809161832366473e+00,7.823374641434375e-01,7.823374641434375e-01
5.811162232446489e+00,7.823778764327463e-01,7.823778764327463e-01
5.813162632526505e+00,7.824182666749939e-01,7.824182666749939e-01
5.815163032606521e+00,7.824586348901894e-01,7.824586348901894e-01
5.817163432686537e+00,7.824989810983416e-01,7.824989810983416e-01
5.819163832766553e+00,7.825393053176404e-01,7.825393053176404e-01
5.821164232846569e+00,7.825796075699136e-01,7.825796075699136e-01
5.823164632926585e+00,7.826198878724417e-01,7.826198878724417e-01
5.825165033006601e+00,7.826601462470526e-01,7.826601462470526e-01
5.827165433086617e+00,7.827003827110266e-01,7.827003827110266e-01
5.829165833166633e+00,7.827405972861916e-01,7.827405972861916e-01
5.831166233246649e+00,7.827807899907375e-01,7.827807899907375e-01
5.833166633326665e+00,7.828209608446732e-01,7.828209608446732e-01
5.835167033406681e+00,7.828611098661886e-01,7.828611098661886e-01
5.837167433486697e+00,7.829012370762021e-01,7.829012370762021e-01
5.839167833566713e+00,7.829413424938130e-01,7.829413424938130e-01
5.841168233646729e+00,7.829814261390302e-01,7.829814261390302e-01
5.843168633726745e+00,7.830214880291342e-01,7.830214880291342e-01
5.845169033806761e+00,7.830615281859528e-01,7.830615281859528e-01
5.847169433886777e+00,7.831015466267663e-01,7.831015466267663e-01
5.849169833966793e+00,7.831415433724933e-01,7.831415433724933e-01
5.851170234046809e+00,7.831815184413236e-01,7.831815184413236e-01
5.853170634126825e+00,7.832214718523565e-01,7.832214718523565e-01
5.855171034206841e+00,7.832614036265104e-01,7.832614036265104e-01
5.857171434286857e+00,7.833013137810658e-01,7.833013137810658e-01
5.859171834366873e+00,7.833412023360316e-01,7.833412023360316e-01
5.861172234446889e+00,7.833810693105070e-01,7.833810693105070e-01
5.863172634526905e+00,7.834209147235915e-01,7.834209147235915e-01
5.865173034606921e+00,7.834607385943846e-01,7.834607385943846e-01
5.867173434686937e+00,7.835005409419855e-01,7.835005409419855e-01
5.869173834766953e+00,7.835403217854937e-01,7.835403217854937e-01
5.871174234846969e+00,7.835800811449181e-01,7.835800811449181e-01
5.873174634926985e+00,7.836198190366295e-01,7.836198190366295e-01
5.875175035007001e+00,7.836595354824558e-01,7.836595354824558e-01
5.877175435087017e+00,7.836992304996775e-01,7.836992304996775e-01
5.879175835167033e+00,7.837389041083034e-01,7.837389041083034e-01
5.881176235247049e+00,7.837785563265234e-01,7.837785563265234e-01
5.883176635327065e+00,7.838181871734369e-01,7.838181871734369e-01
5.885177035407081e+00,7.838577966681433e-01,7.838577966681433e-01
5.887177435487097e+00,7.838973848288324e-01,7.838973848288324e-01
5.889177835567113e+00,7.839369516755132e-01,7.839369516755132e-01
5.891178235647129e+00,7.839764972254661e-01,7.839764972254661e-01
5.893178635727145e+00,7.840160214987000e-01,7.840160214987000e-01
5.895179035807161e+00,7.840555245134047e-01,7.840555245134047e-01
5.897179435887177e+00,7.840950062886796e-01,7.840950062886796e-01
5.899179835967193e+00,7.841344668436241e-01,7.841344668436241e-01
5.901180236047209e+00,7.841739061955186e-01,7.841739061955186e-01
5.903180636127225e+00,7.842133243643721e-01,7.842133243643721e-01
5.905181036207241e+00,7.842527213683743e-01,7.842527213683743e-01
5.907181436287257e+00,7.842920972257152e-01,7.842920972257152e-01
5.909181836367273e+00,7.843314519554943e-01,7.843314519554943e-01
5.911182236447289e+00,7.843707855768107e-01,7.843707855768107e-01
5.913182636527305e+00,7.844100981069451e-01,7.844100981069451e-01
5.915183036607321e+00,7.844493895659062e-01,7.844493895659062e-01
5.917183436687337e+00,7.844886599709744e-01,7.844886599709744e-01
5.919183836767353e+00,7.845279093412492e-01,7.845279093412492e-01
5.921184236847369e+00,7.845671376949204e-01,7.845671376949204e-01
5.923184636927386e+00,7.846063450510874e-01,7.846063450510874e-01
5.925185037007402e+00,7.846455314270306e-01,7.846455314270306e-01
5.927185437087418e+00,7.846846968418495e-01,7.846846968418495e-01
5.929185837167434e+00,7.847238413137338e-01,7.847238413137338e-01
5.931186237247450e+00,7.847629648617831e-01,7.847629648617831e-01
5.933186637327466e+00,7.848020675032776e-01,7.848020675032776e-01
5.935187037407482e+00,7.848411492573169e-01,7.848411492573169e-01
5.937187437487498e+00,7.848802101420906e-01,7.848802101420906e-01
5.939187837567514e+00,7.849192501748794e-01,7.849192501748794e-01
5.941188237647530e+00,7.849582693756920e-01,7.849582693756920e-01
5.943188637727546e+00,7.849972677608994e-01,7.849972677608994e-01
5.945189037807562e+00,7.850362453496009e-01,7.850362453496009e-01
5.947189437887578e+00,7.850752021608960e-01,7.850752021608960e-01
5.949189837967594e+00,7.851141382111555e-01,7.851141382111555e-01
5.951190238047610e+00,7.851530535194788e-01,7.851530535194788e-01
5.953190638127626e+00,7.851919481040559e-01,7.851919481040559e-01
5.955191038207642e+00,7.852308219821671e-01,7.852308219821671e-01
5.957191438287658e+00,7.852696751738213e-01,7.852696751738213e-01
5.959191838367674e+00,7.853085076944799e-01,7.853085076944799e-01
5.961192238447690e+00,7.853473195641518e-01,7.853473195641518e-01
5.963192638527706e+00,7.853861108001174e-01,7.853861108001174e-01
5.965193038607722e+00,7.854248814205667e-01,7.854248814205667e-01
5.967193438687738e+00,7.854636314427799e-01,7.854636314427799e-01
5.969193838767754e+00,7.855023608858565e-01,7.855023608858565e-01
5.971194238847770e+00,7.855410697661673e-01,7.855410697661673e-01
5.973194638927786e+00,7.855797581028119e-01,7.855797581028119e-01
5.975195039007802e+00,7.856184259139800e-01,7.856184259139800e-01
5.977195439087818e+00,7.856570732169521e-01,7.856570732169521e-01
5.979195839167834e+00,7.856957000290086e-01,7.856957000290086e-01
5.981196239247850e+00,7.857343063683393e-01,7.857343063683393e-01
5.983196639327866e+00,7.857728922531342e-01,7.857728922531342e-01
5.985197039407882e+00,7.858114577015831e-01,7.858114577015831e-01
5.987197439487898e+00,7.858500027300570e-01,7.858500027300570e-01
5.989197839567914e+00,7.858885273576552e-01,7.858885273576552e-01
5.991198239647930e+00,7.859270316007487e-01,7.859270316007487e-01
5.993198639727946e+00,7.859655154784368e-01,7.859655154784368e-01
5.995199039807962e+00,7.860039790070905e-01,7.860039790070905e-01
5.997199439887978e+00,7.860424222048996e-01,7.860424222048996e-01
5.999199839967994e+00,7.860808450900540e-01,7.860808450900540e-01
6.001200240048010e+00,7.861192476789247e-01,7.861192476789247e-01
6.003200640128026e+00,7.861576299906110e-01,7.861576299906110e-01
6.005201040208042e+00,7.861959920414838e-01,7.861959920414838e-01
6.007201440288058e+00,7.862343338488236e-01,7.862343338488236e-01
6.009201840368074e+00,7.862726554317296e-01,7.862726554317296e-01
6.011202240448090e+00,7.863109568065729e-01,7.863109568065729e-01
6.013202640528106e+00,7.863492379906338e-01,7.863492379906338e-01
6.015203040608122e+00,7.863874990021023e-01,7.863874990021023e-01
6.017203440688138e+00,7.864257398582586e-01,7.864257398582586e-01
6.019203840768154e+00,7.864639605754737e-01,7.864639605754737e-01
6.021204240848170e+00,7.865021611728471e-01,7.865021611728471e-01
6.023204640928186e+00,7.865403416667496e-01,7.865403416667496e-01
6.025205041008202e+00,7.865785020744616e-01,7.865785020744616e-01
6.027205441088218e+00,7.866166424132635e-01,7.866166424132635e-01
6.029205841168234e+00,7.866547627013452e-01,7.866547627013452e-01
6.031206241248250e+00,7.866928629550776e-01,7.866928629550776e-01
6.033206641328266e+00,7.867309431917411e-01,7.867309431917411e-01
6.035207041408282e+00,7.867690034295256e-01,7.867690034295256e-01
6.037207441488298e+00,7.868070436838925e-01,7.868070436838925e-01
6.039207841568314e+00,7.868450639739413e-01,7.868450639739413e-01
6.041208241648330e+00,7.868830643160427e-01,7.868830643160427e-01
6.043208641728346e+00,7.869210447274773e-01,7.869210447274773e-01
6.045209041808362e+00,7.869590052255253e-01,7.869590052255253e-01
6.047209441888378e+00,7.869969458265578e-01,7.869969458265578e-01
6.049209841968394e+00,7.870348665487645e-01,7.870348665487645e-01
6.051210242048410e+00,7.870727674085165e-01,7.870727674085165e-01
6.053210642128426e+00,7.871106484230941e-01,7.871106484230941e-01
6.055211042208442e+00,7.871485096097777e-01,7.871485096097777e-01
6.057211442288458e+00,7.871863509849382e-01,7.871863509849382e-01
6.059211842368474e+00,7.872241725658560e-01,7.872241725658560e-01
6.061212242448490e+00,7.872619743698115e-01,7.872619743698115e-01
6.063212642528506e+00,7.872997564131756e-01,7.872997564131756e-01
6.065213042608522e+00,7.873375187141383e-01,7.873375187141383e-01
6.067213442688538e+00,7.873752612881608e-01,7.873752612881608e-01
6.069213842768554e+00,7.874129841534332e-01,7.874129841534332e-01
6.071214242848570e+00,7.874506873254168e-01,7.874506873254168e-01
6.073214642928586e+00,7.874883708223015e-01,7.874883708223015e-01
6.075215043008602e+00,7.875260346604582e-01,7.875260346604582e-01
6.077215443088618e+00,7.875636788562579e-01,7.875636788562579e-01
6.079215843168634e+00,7.876013034269809e-01,7.876013034269809e-01
6.081216243248650e+00,7.876389083889981e-01,7.876389083889981e-01
6.083216643328666e+00,7.876764937595899e-01,7.876764937595899e-01
6.085217043408682e+00,7.877140595551273e-01,7.877140595551273e-01
6.087217443488698e+00,7.877516057928906e-01,7.877516057928906e-01
6.089217843568714e+00,7.877891324892508e-01,7.877891324892508e-01
6.091218243648730e+00,7.878266396605786e-01,7.878266396605786e-01
6.093218643728746e+00,7.878641273241547e-01,7.878641273241547e-01
6.095219043808762e+00,7.879015954954403e-01,7.879015954954403e-01
6.097219443888778e+00,7.879390441926253e-01,7.879390441926253e-01
6.099219843968794e+00,7.879764734311712e-01,7.879764734311712e-01
6.101220244048810e+00,7.880138832283583e-01,7.880138832283583e-01
6.103220644128826e+00,7.880512736005576e-01,7.880512736005576e-01
6.105221044208842e+00,7.880886445641400e-01,7.880886445641400e-01
6.107221444288858e+00,7.881259961363858e-01,7.881259961363858e-01
6.109221844368874e+00,7.881633283318470e-01,7.881633283318470e-01
6.111222244448890e+00,7.882006411696230e-01,7.882006411696230e-01
6.113222644528906e+00,7.882379346642656e-01,7.882379346642656e-01
6.115223044608922e+00,7.882752088321459e-01,7.882752088321459e-01
6.117223444688938e+00,7.883124636914536e-01,7.883124636914536e-01
6.119223844768954e+00,7.883496992576502e-01,7.883496992576502e-01
6.121224244848970e+00,7.883869155461971e-01,7.883869155461971e-01
6.123224644928986e+00,7.884241125743747e-01,7.884241125743747e-01
6.125225045009002e+00,7.884612903594634e-01,7.884612903594634e-01
6.127225445089018e+00,7.884984489160152e-01,7.884984489160152e-01
6.129225845169034e+00,7.885355882613103e-01,7.885355882613103e-01
6.131226245249050e+00,7.885727084108103e-01,7.885727084108103e-01
6.133226645329066e+00,7.886098093827050e-01,7.886098093827050e-01
6.135227045409082e+00,7.886468911906368e-01,7.886468911906368e-01
6.137227445489098e+00,7.886839538527957e-01,7.886839538527957e-01
6.139227845569114e+00,7.887209973855525e-01,7.887209973855525e-01
6.141228245649130e+00,7.887580218034591e-01,7.887580218034591e-01
6.143228645729146e+00,7.887950271237960e-01,7.887950271237960e-01
6.145229045809161e+00,7.888320133629341e-01,7.888320133629341e-01
6.147229445889177e+00,7.888689805363347e-01,7.888689805363347e-01
6.149229845969193e+00,7.889059286603688e-01,7.889059286603688e-01
6.151230246049209e+00,7.889428577514073e-01,7.889428577514073e-01
6.153230646129225e+00,7.889797678249115e-01,7.889797678249115e-01
6.155231046209241e+00,7.890166588981620e-01,7.890166588981620e-01
6.157231446289257e+00,7.890535309857105e-01,7.890535309857105e-01
6.159231846369273e+00,7.890903841048376e-01,7.890903841048376e-01
6.161232246449289e+00,7.891272182710045e-01,7.891272182710045e-01
6.163232646529305e+00,7.891640334996728e-01,7.891640334996728e-01
6.165233046609321e+00,7.892008298081228e-01,7.892008298081228e-01
6.167233446689337e+00,7.892376072109064e-01,7.892376072109064e-01
6.169233846769353e+00,7.892743657243946e-01,7.892743657243946e-01
6.171234246849369e+00,7.893111053658677e-01,7.893111053658677e-01
6.173234646929386e+00,7.893478261489681e-01,7.893478261489681e-01
6.175235047009402e+00,7.893845280918859e-01,7.893845280918859e-01
6.177235447089418e+00,7.894212112082633e-01,7.894212112082633e-01
6.179235847169434e+00,7.894578755153807e-01,7.894578755153807e-01
6.181236247249450e+00,7.894945210286997e-01,7.894945210286997e-01
6.183236647329466e+00,7.895311477636815e-01,7.895311477636815e-01
6.185237047409482e+00,7.895677557366971e-01,7.895677557366971e-01
6.187237447489498e+00,7.896043449641175e-01,7.896043449641175e-01
6.189237847569514e+00,7.896409154595849e-01,7.896409154595849e-01
6.191238247649530e+00,7.896774672403799e-01,7.896774672403799e-01
6.193238647729546e+00,7.897140003228733e-01,7.897140003228733e-01
6.195239047809562e+00,7.897505147207076e-01,7.897505147207076e-01
6.197239447889578e+00,7.897870104511631e-01,7.897870104511631e-01
6.199239847969594e+00,7.898234875297012e-01,7.898234875297012e-01
6.201240248049610e+00,7.898599459717834e-01,7.898599459717834e-01
6.203240648129626e+00,7.898963857919616e-01,7.898963857919616e-01
6.205241048209642e+00,7.899328070084257e-01,7.899328070084257e-01
6.207241448289658e+00,7.899692096339086e-01,7.899692096339086e-01
6.209241848369674e+00,7.900055936856907e-01,7.900055936856907e-01
6.211242248449690e+00,7.900419591792334e-01,7.900419591792334e-01
6.213242648529706e+00,7.900783061290886e-01,7.900783061290886e-01
6.215243048609722e+00,7.901146345516272e-01,7.901146345516272e-01
6.217243448689738e+00,7.901509444623107e-01,7.901509444623107e-01
6.219243848769754e+00,7.901872358766004e-01,7.901872358766004e-01
6.221244248849770e+00,7.902235088099578e-01,7.902235088099578e-01
6.223244648929786e+00,7.902597632778443e-01,7.902597632778443e-01
6.225245049009802e+00,7.902959992948118e-01,7.902959992948118e-01
6.227245449089818e+00,7.903322168772311e-01,7.903322168772311e-01
6.229245849169834e+00,7.903684160405637e-01,7.903684160405637e-01
6.231246249249850e+00,7.904045968002711e-01,7.904045968002711e-01
6.233246649329866e+00,7.904407591709051e-01,7.904407591709051e-01
6.235247049409882e+00,7.904769031679271e-01,7.904769031679271e-01
6.237247449489898e+00,7.905130288077080e-01,7.905130288077080e-01
6.239247849569914e+00,7.905491361047998e-01,7.905491361047998e-01
6.241248249649930e+00,7.905852250737544e-01,7.905852250737544e-01
6.243248649729946e+00,7.906212957309426e-01,7.906212957309426e-01
6.245249049809962e+00,7.906573480918260e-01,7.906573480918260e-01
6.247249449889978e+00,7.906933821709563e-01,7.906933821709563e-01
6.249249849969994e+00,7.907293979828856e-01,7.907293979828856e-01
6.251250250050010e+00,7.907653955448941e-01,7.907653955448941e-01
6.253250650130026e+00,7.908013748697149e-01,7.908013748697149e-01
6.255251050210042e+00,7.908373359746284e-01,7.908373359746284e-01
6.257251450290058e+00,7.908732788732769e-01,7.908732788732769e-01
6.259251850370074e+00,7.909092035811218e-01,7.909092035811218e-01
6.261252250450090e+00,7.909451101145342e-01,7.909451101145342e-01
6.263252650530106e+00,7.909809984871563e-01,7.909809984871563e-01
6.265253050610122e+00,7.910168687144497e-01,7.910168687144497e-01
6.267253450690138e+00,7.910527208109661e-01,7.910527208109661e-01
6.269253850770154e+00,7.910885547930766e-01,7.910885547930766e-01
6.271254250850170e+00,7.911243706744235e-01,7.911243706744235e-01
6.273254650930186e+00,7.911601684713778e-01,7.911601684713778e-01
6.275255051010202e+00,7.911959481975819e-01,7.911959481975819e-01
6.277255451090218e+00,7.912317098694066e-01,7.912317098694066e-01
6.279255851170234e+00,7.912674535004944e-01,7.912674535004944e-01
6.281256251250250e+00,7.913031791063068e-01,7.913031791063068e-01
6.283256651330266e+00,7.913388867023050e-01,7.913388867023050e-01
6.285257051410282e+00,7.913745763021316e-01,7.913745763021316e-01
6.287257451490298e+00,7.914102479221574e-01,7.914102479221574e-01
6.289257851570314e+00,7.914459015760249e-01,7.914459015760249e-01
6.291258251650330e+00,7.914815372791955e-01,7.914815372791955e-01
6.293258651730346e+00,7.915171550471305e-01,7.915171550471305e-01
6.295259051810362e+00,7.915527548934724e-01,7.915527548934724e-01
6.297259451890378e+00,7.915883368327732e-01,7.915883368327732e-01
6.299259851970394e+00,7.916239008814037e-01,7.916239008814037e-01
6.301260252050410e+00,7.916594470530063e-01,7.916594470530063e-01
6.303260652130426e+00,7.916949753630425e-01,7.916949753630425e-01
6.305261052210442e+00,7.917304858251546e-01,7.917304858251546e-01
6.307261452290458e+00,7.917659784548041e-01,7.917659784548041e-01
6.309261852370474e+00,7.918014532665429e-01,7.918014532665429e-01
6.311262252450490e+00,7.918369102758325e-01,7.918369102758325e-01
6.313262652530506e+00,7.918723494963151e-01,7.918723494963151e-01
6.315263052610522e+00,7.919077709425428e-01,7.919077709425428e-01
6.317263452690538e+00,7.919431746299770e-01,7.919431746299770e-01
6.319263852770554e+00,7.919785605722600e-01,7.919785605722600e-01
6.321264252850570e+00,7.920139287848533e-01,7.920139287848533e-01
6.323264652930586e+00,7.920492792823088e-01,7.920492792823088e-01
6.325265053010602e+00,7.920846120791785e-01,7.920846120791785e-01
6.327265453090618e+00,7.921199271900141e-01,7.921199271900141e-01
6.329265853170634e+00,7.921552246284582e-01,7.921552246284582e-01
6.331266253250650e+00,7.921905044099722e-01,7.921905044099722e-01
6.333266653330666e+00,7.922257665481984e-01,7.922257665481984e-01
6.335267053410682e+00,7.922610110585984e-01,7.922610110585984e-01
6.337267453490698e+00,7.922962379557239e-01,7.922962379557239e-01
6.339267853570714e+00,7.923314472532175e-01,7.923314472532175e-01
6.341268253650730e+00,7.923666389665405e-01,7.923666389665405e-01
6.343268653730746e+00,7.924018131084258e-01,7.924018131084258e-01
6.345269053810762e+00,7.924369696952445e-01,7.924369696952445e-01
6.347269453890778e+00,7.924721087397293e-01,7.924721087397293e-01
6.349269853970794e+00,7.925072302573417e-01,7.925072302573417e-01
6.351270254050810e+00,7.925423342617242e-01,7.925423342617242e-01
6.353270654130826e+00,7.925774207683380e-01,7.925774207683380e-01
6.355271054210842e+00,7.926124897899163e-01,7.926124897899163e-01
6.357271454290858e+00,7.926475413419203e-01,7.926475413419203e-01
6.359271854370874e+00,7.926825754379925e-01,7.926825754379925e-01
6.361272254450890e+00,7.927175920935943e-01,7.927175920935943e-01
6.363272654530906e+00,7.927525913214586e-01,7.927525913214586e-01
6.365273054610922e+00,7.927875731370468e-01,7.927875731370468e-01
6.367273454690938e+00,7.928225375530920e-01,7.928225375530920e-01
6.369273854770954e+00,7.928574845850553e-01,7.928574845850553e-01
6.371274254850970e+00,7.928924142474889e-01,7.928924142474889e-01
6.373274654930986e+00,7.929273265531256e-01,7.929273265531256e-01
6.375275055011002e+00,7.929622215174268e-01,7.929622215174268e-01
6.377275455091018e+00,7.929970991540349e-01,7.929970991540349e-01
6.379275855171034e+00,7.930319594775019e-01,7.930319594775019e-01
6.381276255251050e+00,7.930668025005607e-01,7.930668025005607e-01
6.383276655331066e+00,7.931016282386727e-01,7.931016282386727e-01
6.385277055411082e+00,7.931364367054803e-01,7.931364367054803e-01
6.387277455491098e+00,7.931712279155354e-01,7.931712279155354e-01
6.389277855571114e+00,7.932060018824805e-01,7.932060018824805e-01
6.391278255651130e+00,7.932407586199579e-01,7.932407586199579e-01
6.393278655731146e+00,7.932754981416101e-01,7.932754981416101e-01
6.395279055811162e+00,7.933102204628986e-01,7.933102204628986e-01
6.397279455891178e+00,7.933449255974656e-01,7.933449255974656e-01
6.399279855971194e+00,7.933796135589537e-01,7.933796135589537e-01
6.401280256051210e+00,7.934142843610053e-01,7.934142843610053e-01
6.403280656131226e+00,7.934489380172627e-01,7.934489380172627e-01
6.405281056211242e+00,7.934835745431874e-01,7.934835745431874e-01
6.407281456291258e+00,7.935181939515124e-01,7.935181939515124e-01
6.409281856371274e+00,7.935527962558799e-01,7.935527962558799e-01
6.411282256451290e+00,7.935873814708421e-01,7.935873814708421e-01
6.413282656531306e+00,7.936219496100412e-01,7.936219496100412e-01
6.415283056611322e+00,7.936565006880292e-01,7.936565006880292e-01
6.417283456691338e+00,7.936910347175390e-01,7.936910347175390e-01
6.419283856771354e+00,7.937255517131225e-01,7.937255517131225e-01
6.421284256851370e+00,7.937600516875127e-01,7.937600516875127e-01
6.423284656931386e+00,7.937945346552615e-01,7.937945346552615e-01
6.425285057011402e+00,7.938290006309208e-01,7.938290006309208e-01
6.427285457091418e+00,7.938634496272234e-01,7.938634496272234e-01
6.429285857171434e+00,7.938978816578119e-01,7.938978816578119e-01
6.431286257251450e+00,7.939322967372382e-01,7.939322967372382e-01
6.433286657331466e+00,7.939666948782351e-01,7.939666948782351e-01
6.435287057411482e+00,7.940010760953546e-01,7.940010760953546e-01
6.437287457491498e+00,7.940354404022392e-01,7.940354404022392e-01
6.439287857571514e+00,7.940697878116216e-01,7.940697878116216e-01
6.441288257651530e+00,7.941041183380539e-01,7.941041183380539e-01
6.443288657731546e+00,7.941384319951785e-01,7.941384319951785e-01
6.445289057811562e+00,7.941727287957283e-01,7.941727287957283e-01
6.447289457891578e+00,7.942070087542552e-01,7.942070087542552e-01
6.449289857971594e+00,7.942412718834921e-01,7.942412718834921e-01
6.451290258051610e+00,7.942755181979910e-01,7.942755181979910e-01
6.453290658131627e+00,7.943097477104848e-01,7.943097477104848e-01
6.455291058211643e+00,7.943439604355254e-01,7.943439604355254e-01
6.457291458291659e+00,7.943781563858456e-01,7.943781563858456e-01
6.459291858371675e+00,7.944123355741786e-01,7.944123355741786e-01
6.461292258451691e+00,7.944464980159855e-01,7.944464980159855e-01
6.463292658531707e+00,7.944806437230900e-01,7.944806437230900e-01
6.465293058611723e+00,7.945147727091344e-01,7.945147727091344e-01
6.467293458691739e+00,7.945488849886706e-01,7.945488849886706e-01
6.469293858771755e+00,7.945829805744316e-01,7.945829805744316e-01
6.471294258851771e+00,7.946170594800597e-01,7.946170594800597e-01
6.473294658931787e+00,7.946511217182879e-01,7.946511217182879e-01
6.475295059011803e+00,7.946851673036681e-01,7.946851673036681e-01
6.477295459091819e+00,7.947191962480238e-01,7.947191962480238e-01
6.479295859171835e+00,7.947532085659068e-01,7.947532085659068e-01
6.481296259251851e+00,7.947872042709596e-01,7.947872042709596e-01
6.483296659331867e+00,7.948211833750056e-01,7.948211833750056e-01
6.485297059411883e+00,7.948551458925968e-01,7.948551458925968e-01
6.487297459491899e+00,7.948890918373754e-01,7.948890918373754e-01
6.489297859571915e+00,7.949230212211651e-01,7.949230212211651e-01
6.491298259651931e+00,7.949569340585176e-01,7.949569340585176e-01
6.493298659731947e+00,7.949908303621660e-01,7.949908303621660e-01
6.495299059811963e+00,7.950247101448431e-01,7.950247101448431e-01
6.497299459891979e+00,7.950585734211009e-01,7.950585734211009e-01
6.499299859971995e+00,7.950924202027627e-01,7.950924202027627e-01
6.501300260052011e+00,7.951262505043806e-01,7.951262505043806e-01
6.503300660132027e+00,7.951600643377779e-01,7.951600643377779e-01
6.505301060212043e+00,7.951938617165970e-01,7.951938617165970e-01
6.507301460292059e+00,7.952276426544804e-01,7.952276426544804e-01
6.509301860372075e+00,7.952614071650705e-01,7.952614071650705e-01
6.511302260452091e+00,7.952951552592813e-01,7.952951552592813e-01
6.513302660532107e+00,7.953288869525741e-01,7.953288869525741e-01
6.515303060612123e+00,7.953626022567724e-01,7.953626022567724e-01
6.517303460692139e+00,7.953963011855185e-01,7.953963011855185e-01
6.519303860772155e+00,7.954299837515455e-01,7.954299837515455e-01
6.521304260852171e+00,7.954636499684957e-01,7.954636499684957e-01
6.523304660932187e+00,7.954972998481926e-01,7.954972998481926e-01
6.525305061012203e+00,7.955309334042786e-01,7.955309334042786e-01
6.527305461092219e+00,7.955645506503961e-01,7.955645506503961e-01
6.529305861172235e+00,7.955981515992780e-01,7.955981515992780e-01
6.531306261252251e+00,7.956317362636574e-01,7.956317362636574e-01
6.533306661332267e+00,7.956653046562669e-01,7.956653046562669e-01
6.535307061412283e+00,7.956988567898398e-01,7.956988567898398e-01
6.537307461492299e+00,7.957323926780182e-01,7.957323926780182e-01
6.539307861572315e+00,7.957659123344447e-01,7.957659123344447e-01
6.541308261652331e+00,7.957994157700332e-01,7.957994157700332e-01
6.543308661732347e+00,7.958329029993356e-01,7.958329029993356e-01
6.545309061812363e+00,7.958663740341754e-01,7.958663740341754e-01
6.547309461892379e+00,7.958998288881949e-01,7.958998288881949e-01
6.549309861972395e+00,7.959332675741271e-01,7.959332675741271e-01
6.551310262052411e+00,7.959666901037954e-01,7.959666901037954e-01
6.553310662132427e+00,7.960000964917517e-01,7.960000964917517e-01
6.555311062212443e+00,7.960334867498196e-01,7.960334867498196e-01
6.557311462292459e+00,7.960668608907318e-01,7.960668608907318e-01
6.559311862372475e+00,7.961002189272213e-01,7.961002189272213e-01
6.561312262452491e+00,7.961335608729305e-01,7.961335608729305e-01
6.563312662532507e+00,7.961668867396829e-01,7.961668867396829e-01
6.565313062612523e+00,7.962001965402115e-01,7.962001965402115e-01
6.567313462692539e+00,7.962334902872490e-01,7.962334902872490e-01
6.569313862772555e+00,7.962667679944380e-01,7.962667679944380e-01
6.571314262852571e+00,7.963000296736018e-01,7.963000296736018e-01
6.573314662932587e+00,7.963332753383829e-01,7.963332753383829e-01
6.575315063012603e+00,7.963665049996953e-01,7.963665049996953e-01
6.577315463092619e+00,7.963997186720908e-01,7.963997186720908e-01
6.579315863172635e+00,7.964329163664834e-01,7.964329163664834e-01
6.581316263252651e+00,7.964660980974250e-01,7.964660980974250e-01
6.583316663332667e+00,7.964992638758295e-01,7.964992638758295e-01
6.585317063412683e+00,7.965324137153393e-01,7.965324137153393e-01
6.587317463492699e+00,7.965655476277780e-01,7.965655476277780e-01
6.589317863572715e+00,7.965986656258783e-01,7.965986656258783e-01
6.591318263652731e+00,7.966317677232828e-01,7.966317677232828e-01
6.593318663732747e+00,7.966648539318149e-01,7.966648539318149e-01
6.595319063812763e+00,7.966979242632979e-01,7.966979242632979e-01
6.597319463892779e+00,7.967309787313743e-01,7.967309787313743e-01
6.599319863972795e+00,7.967640173469581e-01,7.967640173469581e-01
6.601320264052810e+00,7.967970401246012e-01,7.967970401246012e-01
6.603320664132826e+00,7.968300470761269e-01,7.968300470761269e-01
6.605321064212842e+00,7.968630382124493e-01,7.968630382124493e-01
6.607321464292858e+00,7.968960135481202e-01,7.968960135481202e-01
6.609321864372874e+00,7.969289730949631e-01,7.969289730949631e-01
6.611322264452890e+00,7.969619168648014e-01,7.969619168648014e-01
6.613322664532906e+00,7.969948448703681e-01,7.969948448703681e-01
6.615323064612922e+00,7.970277571243960e-01,7.970277571243960e-01
6.617323464692938e+00,7.970606536387086e-01,7.970606536387086e-01
6.619323864772954e+00,7.970935344260388e-01,7.970935344260388e-01
6.621324264852970e+00,7.971263994991196e-01,7.971263994991196e-01
6.623324664932986e+00,7.971592488688648e-01,7.971592488688648e-01
6.625325065013002e+00,7.971920825498264e-01,7.971920825498264e-01
6.627325465093018e+00,7.972249005520089e-01,7.972249005520089e-01
6.629325865173034e+00,7.972577028890546e-01,7.972577028890546e-01
6.631326265253050e+00,7.972904895736965e-01,7.972904895736965e-01
6.633326665333066e+00,7.973232606168486e-01,7.973232606168486e-01
6.635327065413082e+00,7.973560160312436e-01,7.973560160312436e-01
6.637327465493098e+00,7.973887558296147e-01,7.973887558296147e-01
6.639327865573114e+00,7.974214800237851e-01,7.974214800237851e-01
6.641328265653130e+00,7.974541886264879e-01,7.974541886264879e-01
6.643328665733146e+00,7.974868816495464e-01,7.974868816495464e-01
6.645329065813162e+00,7.975195591047841e-01,7.975195591047841e-01
6.647329465893178e+00,7.975522210049339e-01,7.975522210049339e-01
6.649329865973194e+00,7.975848673627288e-01,7.975848673627288e-01
6.651330266053210e+00,7.976174981890827e-01,7.976174981890827e-01
6.653330666133226e+00,7.976501134967284e-01,7.976501134967284e-01
6.655331066213242e+00,7.976827132974895e-01,7.976827132974895e-01
6.657331466293258e+00,7.977152976031894e-01,7.977152976031894e-01
6.659331866373274e+00,7.977478664274704e-01,7.977478664274704e-01
6.661332266453290e+00,7.977804197812466e-01,7.977804197812466e-01
6.663332666533306e+00,7.978129576772508e-01,7.978129576772508e-01
6.665333066613322e+00,7.978454801263970e-01,7.978454801263970e-01
6.667333466693338e+00,7.978779871414181e-01,7.978779871414181e-01
6.669333866773354e+00,7.979104787350471e-01,7.979104787350471e-01
6.671334266853370e+00,7.979429549181978e-01,7.979429549181978e-01
6.673334666933386e+00,7.979754157026937e-01,7.979754157026937e-01
6.675335067013402e+00,7.980078611021773e-01,7.980078611021773e-01
6.677335467093418e+00,7.980402911275624e-01,7.980402911275624e-01
6.679335867173434e+00,7.980727057906725e-01,7.980727057906725e-01
6.681336267253450e+00,7.981051051033310e-01,7.981051051033310e-01
6.683336667333466e+00,7.981374890791804e-01,7.981374890791804e-01
6.685337067413482e+00,7.981698577273155e-01,7.981698577273155e-01
6.687337467493498e+00,7.982022110622884e-01,7.982022110622884e-01
6.689337867573514e+00,7.982345490941034e-01,7.982345490941034e-01
6.691338267653530e+00,7.982668718364030e-01,7.982668718364030e-01
6.693338667733546e+00,7.982991792991916e-01,7.982991792991916e-01
6.695339067813562e+00,7.983314714961116e-01,7.983314714961116e-01
6.697339467893578e+00,7.983637484380770e-01,7.983637484380770e-01
6.699339867973594e+00,7.983960101360017e-01,7.983960101360017e-01
6.701340268053610e+00,7.984282566044376e-01,7.984282566044376e-01
6.703340668133627e+00,7.984604878524797e-01,7.984604878524797e-01
6.705341068213643e+00,7.984927038937704e-01,7.984927038937704e-01
6.707341468293659e+00,7.985249047383141e-01,7.985249047383141e-01
6.709341868373675e+00,7.985570903997532e-01,7.985570903997532e-01
6.711342268453691e+00,7.985892608890017e-01,7.985892608890017e-01
6.713342668533707e+00,7.986214162178831e-01,7.986214162178831e-01
6.715343068613723e+00,7.986535563982207e-01,7.986535563982207e-01
6.717343468693739e+00,7.986856814409284e-01,7.986856814409284e-01
6.719343868773755e+00,7.987177913596488e-01,7.987177913596488e-01
6.721344268853771e+00,7.987498861634768e-01,7.987498861634768e-01
6.723344668933787e+00,7.987819658669641e-01,7.987819658669641e-01
6.725345069013803e+00,7.988140304792060e-01,7.988140304792060e-01
6.727345469093819e+00,7.988460800138446e-01,7.988460800138446e-01
6.729345869173835e+00,7.988781144817940e-01,7.988781144817940e-01
6.731346269253851e+00,7.989101338939681e-01,7.989101338939681e-01
6.733346669333867e+00,7.989421382630999e-01,7.989421382630999e-01
6.735347069413883e+00,7.989741276010127e-01,7.989741276010127e-01
6.737347469493899e+00,7.990061019177110e-01,7.990061019177110e-01
6.739347869573915e+00,7.990380612259278e-01,7.990380612259278e-01
6.741348269653931e+00,7.990700055374864e-01,7.990700055374864e-01
6.743348669733947e+00,7.991019348633008e-01,7.991019348633008e-01
6.745349069813963e+00,7.991338492161040e-01,7.991338492161040e-01
6.747349469893979e+00,7.991657486059003e-01,7.991657486059003e-01
6.749349869973995e+00,7.991976330445132e-01,7.991976330445132e-01
6.751350270054011e+00,7.992295025437661e-01,7.992295025437661e-01
6.753350670134027e+00,7.992613571154825e-01,7.992613571154825e-01
6.755351070214043e+00,7.992931967714858e-01,7.992931967714858e-01
6.757351470294059e+00,7.993250215217804e-01,7.993250215217804e-01
6.759351870374075e+00,7.993568313790993e-01,7.993568313790993e-01
6.761352270454091e+00,7.993886263552659e-01,7.993886263552659e-01
6.763352670534107e+00,7.994204064602846e-01,7.994204064602846e-01
6.765353070614123e+00,7.994521717059788e-01,7.994521717059788e-01
6.767353470694139e+00,7.994839221050816e-01,7.994839221050816e-01
6.769353870774155e+00,7.995156576675972e-01,7.995156576675972e-01
6.771354270854171e+00,7.995473784053493e-01,7.995473784053493e-01
6.773354670934187e+00,7.995790843292516e-01,7.995790843292516e-01
6.775355071014203e+00,7.996107754520372e-01,7.996107754520372e-01
6.777355471094219e+00,7.996424517837104e-01,7.996424517837104e-01
6.779355871174235e+00,7.996741133360947e-01,7.996741133360947e-01
6.781356271254251e+00,7.997057601210136e-01,7.997057601210136e-01
6.783356671334267e+00,7.997373921493809e-01,7.997373921493809e-01
6.785357071414283e+00,7.997690094321106e-01,7.997690094321106e-01
6.787357471494299e+00,7.998006119810261e-01,7.998006119810261e-01
6.789357871574315e+00,7.998321998070415e-01,7.998321998070415e-01
6.791358271654331e+00,7.998637729219800e-01,7.998637729219800e-01
6.793358671734347e+00,7.998953313367556e-01,7.998953313367556e-01
6.795359071814363e+00,7.999268750631918e-01,7.999268750631918e-01
6.797359471894379e+00,7.999584041112930e-01,7.999584041112930e-01
6.799359871974395e+00,7.999899184937922e-01,7.999899184937922e-01
6.801360272054411e+00,8.000214182206937e-01,8.000214182206937e-01
6.803360672134427e+00,8.000529033029116e-01,8.000529033029116e-01
6.805361072214443e+00,8.000843737531786e-01,8.000843737531786e-01
6.807361472294459e+00,8.001158295814994e-01,8.001158295814994e-01
6.809361872374475e+00,8.001472708006068e-01,8.001472708006068e-01
6.811362272454491e+00,8.001786974195957e-01,8.001786974195957e-01
6.813362672534507e+00,8.002101094502896e-01,8.002101094502896e-01
6.815363072614523e+00,8.002415069045119e-01,8.002415069045119e-01
6.817363472694539e+00,8.002728897922671e-01,8.002728897922671e-01
6.819363872774555e+00,8.003042581262880e-01,8.003042581262880e-01
6.821364272854571e+00,8.003356119156697e-01,8.003356119156697e-01
6.823364672934587e+00,8.003669511731450e-01,8.003669511731450e-01
6.825365073014603e+00,8.003982759096280e-01,8.003982759096280e-01
6.827365473094619e+00,8.004295861351229e-01,8.004295861351229e-01
6.829365873174635e+00,8.004608818614534e-01,8.004608818614534e-01
6.831366273254651e+00,8.004921630995332e-01,8.004921630995332e-01
6.833366673334667e+00,8.005234298602764e-01,8.005234298602764e-01
6.835367073414683e+00,8.005546821555063e-01,8.005546821555063e-01
6.837367473494699e+00,8.005859199952274e-01,8.005859199952274e-01
6.839367873574715e+00,8.006171433903537e-01,8.006171433903537e-01
6.841368273654731e+00,8.006483523527086e-01,8.006483523527086e-01
6.843368673734747e+00,8.006795468922965e-01,8.006795468922965e-01
6.845369073814763e+00,8.007107270209408e-01,8.007107270209408e-01
6.847369473894779e+00,8.007418927495555e-01,8.007418927495555e-01
6.849369873974795e+00,8.007730440890546e-01,8.007730440890546e-01
6.851370274054811e+00,8.008041810494424e-01,8.008041810494424e-01
6.853370674134827e+00,8.008353036425424e-01,8.008353036425424e-01
6.855371074214843e+00,8.008664118792685e-01,8.008664118792685e-01
6.857371474294859e+00,8.008975057705348e-01,8.008975057705348e-01
6.859371874374875e+00,8.009285853263455e-01,8.009285853263455e-01
6.861372274454891e+00,8.009596505585241e-01,8.009596505585241e-01
6.863372674534907e+00,8.009907014770752e-01,8.009907014770752e-01
6.865373074614923e+00,8.010217380938220e-01,8.010217380938220e-01
6.867373474694939e+00,8.010527604196787e-01,8.010527604196787e-01
6.869373874774955e+00,8.010837684637400e-01,8.010837684637400e-01
6.871374274854971e+00,8.011147622387389e-01,8.011147622387389e-01
6.873374674934987e+00,8.011457417555894e-01,8.011457417555894e-01
6.875375075015003e+00,8.011767070233864e-01,8.011767070233864e-01
6.877375475095019e+00,8.012076580539533e-01,8.012076580539533e-01
6.879375875175035e+00,8.012385948572947e-01,8.012385948572947e-01
6.881376275255051e+00,8.012695174452338e-01,8.012695174452338e-01
6.883376675335067e+00,8.013004258286847e-01,8.013004258286847e-01
6.885377075415083e+00,8.013313200167422e-01,8.013313200167422e-01
6.887377475495099e+00,8.013622000221394e-01,8.013622000221394e-01
6.889377875575115e+00,8.013930658539712e-01,8.013930658539712e-01
6.891378275655131e+00,8.014239175231515e-01,8.014239175231515e-01
6.893378675735147e+00,8.014547550415037e-01,8.014547550415037e-01
6.895379075815163e+00,8.014855784190322e-01,8.014855784190322e-01
6.897379475895179e+00,8.015163876657416e-01,8.015163876657416e-01
6.899379875975195e+00,8.015471827934553e-01,8.015471827934553e-01
6.901380276055211e+00,8.015779638121776e-01,8.015779638121776e-01
6.903380676135227e+00,8.016087307328226e-01,8.016087307328226e-01
6.905381076215243e+00,8.016394835653946e-01,8.016394835653946e-01
6.907381476295259e+00,8.016702223217171e-01,8.016702223217171e-01
6.909381876375275e+00,8.017009470108851e-01,8.017009470108851e-01
6.911382276455291e+00,8.017316576447220e-01,8.017316576447220e-01
6.913382676535307e+00,8.017623542323227e-01,8.017623542323227e-01
6.915383076615323e+00,8.017930367864201e-01,8.017930367864201e-01
6.917383476695339e+00,8.018237053161092e-01,8.018237053161092e-01
6.919383876775355e+00,8.018543598313945e-01,8.018543598313945e-01
6.921384276855371e+00,8.018850003450089e-01,8.018850003450089e-01
6.923384676935387e+00,8.019156268651377e-01,8.019156268651377e-01
6.925385077015403e+00,8.019462394036045e-01,8.019462394036045e-01
6.927385477095419e+00,8.019768379704137e-01,8.019768379704137e-01
6.929385877175435e+00,8.020074225764793e-01,8.020074225764793e-01
6.931386277255451e+00,8.020379932318056e-01,8.020379932318056e-01
6.933386677335467e+00,8.020685499473066e-01,8.020685499473066e-01
6.935387077415483e+00,8.020990927329867e-01,8.020990927329867e-01
6.937387477495499e+00,8.021296215997600e-01,8.021296215997600e-01
6.939387877575515e+00,8.021601365576307e-01,8.021601365576307e-01
6.941388277655531e+00,8.021906376175130e-01,8.021906376175130e-01
6.943388677735547e+00,8.022211247894111e-01,8.022211247894111e-01
6.945389077815563e+00,8.022515980842391e-01,8.022515980842391e-01
6.947389477895579e+00,8.022820575110918e-01,8.022820575110918e-01
6.949389877975595e+00,8.023125030817928e-01,8.023125030817928e-01
6.951390278055611e+00,8.023429348063464e-01,8.023429348063464e-01
6.953390678135627e+00,8.023733526947572e-01,8.023733526947572e-01
6.955391078215643e+00,8.024037567579390e-01,8.024037567579390e-01
6.957391478295659e+00,8.024341470049867e-01,8.024341470049867e-01
6.959391878375675e+00,8.024645234477239e-01,8.024645234477239e-01
6.961392278455691e+00,8.024948860961549e-01,8.024948860961549e-01
6.963392678535707e+00,8.025252349602843e-01,8.025252349602843e-01
6.965393078615723e+00,8.025555700501164e-01,8.025555700501164e-01
6.967393478695739e+00,8.025858913756556e-01,8.025858913756556e-01
6.969393878775755e+00,8.026161989487255e-01,8.026161989487255e-01
6.971394278855771e+00,8.026464927784209e-01,8.026464927784209e-01
6.973394678935787e+00,8.026767728747464e-01,8.026767728747464e-01
6.975395079015803e+00,8.027070392495252e-01,8.027070392495252e-01
6.977395479095819e+00,8.027372919109430e-01,8.027372919109430e-01
6.979395879175835e+00,8.027675308699136e-01,8.027675308699136e-01
6.981396279255851e+00,8.027977561373509e-01,8.027977561373509e-01
6.983396679335867e+00,8.028279677232595e-01,8.028279677232595e-01
6.985397079415884e+00,8.028581656376437e-01,8.028581656376437e-01
6.987397479495900e+00,8.028883498905079e-01,8.028883498905079e-01
6.989397879575916e+00,8.029185204918567e-01,8.029185204918567e-01
6.991398279655932e+00,8.029486774526040e-01,8.029486774526040e-01
6.993398679735948e+00,8.029788207818447e-01,8.029788207818447e-01
6.995399079815964e+00,8.030089504904927e-01,8.030089504904927e-01
6.997399479895980e+00,8.030390665885525e-01,8.030390665885525e-01
6.999399879975996e+00,8.030691690860285e-01,8.030691690860285e-01
7.001400280056012e+00,8.030992579929253e-01,8.030992579929253e-01
7.003400680136028e+00,8.031293333201566e-01,8.031293333201566e-01
7.005401080216044e+00,8.031593950768174e-01,8.031593950768174e-01
7.007401480296060e+00,8.031894432729123e-01,8.031894432729123e-01
7.009401880376076e+00,8.032194779193551e-01,8.032194779193551e-01
7.011402280456092e+00,8.032494990252408e-01,8.032494990252408e-01
7.013402680536108e+00,8.032795066014833e-01,8.032795066014833e-01
7.015403080616124e+00,8.033095006580870e-01,8.033095006580870e-01
7.017403480696140e+00,8.033394812041470e-01,8.033394812041470e-01
7.019403880776156e+00,8.033694482505771e-01,8.033694482505771e-01
7.021404280856172e+00,8.033994018073818e-01,8.033994018073818e-01
7.023404680936188e+00,8.034293418845655e-01,8.034293418845655e-01
7.025405081016204e+00,8.034592684912232e-01,8.034592684912232e-01
7.027405481096220e+00,8.034891816373593e-01,8.034891816373593e-01
7.029405881176236e+00,8.035190813347972e-01,8.035190813347972e-01
7.031406281256252e+00,8.035489675917225e-01,8.035489675917225e-01
7.033406681336268e+00,8.035788404181394e-01,8.035788404181394e-01
7.035407081416284e+00,8.036086998249621e-01,8.036086998249621e-01
7.037407481496300e+00,8.036385458212854e-01,8.036385458212854e-01
7.039407881576316e+00,8.036683784171137e-01,8.036683784171137e-01
7.041408281656332e+00,8.036981976224515e-01,8.036981976224515e-01
7.043408681736348e+00,8.037280034473033e-01,8.037280034473033e-01
7.045409081816364e+00,8.037577959016735e-01,8.037577959016735e-01
7.047409481896380e+00,8.037875749955665e-01,8.037875749955665e-01
7.049409881976396e+00,8.038173407380773e-01,8.038173407380773e-01
7.051410282056412e+00,8.038470931401198e-01,8.038470931401198e-01
7.053410682136428e+00,8.038768322107890e-01,8.038768322107890e-01
7.055411082216444e+00,8.039065579591798e-01,8.039065579591798e-01
7.057411482296459e+00,8.039362703971156e-01,8.039362703971156e-01
7.059411882376475e+00,8.039659695327819e-01,8.039659695327819e-01
7.061412282456491e+00,8.039956553770926e-01,8.039956553770926e-01
7.063412682536507e+00,8.040253279382332e-01,8.040253279382332e-01
7.065413082616523e+00,8.040549872280272e-01,8.040549872280272e-01
7.067413482696539e+00,8.040846332546598e-01,8.040846332546598e-01
7.069413882776555e+00,8.041142660281357e-01,8.041142660281357e-01
7.071414282856571e+00,8.041438855593688e-01,8.041438855593688e-01
7.073414682936587e+00,8.041734918565444e-01,8.041734918565444e-01
7.075415083016603e+00,8.042030849305766e-01,8.042030849305766e-01
7.077415483096619e+00,8.042326647905602e-01,8.042326647905602e-01
7.079415883176635e+00,8.042622314464998e-01,8.042622314464998e-01
7.081416283256651e+00,8.042917849083997e-01,8.042917849083997e-01
7.083416683336667e+00,8.043213251844454e-01,8.043213251844454e-01
7.085417083416683e+00,8.043508522864604e-01,8.043508522864604e-01
7.087417483496699e+00,8.043803662226301e-01,8.043803662226301e-01
7.089417883576715e+00,8.044098670029589e-01,8.044098670029589e-01
7.091418283656731e+00,8.044393546374513e-01,8.044393546374513e-01
7.093418683736747e+00,8.044688291352022e-01,8.044688291352022e-01
7.095419083816763e+00,8.044982905062161e-01,8.044982905062161e-01
7.097419483896779e+00,8.045277387604974e-01,8.045277387604974e-01
7.099419883976795e+00,8.045571739062316e-01,8.045571739062316e-01
7.101420284056811e+00,8.045865959543326e-01,8.045865959543326e-01
7.103420684136827e+00,8.046160049148048e-01,8.046160049148048e-01
7.105421084216843e+00,8.046454007958337e-01,8.046454007958337e-01
7.107421484296859e+00,8.046747836074237e-01,8.046747836074237e-01
7.109421884376875e+00,8.047041533595793e-01,8.047041533595793e-01
7.111422284456891e+00,8.047335100623050e-01,8.047335100623050e-01
7.113422684536907e+00,8.047628537237861e-01,8.047628537237861e-01
7.115423084616923e+00,8.047921843540271e-01,8.047921843540271e-01
7.117423484696939e+00,8.048215019630325e-01,8.048215019630325e-01
7.119423884776955e+00,8.048508065608067e-01,8.048508065608067e-01
7.121424284856971e+00,8.048800981555351e-01,8.048800981555351e-01
7.123424684936987e+00,8.049093767572222e-01,8.049093767572222e-01
7.125425085017003e+00,8.049386423749629e-01,8.049386423749629e-01
7.127425485097019e+00,8.049678950196713e-01,8.049678950196713e-01
7.129425885177035e+00,8.049971346995326e-01,8.049971346995326e-01
7.131426285257051e+00,8.050263614236419e-01,8.050263614236419e-01
7.133426685337067e+00,8.050555752029132e-01,8.050555752029132e-01
7.135427085417083e+00,8.050847760455317e-01,8.050847760455317e-01
7.137427485497099e+00,8.051139639624116e-01,8.051139639624116e-01
7.139427885577115e+00,8.051431389608288e-01,8.051431389608288e-01
7.141428285657131e+00,8.051723010516971e-01,8.051723010516971e-01
7.143428685737147e+00,8.052014502441116e-01,8.052014502441116e-01
7.145429085817163e+00,8.052305865471672e-01,8.052305865471672e-01
7.147429485897179e+00,8.052597099708683e-01,8.052597099708683e-01
7.149429885977195e+00,8.052888205243098e-01,8.052888205243098e-01
7.151430286057211e+00,8.053179182165868e-01,8.053179182165868e-01
7.153430686137227e+00,8.053470030567942e-01,8.053470030567942e-01
7.155431086217243e+00,8.053760750558459e-01,8.053760750558459e-01
7.157431486297259e+00,8.054051342210178e-01,8.054051342210178e-01
7.159431886377275e+00,8.054341805623144e-01,8.054341805623144e-01
7.161432286457291e+00,8.054632140897402e-01,8.054632140897402e-01
7.163432686537307e+00,8.054922348123901e-01,8.054922348123901e-01
7.165433086617323e+00,8.055212427393590e-01,8.055212427393590e-01
7.167433486697339e+00,8.055502378797419e-01,8.055502378797419e-01
7.169433886777355e+00,8.055792202426337e-01,8.055792202426337e-01
7.171434286857371e+00,8.056081898380389e-01,8.056081898380389e-01
7.173434686937387e+00,8.056371466750525e-01,8.056371466750525e-01
7.175435087017403e+00,8.056660907627693e-01,8.056660907627693e-01
7.177435487097419e+00,8.056950221093748e-01,8.056950221093748e-01
7.179435887177435e+00,8.057239407257830e-01,8.057239407257830e-01
7.181436287257451e+00,8.057528466210888e-01,8.057528466210888e-01
7.183436687337467e+00,8.057817398034777e-01,8.057817398034777e-01
7.185437087417483e+00,8.058106202829540e-01,8.058106202829540e-01
7.187437487497499e+00,8.058394880677033e-01,8.058394880677033e-01
7.189437887577515e+00,8.058683431677300e-01,8.058683431677300e-01
7.191438287657531e+00,8.058971855930386e-01,8.058971855930386e-01
7.193438687737547e+00,8.059260153509049e-01,8.059260153509049e-01
7.195439087817563e+00,8.059548324513335e-01,8.059548324513335e-01
7.197439487897579e+00,8.059836369043287e-01,8.059836369043287e-01
7.199439887977595e+00,8.060124287180761e-01,8.060124287180761e-01
7.201440288057611e+00,8.060412079016706e-01,8.060412079016706e-01
7.203440688137627e+00,8.060699744642070e-01,8.060699744642070e-01
7.205441088217643e+00,8.060987284156900e-01,8.060987284156900e-01
7.207441488297659e+00,8.061274697643048e-01,8.061274697643048e-01
7.209441888377675e+00,8.061561985200560e-01,8.061561985200560e-01
7.211442288457691e+00,8.061849146911291e-01,8.061849146911291e-01
7.213442688537707e+00,8.062136182866189e-01,8.062136182866189e-01
7.215443088617723e+00,8.062423093156204e-01,8.062423093156204e-01
7.217443488697739e+00,8.062709877881380e-01,8.062709877881380e-01
7.219443888777755e+00,8.062996537114477e-01,8.062996537114477e-01
7.221444288857771e+00,8.063283070964635e-01,8.063283070964635e-01
7.223444688937787e+00,8.063569479513708e-01,8.063569479513708e-01
7.225445089017803e+00,8.063855762852645e-01,8.063855762852645e-01
7.227445489097819e+00,8.064141921072396e-01,8.064141921072396e-01
7.229445889177835e+00,8.064427954263911e-01,8.064427954263911e-01
7.231446289257851e+00,8.064713862518138e-01,8.064713862518138e-01
7.233446689337867e+00,8.064999645916933e-01,8.064999645916933e-01
7.235447089417884e+00,8.065285304551244e-01,8.065285304551244e-01
7.237447489497900e+00,8.065570838521117e-01,8.065570838521117e-01
7.239447889577916e+00,8.065856247908405e-01,8.065856247908405e-01
7.241448289657932e+00,8.066141532804059e-01,8.066141532804059e-01
7.243448689737948e+00,8.066426693289932e-01,8.066426693289932e-01
7.245449089817964e+00,8.066711729475164e-01,8.066711729475164e-01
7.247449489897980e+00,8.066996641432516e-01,8.066996641432516e-01
7.249449889977996e+00,8.067281429252935e-01,8.067281429252935e-01
7.251450290058012e+00,8.067566093027372e-01,8.067566093027372e-01
7.253450690138028e+00,8.067850632846776e-01,8.067850632846776e-01
7.255451090218044e+00,8.068135048802096e-01,8.068135048802096e-01
7.257451490298060e+00,8.068419340975188e-01,8.068419340975188e-01
7.259451890378076e+00,8.068703509466095e-01,8.068703509466095e-01
7.261452290458092e+00,8.068987554347578e-01,8.068987554347578e-01
7.263452690538108e+00,8.069271475719679e-01,8.069271475719679e-01
7.265453090618124e+00,8.069555273664255e-01,8.069555273664255e-01
7.267453490698140e+00,8.069838948272254e-01,8.069838948272254e-01
7.269453890778156e+00,8.070122499634627e-01,8.070122499634627e-01
7.271454290858172e+00,8.070405927842321e-01,8.070405927842321e-01
7.273454690938188e+00,8.070689232968098e-01,8.070689232968098e-01
7.275455091018204e+00,8.070972415121096e-01,8.070972415121096e-01
7.277455491098220e+00,8.071255474374075e-01,8.071255474374075e-01
7.279455891178236e+00,8.071538410817984e-01,8.071538410817984e-01
7.281456291258252e+00,8.071821224543774e-01,8.071821224543774e-01
7.283456691338268e+00,8.072103915642392e-01,8.072103915642392e-01
7.285457091418284e+00,8.072386484186600e-01,8.072386484186600e-01
7.287457491498300e+00,8.072668930285536e-01,8.072668930285536e-01
7.289457891578316e+00,8.072951254002865e-01,8.072951254002865e-01
7.291458291658332e+00,8.073233455447726e-01,8.073233455447726e-01
7.293458691738348e+00,8.073515534692879e-01,8.073515534692879e-01
7.295459091818364e+00,8.073797491829273e-01,8.073797491829273e-01
7.297459491898380e+00,8.074079326947858e-01,8.074079326947858e-01
7.299459891978396e+00,8.074361040130489e-01,8.074361040130489e-01
7.301460292058412e+00,8.074642631468114e-01,8.074642631468114e-01
7.303460692138428e+00,8.074924101042589e-01,8.074924101042589e-01
7.305461092218444e+00,8.075205448944862e-01,8.075205448944862e-01
7.307461492298460e+00,8.075486675265884e-01,8.075486675265884e-01
7.309461892378476e+00,8.075767780078413e-01,8.075767780078413e-01
7.311462292458492e+00,8.076048763482495e-01,8.076048763482495e-01
7.313462692538508e+00,8.076329625550889e-01,8.076329625550889e-01
7.315463092618524e+00,8.076610366383639e-01,8.076610366383639e-01
7.317463492698540e+00,8.076890986062599e-01,8.076890986062599e-01
7.319463892778556e+00,8.077171484678720e-01,8.077171484678720e-01
7.321464292858572e+00,8.077451862304761e-01,8.077451862304761e-01
7.323464692938588e+00,8.077732119031671e-01,8.077732119031671e-01
7.325465093018604e+00,8.078012254950400e-01,8.078012254950400e-01
7.327465493098620e+00,8.078292270151897e-01,8.078292270151897e-01
7.329465893178636e+00,8.078572164699827e-01,8.078572164699827e-01
7.331466293258652e+00,8.078851938703329e-01,8.078851938703329e-01
7.333466693338668e+00,8.079131592235163e-01,8.079131592235163e-01
7.335467093418684e+00,8.079411125386278e-01,8.079411125386278e-01
7.337467493498700e+00,8.079690538238529e-01,8.079690538238529e-01
7.339467893578716e+00,8.079969830882865e-01,8.079969830882865e-01
7.341468293658732e+00,8.080249003401141e-01,8.080249003401141e-01
7.343468693738748e+00,8.080528055866116e-01,8.080528055866116e-01
7.345469093818764e+00,8.080806988386930e-01,8.080806988386930e-01
7.347469493898780e+00,8.081085801027248e-01,8.081085801027248e-01
7.349469893978796e+00,8.081364493887113e-01,8.081364493887113e-01
7.351470294058812e+00,8.081643067039286e-01,8.081643067039286e-01
7.353470694138828e+00,8.081921520574715e-01,8.081921520574715e-01
7.355471094218844e+00,8.082199854575256e-01,8.082199854575256e-01
7.357471494298860e+00,8.082478069131858e-01,8.082478069131858e-01
7.359471894378876e+00,8.082756164326375e-01,8.082756164326375e-01
7.361472294458892e+00,8.083034140240661e-01,8.083034140240661e-01
7.363472694538908e+00,8.083311996956573e-01,8.083311996956573e-01
7.365473094618924e+00,8.083589734565058e-01,8.083589734565058e-01
7.367473494698940e+00,8.083867353138876e-01,8.083867353138876e-01
7.369473894778956e+00,8.084144852778072e-01,8.084144852778072e-01
7.371474294858972e+00,8.084422233555406e-01,8.084422233555406e-01
7.373474694938988e+00,8.084699495552732e-01,8.084699495552732e-01
7.375475095019004e+00,8.084976638870094e-01,8.084976638870094e-01
7.377475495099020e+00,8.085253663571157e-01,8.085253663571157e-01
7.379475895179036e+00,8.085530569746870e-01,8.085530569746870e-01
7.381476295259052e+00,8.085807357488184e-01,8.085807357488184e-01
7.383476695339068e+00,8.086084026867857e-01,8.086084026867857e-01
7.385477095419084e+00,8.086360577976839e-01,8.086360577976839e-01
7.387477495499100e+00,8.086637010896984e-01,8.086637010896984e-01
7.389477895579116e+00,8.086913325710148e-01,8.086913325710148e-01
7.391478295659132e+00,8.087189522489089e-01,8.087189522489089e-01
7.393478695739148e+00,8.087465601342947e-01,8.087465601342947e-01
7.395479095819164e+00,8.087741562326292e-01,8.087741562326292e-01
7.397479495899180e+00,8.088017405539167e-01,8.088017405539167e-01
7.399479895979196e+00,8.088293131063429e-01,8.088293131063429e-01
7.401480296059212e+00,8.088568738971835e-01,8.088568738971835e-01
7.403480696139228e+00,8.088844229355336e-01,8.088844229355336e-01
7.405481096219244e+00,8.089119602295787e-01,8.089119602295787e-01
7.407481496299260e+00,8.089394857875041e-01,8.089394857875041e-01
7.409481896379276e+00,8.089669996174953e-01,8.089669996174953e-01
7.411482296459292e+00,8.089945017277378e-01,8.089945017277378e-01
7.413482696539308e+00,8.090219921273265e-01,8.090219921273265e-01
7.415483096619324e+00,8.090494708226279e-01,8.090494708226279e-01
7.417483496699340e+00,8.090769378227369e-01,8.090769378227369e-01
7.419483896779356e+00,8.091043931367485e-01,8.091043931367485e-01
7.421484296859372e+00,8.091318367719387e-01,8.091318367719387e-01
7.423484696939388e+00,8.091592687364928e-01,8.091592687364928e-01
7.425485097019404e+00,8.091866890385964e-01,8.091866890385964e-01
7.427485497099420e+00,8.092140976864348e-01,8.092140976864348e-01
7.429485897179436e+00,8.092414946891031e-01,8.092414946891031e-01
7.431486297259452e+00,8.092688800529677e-01,8.092688800529677e-01
7.433486697339468e+00,8.092962537880330e-01,8.092962537880330e-01
7.435487097419484e+00,8.093236159006656e-01,8.093236159006656e-01
7.437487497499500e+00,8.093509664008698e-01,8.093509664008698e-01
7.439487897579516e+00,8.093783052950121e-01,8.093783052950121e-01
7.441488297659532e+00,8.094056325921875e-01,8.094056325921875e-01
7.443488697739548e+00,8.094329483005813e-01,8.094329483005813e-01
7.445489097819564e+00,8.094602524283792e-01,8.094602524283792e-01
7.447489497899580e+00,8.094875449828569e-01,8.094875449828569e-01
7.449489897979596e+00,8.095148259722000e-01,8.095148259722000e-01
7.451490298059612e+00,8.095420954055035e-01,8.095420954055035e-01
7.453490698139628e+00,8.095693532900432e-01,8.095693532900432e-01
7.455491098219644e+00,8.095965996340047e-01,8.095965996340047e-01
7.457491498299660e+00,8.096238344446638e-01,8.096238344446638e-01
7.459491898379676e+00,8.096510577320251e-01,8.096510577320251e-01
7.461492298459692e+00,8.096782695024549e-01,8.096782695024549e-01
7.463492698539708e+00,8.097054697641388e-01,8.097054697641388e-01
7.465493098619724e+00,8.097326585252622e-01,8.097326585252622e-01
7.467493498699740e+00,8.097598357949201e-01,8.097598357949201e-01
7.469493898779756e+00,8.097870015794788e-01,8.097870015794788e-01
7.471494298859772e+00,8.098141558880334e-01,8.098141558880334e-01
7.473494698939788e+00,8.098412987278598e-01,8.098412987278598e-01
7.475495099019804e+00,8.098684301071435e-01,8.098684301071435e-01
7.477495499099820e+00,8.098955500340699e-01,8.098955500340699e-01
7.479495899179836e+00,8.099226585168244e-01,8.099226585168244e-01
7.481496299259852e+00,8.099497555635926e-01,8.099497555635926e-01
7.483496699339868e+00,8.099768411807409e-01,8.099768411807409e-01
7.485497099419884e+00,8.100039153773642e-01,8.100039153773642e-01
7.487497499499900e+00,8.100309781616479e-01,8.100309781616479e-01
7.489497899579916e+00,8.100580295417776e-01,8.100580295417776e-01
7.491498299659932e+00,8.100850695241197e-01,8.100850695241197e-01
7.493498699739948e+00,8.101120981177692e-01,8.101120981177692e-01
7.495499099819964e+00,8.101391153309114e-01,8.101391153309114e-01
7.497499499899980e+00,8.101661211699129e-01,8.101661211699129e-01
7.499499899979996e+00,8.101931156447781e-01,8.101931156447781e-01
7.501500300060012e+00,8.102200987618735e-01,8.102200987618735e-01
7.503500700140028e+00,8.102470705293845e-01,8.102470705293845e-01
7.505501100220044e+00,8.102740309545871e-01,8.102740309545871e-01
7.507501500300060e+00,8.103009800474856e-01,8.103009800474856e-01
7.509501900380076e+00,8.103279178135372e-01,8.103279178135372e-01
7.511502300460092e+00,8.103548442618367e-01,8.103548442618367e-01
7.513502700540108e+00,8.103817593996601e-01,8.103817593996601e-01
7.515503100620124e+00,8.104086632351928e-01,8.104086632351928e-01
7.517503500700140e+00,8.104355557766203e-01,8.104355557766203e-01
7.519503900780156e+00,8.104624370303091e-01,8.104624370303091e-01
7.521504300860172e+00,8.104893070062635e-01,8.104893070062635e-01
7.523504700940188e+00,8.105161657099407e-01,8.105161657099407e-01
7.525505101020204e+00,8.105430131513449e-01,8.105430131513449e-01
7.527505501100220e+00,8.105698493359332e-01,8.105698493359332e-01
7.529505901180236e+00,8.105966742737101e-01,8.105966742737101e-01
7.531506301260252e+00,8.106234879710419e-01,8.106234879710419e-01
7.533506701340268e+00,8.106502904361141e-01,8.106502904361141e-01
7.535507101420284e+00,8.106770816771123e-01,8.106770816771123e-01
7.537507501500300e+00,8.107038617013123e-01,8.107038617013123e-01
7.539507901580316e+00,8.107306305159900e-01,8.107306305159900e-01
7.541508301660332e+00,8.107573881293311e-01,8.107573881293311e-01
7.543508701740348e+00,8.107841345495208e-01,8.107841345495208e-01
7.545509101820364e+00,8.108108697838352e-01,8.108108697838352e-01
7.547509501900380e+00,8.108375938404597e-01,8.108375938404597e-01
7.549509901980396e+00,8.108643067257608e-01,8.108643067257608e-01
7.551510302060412e+00,8.108910084488334e-01,8.108910084488334e-01
7.553510702140428e+00,8.109176990169535e-01,8.109176990169535e-01
7.555511102220444e+00,8.109443784373971e-01,8.109443784373971e-01
7.557511502300460e+00,8.109710467183495e-01,8.109710467183495e-01
7.559511902380476e+00,8.109977038670868e-01,8.109977038670868e-01
7.561512302460492e+00,8.110243498917944e-01,8.110243498917944e-01
7.563512702540508e+00,8.110509847997482e-01,8.110509847997482e-01
7.565513102620524e+00,8.110776085982243e-01,8.110776085982243e-01
7.567513502700540e+00,8.111042212954080e-01,8.111042212954080e-01
7.569513902780556e+00,8.111308228985754e-01,8.111308228985754e-01
7.571514302860572e+00,8.111574134159119e-01,8.111574134159119e-01
7.573514702940588e+00,8.111839928546933e-01,8.111839928546933e-01
7.575515103020604e+00,8.112105612221958e-01,8.112105612221958e-01
7.577515503100620e+00,8.112371185266047e-01,8.112371185266047e-01
7.579515903180636e+00,8.112636647751961e-01,8.112636647751961e-01
7.581516303260652e+00,8.112901999761553e-01,8.112901999761553e-01
7.583516703340668e+00,8.113167241358488e-01,8.113167241358488e-01
7.585517103420684e+00,8.113432372624620e-01,8.113432372624620e-01
7.587517503500700e+00,8.113697393641806e-01,8.113697393641806e-01
7.589517903580716e+00,8.113962304473707e-01,8.113962304473707e-01
7.591518303660732e+00,8.114227105211276e-01,8.114227105211276e-01
7.593518703740748e+00,8.114491795909080e-01,8.114491795909080e-01
7.595519103820764e+00,8.114756376658070e-01,8.114756376658070e-01
7.597519503900780e+00,8.115020847531005e-01,8.115020847531005e-01
7.599519903980796e+00,8.115285208600644e-01,8.115285208600644e-01
7.601520304060812e+00,8.115549459948843e-01,8.115549459948843e-01
7.603520704140828e+00,8.115813601639266e-01,8.115813601639266e-01
7.605521104220844e+00,8.116077633753767e-01,8.116077633753767e-01
7.607521504300860e+00,8.116341556365105e-01,8.116341556365105e-01
7.609521904380876e+00,8.116605369555137e-01,8.116605369555137e-01
7.611522304460892e+00,8.116869073387525e-01,8.116869073387525e-01
7.613522704540908e+00,8.117132667935030e-01,8.117132667935030e-01
7.615523104620924e+00,8.117396153288601e-01,8.117396153288601e-01
7.617523504700940e+00,8.117659529511903e-01,8.117659529511903e-01
7.619523904780956e+00,8.117922796686790e-01,8.117922796686790e-01
7.621524304860972e+00,8.118185954876926e-01,8.118185954876926e-01
7.623524704940988e+00,8.118449004155073e-01,8.118449004155073e-01
7.625525105021004e+00,8.118711944612178e-01,8.118711944612178e-01
7.627525505101020e+00,8.118974776311907e-01,8.118974776311907e-01
7.629525905181036e+00,8.119237499327019e-01,8.119237499327019e-01
7.631526305261052e+00,8.119500113730274e-01,8.119500113730274e-01
7.633526705341068e+00,8.119762619603526e-01,8.119762619603526e-01
7.635527105421084e+00,8.120025017010439e-01,8.120025017010439e-01
7.637527505501100e+00,8.120287306041964e-01,8.120287306041964e-01
7.639527905581116e+00,8.120549486752671e-01,8.120549486752671e-01
7.641528305661132e+00,8.120811559224412e-01,8.120811559224412e-01
7.643528705741148e+00,8.121073523529949e-01,8.121073523529949e-01
7.645529105821164e+00,8.121335379742041e-01,8.121335379742041e-01
7.647529505901180e+00,8.121597127942541e-01,8.121597127942541e-01
7.649529905981196e+00,8.121858768195116e-01,8.121858768195116e-01
7.651530306061212e+00,8.122120300572524e-01,8.122120300572524e-01
7.653530706141228e+00,8.122381725156620e-01,8.122381725156620e-01
7.655531106221244e+00,8.122643042020163e-01,8.122643042020163e-01
7.657531506301260e+00,8.122904251226819e-01,8.122904251226819e-01
7.659531906381276e+00,8.123165352849346e-01,8.123165352849346e-01
7.661532306461292e+00,8.123426346978695e-01,8.123426346978695e-01
7.663532706541308e+00,8.123687233660339e-01,8.123687233660339e-01
7.665533106621324e+00,8.123948012994324e-01,8.123948012994324e-01
7.667533506701340e+00,8.124208685035219e-01,8.124208685035219e-01
7.669533906781356e+00,8.124469249864879e-01,8.124469249864879e-01
7.671534306861372e+00,8.124729707556062e-01,8.124729707556062e-01
7.673534706941388e+00,8.124990058172434e-01,8.124990058172434e-01
7.675535107021404e+00,8.125250301795850e-01,8.125250301795850e-01
7.677535507101420e+00,8.125510438499068e-01,8.125510438499068e-01
7.679535907181436e+00,8.125770468345754e-01,8.125770468345754e-01
7.681536307261452e+00,8.126030391417762e-01,8.126030391417762e-01
7.683536707341468e+00,8.126290207778757e-01,8.126290207778757e-01
7.685537107421484e+00,8.126549917501498e-01,8.126549917501498e-01
7.687537507501500e+00,8.126809520667839e-01,8.126809520667839e-01
7.689537907581516e+00,8.127069017350541e-01,8.127069017350541e-01
7.691538307661532e+00,8.127328407604173e-01,8.127328407604173e-01
7.693538707741548e+00,8.127587691519684e-01,8.127587691519684e-01
7.695539107821564e+00,8.127846869151645e-01,8.127846869151645e-01
7.697539507901580e+00,8.128105940591004e-01,8.128105940591004e-01
7.699539907981596e+00,8.128364905892331e-01,8.128364905892331e-01
7.701540308061612e+00,8.128623765137482e-01,8.128623765137482e-01
7.703540708141628e+00,8.128882518399214e-01,8.128882518399214e-01
7.705541108221644e+00,8.129141165741194e-01,8.129141165741194e-01
7.707541508301660e+00,8.129399707236180e-01,8.129399707236180e-01
7.709541908381676e+00,8.129658142966028e-01,8.129658142966028e-01
7.711542308461692e+00,8.129916472985306e-01,8.129916472985306e-01
7.713542708541708e+00,8.130174697375869e-01,8.130174697375869e-01
7.715543108621724e+00,8.130432816210478e-01,8.130432816210478e-01
7.717543508701740e+00,8.130690829561891e-01,8.130690829561891e-01
7.719543908781756e+00,8.130948737484678e-01,8.130948737484678e-01
7.721544308861772e+00,8.131206540069789e-01,8.131206540069789e-01
7.723544708941788e+00,8.131464237380888e-01,8.131464237380888e-01
7.725545109021804e+00,8.131721829481640e-01,8.131721829481640e-01
7.727545509101820e+00,8.131979316453899e-01,8.131979316453899e-01
7.729545909181836e+00,8.132236698361330e-01,8.132236698361330e-01
7.731546309261852e+00,8.132493975276693e-01,8.132493975276693e-01
7.733546709341868e+00,8.132751147272748e-01,8.132751147272748e-01
7.735547109421884e+00,8.133008214422253e-01,8.133008214422253e-01
7.737547509501900e+00,8.133265176788873e-01,8.133265176788873e-01
7.739547909581916e+00,8.133522034445368e-01,8.133522034445368e-01
7.741548309661932e+00,8.133778787455404e-01,8.133778787455404e-01
7.743548709741948e+00,8.134035435900833e-01,8.134035435900833e-01
7.745549109821964e+00,8.134291979854416e-01,8.134291979854416e-01
7.747549509901980e+00,8.134548419370722e-01,8.134548419370722e-01
7.749549909981996e+00,8.134804754531606e-01,8.134804754531606e-01
7.751550310062012e+00,8.135060985400733e-01,8.135060985400733e-01
7.753550710142028e+00,8.135317112059957e-01,8.135317112059957e-01
7.755551110222044e+00,8.135573134563847e-01,8.135573134563847e-01
7.757551510302060e+00,8.135829052985164e-01,8.135829052985164e-01
7.759551910382076e+00,8.136084867405762e-01,8.136084867405762e-01
7.761552310462092e+00,8.136340577880210e-01,8.136340577880210e-01
7.763552710542108e+00,8.136596184490363e-01,8.136596184490363e-01
7.765553110622124e+00,8.136851687299886e-01,8.136851687299886e-01
7.767553510702141e+00,8.137107086372444e-01,8.137107086372444e-01
7.769553910782157e+00,8.137362381789890e-01,8.137362381789890e-01
7.771554310862173e+00,8.137617573615890e-01,8.137617573615890e-01
7.773554710942189e+00,8.137872661914107e-01,8.137872661914107e-01
7.775555111022205e+00,8.138127646766398e-01,8.138127646766398e-01
7.777555511102221e+00,8.138382528227330e-01,8.138382528227330e-01
7.779555911182237e+00,8.138637306378760e-01,8.138637306378760e-01
7.781556311262253e+00,8.138891981284351e-01,8.138891981284351e-01
7.783556711342269e+00,8.139146553007768e-01,8.139146553007768e-01
7.785557111422285e+00,8.139401021621770e-01,8.139401021621770e-01
7.787557511502301e+00,8.139655387199118e-01,8.139655387199118e-01
7.789557911582317e+00,8.139909649812571e-01,8.139909649812571e-01
7.791558311662333e+00,8.140163809516698e-01,8.140163809516698e-01
7.793558711742349e+00,8.140417866393355e-01,8.140417866393355e-01
7.795559111822365e+00,8.140671820506205e-01,8.140671820506205e-01
7.797559511902381e+00,8.140925671918913e-01,8.140925671918913e-01
7.799559911982397e+00,8.141179420704239e-01,8.141179420704239e-01
7.801560312062413e+00,8.141433066934942e-01,8.141433066934942e-01
7.803560712142429e+00,8.141686610674688e-01,8.141686610674688e-01
7.805561112222445e+00,8.141940051987140e-01,8.141940051987140e-01
7.807561512302461e+00,8.142193390945058e-01,8.142193390945058e-01
7.809561912382477e+00,8.142446627621203e-01,8.142446627621203e-01
7.811562312462493e+00,8.142699762079237e-01,8.142699762079237e-01
7.813562712542509e+00,8.142952794391922e-01,8.142952794391922e-01
7.815563112622525e+00,8.143205724613827e-01,8.143205724613827e-01
7.817563512702541e+00,8.143458552826806e-01,8.143458552826806e-01
7.819563912782557e+00,8.143711279094523e-01,8.143711279094523e-01
7.821564312862573e+00,8.143963903489739e-01,8.143963903489739e-01
7.823564712942589e+00,8.144216426067024e-01,8.144216426067024e-01
7.825565113022605e+00,8.144468846899136e-01,8.144468846899136e-01
7.827565513102621e+00,8.144721166058835e-01,8.144721166058835e-01
7.829565913182637e+00,8.144973383618881e-01,8.144973383618881e-01
7.831566313262653e+00,8.145225499624749e-01,8.145225499624749e-01
7.833566713342669e+00,8.145477514167387e-01,8.145477514167387e-01
7.835567113422685e+00,8.145729427301367e-01,8.145729427301367e-01
7.837567513502701e+00,8.145981239099447e-01,8.145981239099447e-01
7.839567913582717e+00,8.146232949625292e-01,8.146232949625292e-01
7.841568313662733e+00,8.146484558951661e-01,8.146484558951661e-01
7.843568713742749e+00,8.146736067142220e-01,8.146736067142220e-01
7.845569113822765e+00,8.146987474260632e-01,8.146987474260632e-01
7.847569513902781e+00,8.147238780370563e-01,8.147238780370563e-01
7.849569913982797e+00,8.147489985553866e-01,8.147489985553866e-01
7.851570314062813e+00,8.147741089865113e-01,8.147741089865113e-01
7.853570714142829e+00,8.147992093367966e-01,8.147992093367966e-01
7.855571114222845e+00,8.148242996144281e-01,8.148242996144281e-01
7.857571514302861e+00,8.148493798248628e-01,8.148493798248628e-01
7.859571914382877e+00,8.148744499753766e-01,8.148744499753766e-01
7.861572314462893e+00,8.148995100723360e-01,8.148995100723360e-01
7.863572714542909e+00,8.149245601221073e-01,8.149245601221073e-01
7.865573114622925e+00,8.149496001319667e-01,8.149496001319667e-01
7.867573514702941e+00,8.149746301073710e-01,8.149746301073710e-01
7.869573914782957e+00,8.149996500565058e-01,8.149996500565058e-01
7.871574314862973e+00,8.150246599857374e-01,8.150246599857374e-01
7.873574714942989e+00,8.150496599005228e-01,8.150496599005228e-01
7.875575115023005e+00,8.150746498090475e-01,8.150746498090475e-01
7.877575515103021e+00,8.150996297158590e-01,8.150996297158590e-01
7.879575915183037e+00,8.151245996300522e-01,8.151245996300522e-01
7.881576315263053e+00,8.151495595561746e-01,8.151495595561746e-01
7.883576715343069e+00,8.151745095015022e-01,8.151745095015022e-01
7.885577115423085e+00,8.151994494724013e-01,8.151994494724013e-01
7.887577515503101e+00,8.152243794770575e-01,8.152243794770575e-01
7.889577915583117e+00,8.152492995191087e-01,8.152492995191087e-01
7.891578315663133e+00,8.152742096076500e-01,8.152742096076500e-01
7.893578715743149e+00,8.152991097481381e-01,8.152991097481381e-01
7.895579115823165e+00,8.153239999478492e-01,8.153239999478492e-01
7.897579515903181e+00,8.153488802122402e-01,8.153488802122402e-01
7.899579915983197e+00,8.153737505485870e-01,8.153737505485870e-01
7.901580316063213e+00,8.153986109632561e-01,8.153986109632561e-01
7.903580716143229e+00,8.154234614626139e-01,8.154234614626139e-01
7.905581116223245e+00,8.154483020530270e-01,8.154483020530270e-01
7.907581516303261e+00,8.154731327417712e-01,8.154731327417712e-01
7.909581916383277e+00,8.154979535352131e-01,8.154979535352131e-01
7.911582316463293e+00,8.155227644388097e-01,8.155227644388097e-01
7.913582716543309e+00,8.155475654598368e-01,8.155475654598368e-01
7.915583116623325e+00,8.155723566055704e-01,8.155723566055704e-01
7.917583516703341e+00,8.155971378805580e-01,8.155971378805580e-01
7.919583916783357e+00,8.156219092929851e-01,8.156219092929851e-01
7.921584316863373e+00,8.156466708492180e-01,8.156466708492180e-01
7.923584716943389e+00,8.156714225547139e-01,8.156714225547139e-01
7.925585117023405e+00,8.156961644167486e-01,8.156961644167486e-01
7.927585517103421e+00,8.157208964407792e-01,8.157208964407792e-01
7.929585917183437e+00,8.157456186349910e-01,8.157456186349910e-01
7.931586317263453e+00,8.157703310039315e-01,8.157703310039315e-01
7.933586717343469e+00,8.157950335557862e-01,8.157950335557862e-01
7.935587117423485e+00,8.158197262960121e-01,8.158197262960121e-01
7.937587517503501e+00,8.158444092300661e-01,8.158444092300661e-01
7.939587917583517e+00,8.158690823661336e-01,8.158690823661336e-01
7.941588317663533e+00,8.158937457105813e-01,8.158937457105813e-01
7.943588717743549e+00,8.159183992688659e-01,8.159183992688659e-01
7.945589117823565e+00,8.159430430473540e-01,8.159430430473540e-01
7.947589517903581e+00,8.159676770533215e-01,8.159676770533215e-01
7.949589917983597e+00,8.159923012922254e-01,8.159923012922254e-01
7.951590318063613e+00,8.160169157704322e-01,8.160169157704322e-01
7.953590718143629e+00,8.160415204961273e-01,8.160415204961273e-01
7.955591118223645e+00,8.160661154729487e-01,8.160661154729487e-01
7.957591518303661e+00,8.160907007090819e-01,8.160907007090819e-01
7.959591918383677e+00,8.161152762108932e-01,8.161152762108932e-01
7.961592318463693e+00,8.161398419838397e-01,8.161398419838397e-01
7.963592718543709e+00,8.161643980351974e-01,8.161643980351974e-01
7.965593118623725e+00,8.161889443704231e-01,8.161889443704231e-01
7.967593518703740e+00,8.162134809967929e-01,8.162134809967929e-01
7.969593918783756e+00,8.162380079197638e-01,8.162380079197638e-01
7.971594318863772e+00,8.162625251466116e-01,8.162625251466116e-01
7.973594718943788e+00,8.162870326827933e-01,8.162870326827933e-01
7.975595119023804e+00,8.163115305346755e-01,8.163115305346755e-01
7.977595519103820e+00,8.163360187086246e-01,8.163360187086246e-01
7.979595919183836e+00,8.163604972119165e-01,8.163604972119165e-01
7.981596319263852e+00,8.163849660490987e-01,8.163849660490987e-01
7.983596719343868e+00,8.164094252283567e-01,8.164094252283567e-01
7.985597119423884e+00,8.164338747551474e-01,8.164338747551474e-01
7.987597519503900e+00,8.164583146349278e-01,8.164583146349278e-01
7.989597919583916e+00,8.164827448749739e-01,8.164827448749739e-01
7.991598319663932e+00,8.165071654816520e-01,8.165071654816520e-01
7.993598719743948e+00,8.165315764604193e-01,8.165315764604193e-01
7.995599119823964e+00,8.165559778185516e-01,8.165559778185516e-01
7.997599519903980e+00,8.165803695615059e-01,8.165803695615059e-01
7.999599919983996e+00,8.166047516956487e-01,8.166047516956487e-01
8.001600320064012e+00,8.166291242273465e-01,8.166291242273465e-01
8.003600720144028e+00,8.166534871629656e-01,8.166534871629656e-01
8.005601120224044e+00,8.166778405088726e-01,8.166778405088726e-01
8.007601520304060e+00,8.167021842705244e-01,8.167021842705244e-01
8.009601920384076e+00,8.167265184551971e-01,8.167265184551971e-01
8.011602320464092e+00,8.167508430683474e-01,8.167508430683474e-01
8.013602720544108e+00,8.167751581172515e-01,8.167751581172515e-01
8.015603120624125e+00,8.167994636064568e-01,8.167994636064568e-01
8.017603520704141e+00,8.168237595432393e-01,8.168237595432393e-01
8.019603920784157e+00,8.168480459330558e-01,8.168480459330558e-01
8.021604320864173e+00,8.168723227831824e-01,8.168723227831824e-01
8.023604720944189e+00,8.168965900990761e-01,8.168965900990761e-01
8.025605121024205e+00,8.169208478871033e-01,8.169208478871033e-01
8.027605521104221e+00,8.169450961527209e-01,8.169450961527209e-01
8.029605921184237e+00,8.169693349032050e-01,8.169693349032050e-01
8.031606321264253e+00,8.169935641449220e-01,8.169935641449220e-01
8.033606721344269e+00,8.170177838824193e-01,8.170177838824193e-01
8.035607121424285e+00,8.170419941229730e-01,8.170419941229730e-01
8.037607521504301e+00,8.170661948729494e-01,8.170661948729494e-01
8.039607921584317e+00,8.170903861378056e-01,8.170903861378056e-01
8.041608321664333e+00,8.171145679239080e-01,8.171145679239080e-01
8.043608721744349e+00,8.171387402376231e-01,8.171387402376231e-01
8.045609121824365e+00,8.171629030853174e-01,8.171629030853174e-01
8.047609521904381e+00,8.171870564724477e-01,8.171870564724477e-01
8.049609921984397e+00,8.172112004044711e-01,8.172112004044711e-01
8.051610322064413e+00,8.172353348895731e-01,8.172353348895731e-01
8.053610722144429e+00,8.172594599323011e-01,8.172594599323011e-01
8.055611122224445e+00,8.172835755390215e-01,8.172835755390215e-01
8.057611522304461e+00,8.173076817151914e-01,8.173076817151914e-01
8.059611922384477e+00,8.173317784689962e-01,8.173317784689962e-01
8.061612322464493e+00,8.173558658040738e-01,8.173558658040738e-01
8.063612722544509e+00,8.173799437277003e-01,8.173799437277003e-01
8.065613122624525e+00,8.174040122462420e-01,8.174040122462420e-01
8.067613522704541e+00,8.174280713651561e-01,8.174280713651561e-01
8.069613922784557e+00,8.174521210898993e-01,8.174521210898993e-01
8.071614322864573e+00,8.174761614286572e-01,8.174761614286572e-01
8.073614722944589e+00,8.175001923850678e-01,8.175001923850678e-01
8.075615123024605e+00,8.175242139664070e-01,8.175242139664070e-01
8.077615523104621e+00,8.175482261790412e-01,8.175482261790412e-01
8.079615923184637e+00,8.175722290275180e-01,8.175722290275180e-01
8.081616323264653e+00,8.175962225200228e-01,8.175962225200228e-01
8.083616723344669e+00,8.176202066601936e-01,8.176202066601936e-01
8.085617123424685e+00,8.176441814562159e-01,8.176441814562159e-01
8.087617523504701e+00,8.176681469126370e-01,8.176681469126370e-01
8.089617923584717e+00,8.176921030358235e-01,8.176921030358235e-01
8.091618323664733e+00,8.177160498321419e-01,8.177160498321419e-01
8.093618723744749e+00,8.177399873070490e-01,8.177399873070490e-01
8.095619123824765e+00,8.177639154669114e-01,8.177639154669114e-01
8.097619523904781e+00,8.177878343171860e-01,8.177878343171860e-01
8.099619923984797e+00,8.178117438651489e-01,8.178117438651489e-01
8.101620324064813e+00,8.178356441153474e-01,8.178356441153474e-01
8.103620724144829e+00,8.178595350741480e-01,8.178595350741480e-01
8.105621124224845e+00,8.178834167479172e-01,8.178834167479172e-01
8.107621524304861e+00,8.179072891421120e-01,8.179072891421120e-01
8.109621924384877e+00,8.179311522630988e-01,8.179311522630988e-01
8.111622324464893e+00,8.179550061163345e-01,8.179550061163345e-01
8.113622724544909e+00,8.179788507081858e-01,8.179788507081858e-01
8.115623124624925e+00,8.180026860450189e-01,8.180026860450189e-01
8.117623524704941e+00,8.180265121313814e-01,8.180265121313814e-01
8.119623924784957e+00,8.180503289745493e-01,8.180503289745493e-01
8.121624324864973e+00,8.180741365799795e-01,8.180741365799795e-01
8.123624724944989e+00,8.180979349531290e-01,8.180979349531290e-01
8.125625125025005e+00,8.181217241003642e-01,8.181217241003642e-01
8.127625525105021e+00,8.181455040271421e-01,8.181455040271421e-01
8.129625925185037e+00,8.181692747407388e-01,8.181692747407388e-01
8.131626325265053e+00,8.181930362447920e-01,8.181930362447920e-01
8.133626725345069e+00,8.182167885474874e-01,8.182167885474874e-01
8.135627125425085e+00,8.182405316533723e-01,8.182405316533723e-01
8.137627525505101e+00,8.182642655679038e-01,8.182642655679038e-01
8.139627925585117e+00,8.182879902983577e-01,8.182879902983577e-01
8.141628325665133e+00,8.183117058501912e-01,8.183117058501912e-01
8.143628725745149e+00,8.183354122279516e-01,8.183354122279516e-01
8.145629125825165e+00,8.183591094398244e-01,8.183591094398244e-01
8.147629525905181e+00,8.183827974894475e-01,8.183827974894475e-01
8.149629925985197e+00,8.184064763831875e-01,8.184064763831875e-01
8.151630326065213e+00,8.184301461283203e-01,8.184301461283203e-01
8.153630726145229e+00,8.184538067284839e-01,8.184538067284839e-01
8.155631126225245e+00,8.184774581918637e-01,8.184774581918637e-01
8.157631526305261e+00,8.185011005220977e-01,8.185011005220977e-01
8.159631926385277e+00,8.185247337264618e-01,8.185247337264618e-01
8.161632326465293e+00,8.185483578095036e-01,8.185483578095036e-01
8.163632726545309e+00,8.185719727784990e-01,8.185719727784990e-01
8.165633126625325e+00,8.185955786389050e-01,8.185955786389050e-01
8.167633526705341e+00,8.186191753952690e-01,8.186191753952690e-01
8.169633926785357e+00,8.186427630548669e-01,8.186427630548669e-01
8.171634326865373e+00,8.186663416231559e-01,8.186663416231559e-01
8.173634726945389e+00,8.186899111055927e-01,8.186899111055927e-01
8.175635127025405e+00,8.187134715076345e-01,8.187134715076345e-01
8.177635527105421e+00,8.187370228356476e-01,8.187370228356476e-01
8.179635927185437e+00,8.187605650950891e-01,8.187605650950891e-01
8.181636327265453e+00,8.187840982914159e-01,8.187840982914159e-01
8.183636727345469e+00,8.188076224309944e-01,8.188076224309944e-01
8.185637127425485e+00,8.188311375201911e-01,8.188311375201911e-01
8.187637527505501e+00,8.188546435635535e-01,8.188546435635535e-01
8.189637927585517e+00,8.188781405665386e-01,8.188781405665386e-01
8.191638327665533e+00,8.189016285364223e-01,8.189016285364223e-01
8.193638727745549e+00,8.189251074777522e-01,8.189251074777522e-01
8.195639127825565e+00,8.189485773968945e-01,8.189485773968945e-01
8.197639527905581e+00,8.189720382983969e-01,8.189720382983969e-01
8.199639927985597e+00,8.189954901895353e-01,8.189954901895353e-01
8.201640328065613e+00,8.190189330757667e-01,8.190189330757667e-01
8.203640728145629e+00,8.190423669616385e-01,8.190423669616385e-01
8.205641128225645e+00,8.190657918535171e-01,8.190657918535171e-01
8.207641528305661e+00,8.190892077577692e-01,8.190892077577692e-01
8.209641928385677e+00,8.191126146789420e-01,8.191126146789420e-01
8.211642328465693e+00,8.191360126234022e-01,8.191360126234022e-01
8.213642728545709e+00,8.191594015966066e-01,8.191594015966066e-01
8.215643128625725e+00,8.191827816049218e-01,8.191827816049218e-01
8.217643528705741e+00,8.192061526528951e-01,8.192061526528951e-01
8.219643928785757e+00,8.192295147468931e-01,8.192295147468931e-01
8.221644328865773e+00,8.192528678923727e-01,8.192528678923727e-01
8.223644728945789e+00,8.192762120947910e-01,8.192762120947910e-01
8.225645129025805e+00,8.192995473596048e-01,8.192995473596048e-01
8.227645529105821e+00,8.193228736940901e-01,8.193228736940901e-01
8.229645929185837e+00,8.193461911018849e-01,8.193461911018849e-01
8.231646329265853e+00,8.193694995893557e-01,8.193694995893557e-01
8.233646729345869e+00,8.193927991619594e-01,8.193927991619594e-01
8.235647129425885e+00,8.194160898260625e-01,8.194160898260625e-01
8.237647529505901e+00,8.194393715871220e-01,8.194393715871220e-01
8.239647929585917e+00,8.194626444496853e-01,8.194626444496853e-01
8.241648329665933e+00,8.194859084210284e-01,8.194859084210284e-01
8.243648729745949e+00,8.195091635047893e-01,8.195091635047893e-01
8.245649129825965e+00,8.195324097082439e-01,8.195324097082439e-01
8.247649529905981e+00,8.195556470359397e-01,8.195556470359397e-01
8.249649929985997e+00,8.195788754942432e-01,8.195788754942432e-01
8.251650330066013e+00,8.196020950886114e-01,8.196020950886114e-01
8.253650730146029e+00,8.196253058235916e-01,8.196253058235916e-01
8.255651130226045e+00,8.196485077064599e-01,8.196485077064599e-01
8.257651530306061e+00,8.196717007408543e-01,8.196717007408543e-01
8.259651930386077e+00,8.196948849340506e-01,8.196948849340506e-01
8.261652330466093e+00,8.197180602915060e-01,8.197180602915060e-01
8.263652730546109e+00,8.197412268177677e-01,8.197412268177677e-01
8.265653130626125e+00,8.197643845182929e-01,8.197643845182929e-01
8.267653530706141e+00,8.197875334003575e-01,8.197875334003575e-01
8.269653930786157e+00,8.198106734675994e-01,8.198106734675994e-01
8.271654330866173e+00,8.198338047263851e-01,8.198338047263851e-01
8.273654730946189e+00,8.198569271821716e-01,8.198569271821716e-01
8.275655131026205e+00,8.198800408404159e-01,8.198800408404159e-01
8.277655531106221e+00,8.199031457065749e-01,8.199031457065749e-01
8.279655931186237e+00,8.199262417861055e-01,8.199262417861055e-01
8.281656331266253e+00,8.199493290853743e-01,8.199493290853743e-01
8.283656731346269e+00,8.199724076089288e-01,8.199724076089288e-01
8.285657131426285e+00,8.199954773622258e-01,8.199954773622258e-01
8.287657531506301e+00,8.200185383516319e-01,8.200185383516319e-01
8.289657931586317e+00,8.200415905826040e-01,8.200415905826040e-01
8.291658331666333e+00,8.200646340587801e-01,8.200646340587801e-01
8.293658731746349e+00,8.200876687883456e-01,8.200876687883456e-01
8.295659131826365e+00,8.201106947749386e-01,8.201106947749386e-01
8.297659531906382e+00,8.201337120249255e-01,8.201337120249255e-01
8.299659931986398e+00,8.201567205428537e-01,8.201567205428537e-01
8.301660332066414e+00,8.201797203350898e-01,8.201797203350898e-01
8.303660732146430e+00,8.202027114061812e-01,8.202027114061812e-01
8.305661132226446e+00,8.202256937624943e-01,8.202256937624943e-01
8.307661532306462e+00,8.202486674094862e-01,8.202486674094862e-01
8.309661932386478e+00,8.202716323526138e-01,8.202716323526138e-01
8.311662332466494e+00,8.202945885964246e-01,8.202945885964246e-01
8.313662732546510e+00,8.203175361463755e-01,8.203175361463755e-01
8.315663132626526e+00,8.203404750097425e-01,8.203404750097425e-01
8.317663532706542e+00,8.203634051892541e-01,8.203634051892541e-01
8.319663932786558e+00,8.203863266930957e-01,8.203863266930957e-01
8.321664332866574e+00,8.204092395239959e-01,8.204092395239959e-01
8.323664732946590e+00,8.204321436901401e-01,8.204321436901401e-01
8.325665133026606e+00,8.204550391942567e-01,8.204550391942567e-01
8.327665533106622e+00,8.204779260436217e-01,8.204779260436217e-01
8.329665933186638e+00,8.205008042427826e-01,8.205008042427826e-01
8.331666333266654e+00,8.205236737971964e-01,8.205236737971964e-01
8.333666733346670e+00,8.205465347132295e-01,8.205465347132295e-01
8.335667133426686e+00,8.205693869945199e-01,8.205693869945199e-01
8.337667533506702e+00,8.205922306483435e-01,8.205922306483435e-01
8.339667933586718e+00,8.206150656783384e-01,8.206150656783384e-01
8.341668333666734e+00,8.206378920908710e-01,8.206378920908710e-01
8.343668733746750e+00,8.206607098913983e-01,8.206607098913983e-01
8.345669133826766e+00,8.206835190844677e-01,8.206835190844677e-01
8.347669533906782e+00,8.207063196764457e-01,8.207063196764457e-01
8.349669933986798e+00,8.207291116718798e-01,8.207291116718798e-01
8.351670334066814e+00,8.207518950771364e-01,8.207518950771364e-01
8.353670734146830e+00,8.207746698958536e-01,8.207746698958536e-01
8.355671134226846e+00,8.207974361353072e-01,8.207974361353072e-01
8.357671534306862e+00,8.208201937991353e-01,8.208201937991353e-01
8.359671934386878e+00,8.208429428937043e-01,8.208429428937043e-01
8.361672334466894e+00,8.208656834244712e-01,8.208656834244712e-01
8.363672734546910e+00,8.208884153959835e-01,8.208884153959835e-01
8.365673134626926e+00,8.209111388146075e-01,8.209111388146075e-01
8.367673534706942e+00,8.209338536839814e-01,8.209338536839814e-01
8.369673934786958e+00,8.209565600113811e-01,8.209565600113811e-01
8.371674334866974e+00,8.209792578004445e-01,8.209792578004445e-01
8.373674734946990e+00,8.210019470575380e-01,8.210019470575380e-01
8.375675135027006e+00,8.210246277872093e-01,8.210246277872093e-01
8.377675535107022e+00,8.210472999958247e-01,8.210472999958247e-01
8.379675935187038e+00,8.210699636879317e-01,8.210699636879317e-01
8.381676335267054e+00,8.210926188680778e-01,8.210926188680778e-01
8.383676735347070e+00,8.211152655435390e-01,8.211152655435390e-01
8.385677135427086e+00,8.211379037170436e-01,8.211379037170436e-01
8.387677535507102e+00,8.211605333967773e-01,8.211605333967773e-01
8.389677935587118e+00,8.211831545854684e-01,8.211831545854684e-01
8.391678335667134e+00,8.212057672894835e-01,8.212057672894835e-01
8.393678735747150e+00,8.212283715133699e-01,8.212283715133699e-01
8.395679135827166e+00,8.212509672634942e-01,8.212509672634942e-01
8.397679535907182e+00,8.212735545444039e-01,8.212735545444039e-01
8.399679935987198e+00,8.212961333615558e-01,8.212961333615558e-01
8.401680336067214e+00,8.213187037204071e-01,8.213187037204071e-01
8.403680736147230e+00,8.213412656255050e-01,8.213412656255050e-01
8.405681136227246e+00,8.213638190832162e-01,8.213638190832162e-01
8.407681536307262e+00,8.213863640971786e-01,8.213863640971786e-01
8.409681936387278e+00,8.214089006737586e-01,8.214089006737586e-01
8.411682336467294e+00,8.214314288175038e-01,8.214314288175038e-01
8.413682736547310e+00,8.214539485347805e-01,8.214539485347805e-01
8.415683136627326e+00,8.214764598292268e-01,8.214764598292268e-01
8.417683536707342e+00,8.214989627072091e-01,8.214989627072091e-01
8.419683936787358e+00,8.215214571732750e-01,8.215214571732750e-01
8.421684336867374e+00,8.215439432328813e-01,8.215439432328813e-01
8.423684736947390e+00,8.215664208914850e-01,8.215664208914850e-01
8.425685137027406e+00,8.215888901536337e-01,8.215888901536337e-01
8.427685537107422e+00,8.216113510247842e-01,8.216113510247842e-01
8.429685937187438e+00,8.216338035103936e-01,8.216338035103936e-01
8.431686337267454e+00,8.216562476159188e-01,8.216562476159188e-01
8.433686737347470e+00,8.216786833459073e-01,8.216786833459073e-01
8.435687137427486e+00,8.217011107049066e-01,8.217011107049066e-01
8.437687537507502e+00,8.217235296992831e-01,8.217235296992831e-01
8.439687937587518e+00,8.217459403335843e-01,8.217459403335843e-01
8.441688337667534e+00,8.217683426132671e-01,8.217683426132671e-01
8.443688737747550e+00,8.217907365428792e-01,8.217907365428792e-01
8.445689137827566e+00,8.218131221278773e-01,8.218131221278773e-01
8.447689537907582e+00,8.218354993737185e-01,8.218354993737185e-01
8.449689937987598e+00,8.218578682858597e-01,8.218578682858597e-01
8.451690338067614e+00,8.218802288688485e-01,8.218802288688485e-01
8.453690738147630e+00,8.219025811272322e-01,8.219025811272322e-01
8.455691138227646e+00,8.219249250664680e-01,8.219249250664680e-01
8.457691538307662e+00,8.219472606929221e-01,8.219472606929221e-01
8.459691938387678e+00,8.219695880093232e-01,8.219695880093232e-01
8.461692338467694e+00,8.219919070229471e-01,8.219919070229471e-01
8.463692738547710e+00,8.220142177383414e-01,8.220142177383414e-01
8.465693138627726e+00,8.220365201600535e-01,8.220365201600535e-01
8.467693538707742e+00,8.220588142935403e-01,8.220588142935403e-01
8.469693938787758e+00,8.220811001442589e-01,8.220811001442589e-01
8.471694338867774e+00,8.221033777158473e-01,8.221033777158473e-01
8.473694738947790e+00,8.221256470155813e-01,8.221256470155813e-01
8.475695139027806e+00,8.221479080461895e-01,8.221479080461895e-01
8.477695539107822e+00,8.221701608149479e-01,8.221701608149479e-01
8.479695939187838e+00,8.221924053254943e-01,8.221924053254943e-01
8.481696339267854e+00,8.222146415832858e-01,8.222146415832858e-01
8.483696739347870e+00,8.222368695928699e-01,8.222368695928699e-01
8.485697139427886e+00,8.222590893606130e-01,8.222590893606130e-01
8.487697539507902e+00,8.222813008901531e-01,8.222813008901531e-01
8.489697939587918e+00,8.223035041869471e-01,8.223035041869471e-01
8.491698339667934e+00,8.223256992564520e-01,8.223256992564520e-01
8.493698739747950e+00,8.223478861032154e-01,8.223478861032154e-01
8.495699139827966e+00,8.223700647326941e-01,8.223700647326941e-01
8.497699539907982e+00,8.223922351503452e-01,8.223922351503452e-01
8.499699939987998e+00,8.224143973598066e-01,8.224143973598066e-01
8.501700340068014e+00,8.224365513674448e-01,8.224365513674448e-01
8.503700740148030e+00,8.224586971768977e-01,8.224586971768977e-01
8.505701140228046e+00,8.224808347945318e-01,8.224808347945318e-01
8.507701540308062e+00,8.225029642248947e-01,8.225029642248947e-01
8.509701940388078e+00,8.225250854725337e-01,8.225250854725337e-01
8.511702340468094e+00,8.225471985429058e-01,8.225471985429058e-01
8.513702740548110e+00,8.225693034405586e-01,8.225693034405586e-01
8.515703140628126e+00,8.225914001709489e-01,8.225914001709489e-01
8.517703540708142e+00,8.226134887395338e-01,8.226134887395338e-01
8.519703940788158e+00,8.226355691499512e-01,8.226355691499512e-01
8.521704340868174e+00,8.226576414085676e-01,8.226576414085676e-01
8.523704740948190e+00,8.226797055190209e-01,8.226797055190209e-01
8.525705141028206e+00,8.227017614867682e-01,8.227017614867682e-01
8.527705541108222e+00,8.227238093181759e-01,8.227238093181759e-01
8.529705941188238e+00,8.227458490159725e-01,8.227458490159725e-01
8.531706341268254e+00,8.227678805865244e-01,8.227678805865244e-01
8.533706741348270e+00,8.227899040334696e-01,8.227899040334696e-01
8.535707141428286e+00,8.228119193631747e-01,8.228119193631747e-01
8.537707541508302e+00,8.228339265810964e-01,8.228339265810964e-01
8.539707941588318e+00,8.228559256899635e-01,8.228559256899635e-01
8.541708341668334e+00,8.228779166961422e-01,8.228779166961422e-01
8.543708741748350e+00,8.228998996041801e-01,8.228998996041801e-01
8.545709141828366e+00,8.229218744195341e-01,8.229218744195341e-01
8.547709541908382e+00,8.229438411467518e-01,8.229438411467518e-01
8.549709941988398e+00,8.229657997903805e-01,8.229657997903805e-01
8.551710342068414e+00,8.229877503549679e-01,8.229877503549679e-01
8.553710742148430e+00,8.230096928468802e-01,8.230096928468802e-01
8.555711142228446e+00,8.230316272706650e-01,8.230316272706650e-01
8.557711542308462e+00,8.230535536299604e-01,8.230535536299604e-01
8.559711942388478e+00,8.230754719311326e-01,8.230754719311326e-01
8.561712342468494e+00,8.230973821787293e-01,8.230973821787293e-01
8.563712742548510e+00,8.231192843763884e-01,8.231192843763884e-01
8.565713142628526e+00,8.231411785304763e-01,8.231411785304763e-01
8.567713542708542e+00,8.231630646455406e-01,8.231630646455406e-01
8.569713942788558e+00,8.231849427261286e-01,8.231849427261286e-01
8.571714342868574e+00,8.232068127767880e-01,8.232068127767880e-01
8.573714742948590e+00,8.232286748038851e-01,8.232286748038851e-01
8.575715143028606e+00,8.232505288101484e-01,8.232505288101484e-01
8.577715543108622e+00,8.232723748028539e-01,8.232723748028539e-01
8.579715943188639e+00,8.232942127847300e-01,8.232942127847300e-01
8.581716343268655e+00,8.233160427612338e-01,8.233160427612338e-01
8.583716743348671e+00,8.233378647378222e-01,8.233378647378222e-01
8.585717143428687e+00,8.233596787181332e-01,8.233596787181332e-01
8.587717543508703e+00,8.233814847085332e-01,8.233814847085332e-01
8.589717943588719e+00,8.234032827135698e-01,8.234032827135698e-01
8.591718343668735e+00,8.234250727368808e-01,8.234250727368808e-01
8.593718743748751e+00,8.234468547848328e-01,8.234468547848328e-01
8.595719143828767e+00,8.234686288610638e-01,8.234686288610638e-01
8.597719543908783e+00,8.234903949701211e-01,8.234903949701211e-01
8.599719943988799e+00,8.235121531183713e-01,8.235121531183713e-01
8.601720344068815e+00,8.235339033094524e-01,8.235339033094524e-01
8.603720744148831e+00,8.235556455479118e-01,8.235556455479118e-01
8.605721144228847e+00,8.235773798401160e-01,8.235773798401160e-01
8.607721544308863e+00,8.235991061897030e-01,8.235991061897030e-01
8.609721944388879e+00,8.236208246012202e-01,8.236208246012202e-01
8.611722344468895e+00,8.236425350792151e-01,8.236425350792151e-01
8.613722744548911e+00,8.236642376300543e-01,8.236642376300543e-01
8.615723144628927e+00,8.236859322573755e-01,8.236859322573755e-01
8.617723544708943e+00,8.237076189657264e-01,8.237076189657264e-01
8.619723944788959e+00,8.237292977605639e-01,8.237292977605639e-01
8.621724344868975e+00,8.237509686473450e-01,8.237509686473450e-01
8.623724744948991e+00,8.237726316287981e-01,8.237726316287981e-01
8.625725145029007e+00,8.237942867112897e-01,8.237942867112897e-01
8.627725545109023e+00,8.238159338984579e-01,8.238159338984579e-01
8.629725945189039e+00,8.238375731957595e-01,8.238375731957595e-01
8.631726345269055e+00,8.238592046086515e-01,8.238592046086515e-01
8.633726745349071e+00,8.238808281398624e-01,8.238808281398624e-01
8.635727145429087e+00,8.239024437966682e-01,8.239024437966682e-01
8.637727545509103e+00,8.239240515817974e-01,8.239240515817974e-01
8.639727945589119e+00,8.239456515007069e-01,8.239456515007069e-01
8.641728345669135e+00,8.239672435579442e-01,8.239672435579442e-01
8.643728745749151e+00,8.239888277589662e-01,8.239888277589662e-01
8.645729145829167e+00,8.240104041074110e-01,8.240104041074110e-01
8.647729545909183e+00,8.240319726087355e-01,8.240319726087355e-01
8.649729945989197e+00,8.240535332665777e-01,8.240535332665777e-01
8.651730346069213e+00,8.240750860873041e-01,8.240750860873041e-01
8.653730746149229e+00,8.240966310745526e-01,8.240966310745526e-01
8.655731146229245e+00,8.241181682337801e-01,8.241181682337801e-01
8.657731546309261e+00,8.241396975686248e-01,8.241396975686248e-01
8.659731946389277e+00,8.241612190845435e-01,8.241612190845435e-01
8.661732346469293e+00,8.241827327860838e-01,8.241827327860838e-01
8.663732746549309e+00,8.242042386777930e-01,8.242042386777930e-01
8.665733146629325e+00,8.242257367642187e-01,8.242257367642187e-01
8.667733546709341e+00,8.242472270508179e-01,8.242472270508179e-01
8.669733946789357e+00,8.242687095412284e-01,8.242687095412284e-01
8.671734346869373e+00,8.242901842409074e-01,8.242901842409074e-01
8.673734746949389e+00,8.243116511544022e-01,8.243116511544022e-01
8.675735147029405e+00,8.243331102853508e-01,8.243331102853508e-01
8.677735547109421e+00,8.243545616401198e-01,8.243545616401198e-01
8.679735947189437e+00,8.243760052223470e-01,8.243760052223470e-01
8.681736347269453e+00,8.243974410365800e-01,8.243974410365800e-01
8.683736747349469e+00,8.244188690873662e-01,8.244188690873662e-01
8.685737147429485e+00,8.244402893801626e-01,8.244402893801626e-01
8.687737547509501e+00,8.244617019186071e-01,8.244617019186071e-01
8.689737947589517e+00,8.244831067081568e-01,8.244831067081568e-01
8.691738347669533e+00,8.245045037533592e-01,8.245045037533592e-01
8.693738747749549e+00,8.245258930587616e-01,8.245258930587616e-01
8.695739147829565e+00,8.245472746289115e-01,8.245472746289115e-01
8.697739547909581e+00,8.245686484683565e-01,8.245686484683565e-01
8.699739947989597e+00,8.245900145816440e-01,8.245900145816440e-01
8.701740348069613e+00,8.246113729733215e-01,8.246113729733215e-01
8.703740748149629e+00,8.246327236479365e-01,8.246327236479365e-01
8.705741148229645e+00,8.246540666109459e-01,8.246540666109459e-01
8.707741548309661e+00,8.246754018659876e-01,8.246754018659876e-01
8.709741948389677e+00,8.246967294185188e-01,8.246967294185188e-01
8.711742348469693e+00,8.247180492721773e-01,8.247180492721773e-01
8.713742748549709e+00,8.247393614315106e-01,8.247393614315106e-01
8.715743148629725e+00,8.247606659019757e-01,8.247606659019757e-01
8.717743548709741e+00,8.247819626881201e-01,8.247819626881201e-01
8.719743948789757e+00,8.248032517935817e-01,8.248032517935817e-01
8.721744348869773e+00,8.248245332238175e-01,8.248245332238175e-01
8.723744748949789e+00,8.248458069833751e-01,8.248458069833751e-01
8.725745149029805e+00,8.248670730768017e-01,8.248670730768017e-01
8.727745549109821e+00,8.248883315077356e-01,8.248883315077356e-01
8.729745949189837e+00,8.249095822816335e-01,8.249095822816335e-01
8.731746349269853e+00,8.249308254030430e-01,8.249308254030430e-01
8.733746749349869e+00,8.249520608756020e-01,8.249520608756020e-01
8.735747149429885e+00,8.249732887056771e-01,8.249732887056771e-01
8.737747549509901e+00,8.249945088959967e-01,8.249945088959967e-01
8.739747949589917e+00,8.250157214511082e-01,8.250157214511082e-01
8.741748349669933e+00,8.250369263773782e-01,8.250369263773782e-01
8.743748749749949e+00,8.250581236784447e-01,8.250581236784447e-01
8.745749149829965e+00,8.250793133579455e-01,8.250793133579455e-01
8.747749549909981e+00,8.251004954204282e-01,8.251004954204282e-01
8.749749949989997e+00,8.251216698722592e-01,8.251216698722592e-01
8.751750350070013e+00,8.251428367161671e-01,8.251428367161671e-01
8.753750750150029e+00,8.251639959576087e-01,8.251639959576087e-01
8.755751150230045e+00,8.251851476002221e-01,8.251851476002221e-01
8.757751550310061e+00,8.252062916494642e-01,8.252062916494642e-01
8.759751950390077e+00,8.252274281089731e-01,8.252274281089731e-01
8.761752350470093e+00,8.252485569842056e-01,8.252485569842056e-01
8.763752750550109e+00,8.252696782787998e-01,8.252696782787998e-01
8.765753150630125e+00,8.252907919973032e-01,8.252907919973032e-01
8.767753550710141e+00,8.253118981451726e-01,8.253118981451726e-01
8.769753950790157e+00,8.253329967260461e-01,8.253329967260461e-01
8.771754350870173e+00,8.253540877444712e-01,8.253540877444712e-01
8.773754750950189e+00,8.253751712049953e-01,8.253751712049953e-01
8.775755151030205e+00,8.253962471112564e-01,8.253962471112564e-01
8.777755551110221e+00,8.254173154696209e-01,8.254173154696209e-01
8.779755951190237e+00,8.254383762837270e-01,8.254383762837270e-01
8.781756351270253e+00,8.254594295572124e-01,8.254594295572124e-01
8.783756751350269e+00,8.254804752955343e-01,8.254804752955343e-01
8.785757151430285e+00,8.255015135023305e-01,8.255015135023305e-01
8.787757551510301e+00,8.255225441821485e-01,8.255225441821485e-01
8.789757951590317e+00,8.255435673404454e-01,8.255435673404454e-01
8.791758351670333e+00,8.255645829808591e-01,8.255645829808591e-01
8.793758751750349e+00,8.255855911079371e-01,8.255855911079371e-01
8.795759151830365e+00,8.256065917271362e-01,8.256065917271362e-01
8.797759551910382e+00,8.256275848402757e-01,8.256275848402757e-01
8.799759951990398e+00,8.256485704546312e-01,8.256485704546312e-01
8.801760352070414e+00,8.256695485729315e-01,8.256695485729315e-01
8.803760752150430e+00,8.256905191997239e-01,8.256905191997239e-01
8.805761152230446e+00,8.257114823404654e-01,8.257114823404654e-01
8.807761552310462e+00,8.257324379987940e-01,8.257324379987940e-01
8.809761952390478e+00,8.257533861783477e-01,8.257533861783477e-01
8.811762352470494e+00,8.257743268854929e-01,8.257743268854929e-01
8.813762752550510e+00,8.257952601229581e-01,8.257952601229581e-01
8.815763152630526e+00,8.258161858962003e-01,8.258161858962003e-01
8.817763552710542e+00,8.258371042088575e-01,8.258371042088575e-01
8.819763952790558e+00,8.258580150654771e-01,8.258580150654771e-01
8.821764352870574e+00,8.258789184706066e-01,8.258789184706066e-01
8.823764752950590e+00,8.258998144287935e-01,8.258998144287935e-01
8.825765153030606e+00,8.259207029445852e-01,8.259207029445852e-01
8.827765553110622e+00,8.259415840216198e-01,8.259415840216198e-01
8.829765953190638e+00,8.259624576644446e-01,8.259624576644446e-01
8.831766353270654e+00,8.259833238785168e-01,8.259833238785168e-01
8.833766753350670e+00,8.260041826665647e-01,8.260041826665647e-01
8.835767153430686e+00,8.260250340340454e-01,8.260250340340454e-01
8.837767553510702e+00,8.260458779845967e-01,8.260458779845967e-01
8.839767953590718e+00,8.260667145236757e-01,8.260667145236757e-01
8.841768353670734e+00,8.260875436549204e-01,8.260875436549204e-01
8.843768753750750e+00,8.261083653819687e-01,8.261083653819687e-01
8.845769153830766e+00,8.261291797102777e-01,8.261291797102777e-01
8.847769553910782e+00,8.261499866443947e-01,8.261499866443947e-01
8.849769953990798e+00,8.261707861879577e-01,8.261707861879577e-01
8.851770354070814e+00,8.261915783446048e-01,8.261915783446048e-01
8.853770754150830e+00,8.262123631207023e-01,8.262123631207023e-01
8.855771154230846e+00,8.262331405180694e-01,8.262331405180694e-01
8.857771554310862e+00,8.262539105430724e-01,8.262539105430724e-01
8.859771954390878e+00,8.262746731993493e-01,8.262746731993493e-01
8.861772354470894e+00,8.262954284914477e-01,8.262954284914477e-01
8.863772754550910e+00,8.263161764230054e-01,8.263161764230054e-01
8.865773154630926e+00,8.263369169994794e-01,8.263369169994794e-01
8.867773554710942e+00,8.263576502235983e-01,8.263576502235983e-01
8.869773954790958e+00,8.263783761008190e-01,8.263783761008190e-01
8.871774354870974e+00,8.263990946347795e-01,8.263990946347795e-01
8.873774754950990e+00,8.264198058309367e-01,8.264198058309367e-01
8.875775155031006e+00,8.264405096920191e-01,8.264405096920191e-01
8.877775555111022e+00,8.264612062234837e-01,8.264612062234837e-01
8.879775955191038e+00,8.264818954298780e-01,8.264818954298780e-01
8.881776355271054e+00,8.265025773139305e-01,8.265025773139305e-01
8.883776755351070e+00,8.265232518810981e-01,8.265232518810981e-01
8.885777155431086e+00,8.265439191350188e-01,8.265439191350188e-01
8.887777555511102e+00,8.265645790811496e-01,8.265645790811496e-01
8.889777955591118e+00,8.265852317222189e-01,8.265852317222189e-01
8.891778355671134e+00,8.266058770636837e-01,8.266058770636837e-01
8.893778755751150e+00,8.266265151091821e-01,8.266265151091821e-01
8.895779155831166e+00,8.266471458623519e-01,8.266471458623519e-01
8.897779555911182e+00,8.266677693295597e-01,8.266677693295597e-01
8.899779955991198e+00,8.266883855126244e-01,8.266883855126244e-01
8.901780356071214e+00,8.267089944179125e-01,8.267089944179125e-01
8.903780756151230e+00,8.267295960481524e-01,8.267295960481524e-01
8.905781156231246e+00,8.267501904078918e-01,8.267501904078918e-01
8.907781556311262e+00,8.267707775016779e-01,8.267707775016779e-01
8.909781956391278e+00,8.267913573340584e-01,8.267913573340584e-01
8.911782356471294e+00,8.268119299086711e-01,8.268119299086711e-01
8.913782756551310e+00,8.268324952300636e-01,8.268324952300636e-01
8.915783156631326e+00,8.268530533018739e-01,8.268530533018739e-01
8.917783556711342e+00,8.268736041295588e-01,8.268736041295588e-01
8.919783956791358e+00,8.268941477158469e-01,8.268941477158469e-01
8.921784356871374e+00,8.269146840661952e-01,8.269146840661952e-01
8.923784756951390e+00,8.269352131833321e-01,8.269352131833321e-01
8.925785157031406e+00,8.269557350736241e-01,8.269557350736241e-01
8.927785557111422e+00,8.269762497388902e-01,8.269762497388902e-01
8.929785957191438e+00,8.269967571854968e-01,8.269967571854968e-01
8.931786357271454e+00,8.270172574161725e-01,8.270172574161725e-01
8.933786757351470e+00,8.270377504354647e-01,8.270377504354647e-01
8.935787157431486e+00,8.270582362479209e-01,8.270582362479209e-01
8.937787557511502e+00,8.270787148580885e-01,8.270787148580885e-01
8.939787957591518e+00,8.270991862686961e-01,8.270991862686961e-01
8.941788357671534e+00,8.271196504852005e-01,8.271196504852005e-01
8.943788757751550e+00,8.271401075112399e-01,8.271401075112399e-01
8.945789157831566e+00,8.271605573513616e-01,8.271605573513616e-01
8.947789557911582e+00,8.271810000092037e-01,8.271810000092037e-01
8.949789957991598e+00,8.272014354893136e-01,8.272014354893136e-01
8.951790358071614e+00,8.272218637962387e-01,8.272218637962387e-01
8.953790758151630e+00,8.272422849336172e-01,8.272422849336172e-01
8.955791158231646e+00,8.272626989050869e-01,8.272626989050869e-01
8.957791558311662e+00,8.272831057161047e-01,8.272831057161047e-01
8.959791958391678e+00,8.273035053693993e-01,8.273035053693993e-01
8.961792358471694e+00,8.273238978704276e-01,8.273238978704276e-01
8.963792758551710e+00,8.273442832219180e-01,8.273442832219180e-01
8.965793158631726e+00,8.273646614293275e-01,8.273646614293275e-01
8.967793558711742e+00,8.273850324962941e-01,8.273850324962941e-01
8.969793958791758e+00,8.274053964273653e-01,8.274053964273653e-01
8.971794358871774e+00,8.274257532252696e-01,8.274257532252696e-01
8.973794758951790e+00,8.274461028963733e-01,8.274461028963733e-01
8.975795159031806e+00,8.274664454424956e-01,8.274664454424956e-01
8.977795559111822e+00,8.274867808690933e-01,8.274867808690933e-01
8.979795959191838e+00,8.275071091798045e-01,8.275071091798045e-01
8.981796359271854e+00,8.275274303791766e-01,8.275274303791766e-01
8.983796759351870e+00,8.275477444717572e-01,8.275477444717572e-01
8.985797159431886e+00,8.275680514602746e-01,8.275680514602746e-01
8.987797559511902e+00,8.275883513492763e-01,8.275883513492763e-01
8.989797959591918e+00,8.276086441442194e-01,8.276086441442194e-01
8.991798359671934e+00,8.276289298469228e-01,8.276289298469228e-01
8.993798759751950e+00,8.276492084628435e-01,8.276492084628435e-01
8.995799159831966e+00,8.276694799965290e-01,8.276694799965290e-01
8.997799559911982e+00,8.276897444516171e-01,8.276897444516171e-01
8.999799959991998e+00,8.277100018308365e-01,8.277100018308365e-01
9.001800360072014e+00,8.277302521405536e-01,8.277302521405536e-01
9.003800760152030e+00,8.277504953834969e-01,8.277504953834969e-01
9.005801160232046e+00,8.277707315633043e-01,8.277707315633043e-01
9.007801560312062e+00,8.277909606854328e-01,8.277909606854328e-01
9.009801960392078e+00,8.278111827535204e-01,8.278111827535204e-01
9.011802360472094e+00,8.278313977702956e-01,8.278313977702956e-01
9.013802760552110e+00,8.278516057421248e-01,8.278516057421248e-01
9.015803160632126e+00,8.278718066708270e-01,8.278718066708270e-01
9.017803560712142e+00,8.278920005618593e-01,8.278920005618593e-01
9.019803960792158e+00,8.279121874188595e-01,8.279121874188595e-01
9.021804360872174e+00,8.279323672463752e-01,8.279323672463752e-01
9.023804760952190e+00,8.279525400471348e-01,8.279525400471348e-01
9.025805161032206e+00,8.279727058265953e-01,8.279727058265953e-01
9.027805561112222e+00,8.279928645883947e-01,8.279928645883947e-01
9.029805961192238e+00,8.280130163352615e-01,8.280130163352615e-01
9.031806361272254e+00,8.280331610735621e-01,8.280331610735621e-01
9.033806761352270e+00,8.280532988060250e-01,8.280532988060250e-01
9.035807161432286e+00,8.280734295362882e-01,8.280734295362882e-01
9.037807561512302e+00,8.280935532688991e-01,8.280935532688991e-01
9.039807961592318e+00,8.281136700074958e-01,8.281136700074958e-01
9.041808361672334e+00,8.281337797575352e-01,8.281337797575352e-01
9.043808761752350e+00,8.281538825208363e-01,8.281538825208363e-01
9.045809161832366e+00,8.281739783028561e-01,8.281739783028561e-01
9.047809561912382e+00,8.281940671081420e-01,8.281940671081420e-01
9.049809961992398e+00,8.282141489385131e-01,8.282141489385131e-01
9.051810362072414e+00,8.282342238003357e-01,8.282342238003357e-01
9.053810762152430e+00,8.282542916954290e-01,8.282542916954290e-01
9.055811162232446e+00,8.282743526301592e-01,8.282743526301592e-01
9.057811562312462e+00,8.282944066063456e-01,8.282944066063456e-01
9.059811962392478e+00,8.283144536294449e-01,8.283144536294449e-01
9.061812362472494e+00,8.283344937021857e-01,8.283344937021857e-01
9.063812762552510e+00,8.283545268300250e-01,8.283545268300250e-01
9.065813162632526e+00,8.283745530156912e-01,8.283745530156912e-01
9.067813562712542e+00,8.283945722637318e-01,8.283945722637318e-01
9.069813962792558e+00,8.284145845777848e-01,8.284145845777848e-01
9.071814362872574e+00,8.284345899623977e-01,8.284345899623977e-01
9.073814762952590e+00,8.284545884212084e-01,8.284545884212084e-01
9.075815163032606e+00,8.284745799578550e-01,8.284745799578550e-01
9.077815563112622e+00,8.284945645768849e-01,8.284945645768849e-01
9.079815963192639e+00,8.285145422819360e-01,8.285145422819360e-01
9.081816363272655e+00,8.285345130775559e-01,8.285345130775559e-01
9.083816763352671e+00,8.285544769664730e-01,8.285544769664730e-01
9.085817163432687e+00,8.285744339532348e-01,8.285744339532348e-01
9.087817563512703e+00,8.285943840423888e-01,8.285943840423888e-01
9.089817963592719e+00,8.286143272366635e-01,8.286143272366635e-01
9.091818363672735e+00,8.286342635415158e-01,8.286342635415158e-01
9.093818763752751e+00,8.286541929596742e-01,8.286541929596742e-01
9.095819163832767e+00,8.286741154947768e-01,8.286741154947768e-01
9.097819563912783e+00,8.286940311522804e-01,8.286940311522804e-01
9.099819963992799e+00,8.287139399349135e-01,8.287139399349135e-01
9.101820364072815e+00,8.287338418472237e-01,8.287338418472237e-01
9.103820764152831e+00,8.287537368919393e-01,8.287537368919393e-01
9.105821164232847e+00,8.287736250745175e-01,8.287736250745175e-01
9.107821564312863e+00,8.287935063985961e-01,8.287935063985961e-01
9.109821964392879e+00,8.288133808678131e-01,8.288133808678131e-01
9.111822364472895e+00,8.288332484848970e-01,8.288332484848970e-01
9.113822764552911e+00,8.288531092553049e-01,8.288531092553049e-01
9.115823164632927e+00,8.288729631826746e-01,8.288729631826746e-01
9.117823564712943e+00,8.288928102706441e-01,8.288928102706441e-01
9.119823964792959e+00,8.289126505237610e-01,8.289126505237610e-01
9.121824364872975e+00,8.289324839447536e-01,8.289324839447536e-01
9.123824764952991e+00,8.289523105381695e-01,8.289523105381695e-01
9.125825165033007e+00,8.289721303076467e-01,8.289721303076467e-01
9.127825565113023e+00,8.289919432568231e-01,8.289919432568231e-01
9.129825965193039e+00,8.290117493902462e-01,8.290117493902462e-01
9.131826365273055e+00,8.290315487115540e-01,8.290315487115540e-01
9.133826765353071e+00,8.290513412252940e-01,8.290513412252940e-01
9.135827165433087e+00,8.290711269341946e-01,8.290711269341946e-01
9.137827565513103e+00,8.290909058418938e-01,8.290909058418938e-01
9.139827965593119e+00,8.291106779538486e-01,8.291106779538486e-01
9.141828365673135e+00,8.291304432718780e-01,8.291304432718780e-01
9.143828765753151e+00,8.291502018023484e-01,8.291502018023484e-01
9.145829165833167e+00,8.291699535470789e-01,8.291699535470789e-01
9.147829565913183e+00,8.291896985097074e-01,8.291896985097074e-01
9.149829965993199e+00,8.292094366956908e-01,8.292094366956908e-01
9.151830366073215e+00,8.292291681086672e-01,8.292291681086672e-01
9.153830766153231e+00,8.292488927513650e-01,8.292488927513650e-01
9.155831166233247e+00,8.292686106283318e-01,8.292686106283318e-01
9.157831566313263e+00,8.292883217422959e-01,8.292883217422959e-01
9.159831966393279e+00,8.293080260996240e-01,8.293080260996240e-01
9.161832366473295e+00,8.293277237012253e-01,8.293277237012253e-01
9.163832766553311e+00,8.293474145534665e-01,8.293474145534665e-01
9.165833166633327e+00,8.293670986581665e-01,8.293670986581665e-01
9.167833566713343e+00,8.293867760198728e-01,8.293867760198728e-01
9.169833966793359e+00,8.294064466431328e-01,8.294064466431328e-01
9.171834366873375e+00,8.294261105306751e-01,8.294261105306751e-01
9.173834766953391e+00,8.294457676870470e-01,8.294457676870470e-01
9.175835167033407e+00,8.294654181149772e-01,8.294654181149772e-01
9.177835567113423e+00,8.294850618199225e-01,8.294850618199225e-01
9.179835967193439e+00,8.295046988046115e-01,8.295046988046115e-01
9.181836367273455e+00,8.295243290726821e-01,8.295243290726821e-01
9.183836767353471e+00,8.295439526286819e-01,8.295439526286819e-01
9.185837167433487e+00,8.295635694762487e-01,8.295635694762487e-01
9.187837567513503e+00,8.295831796181110e-01,8.295831796181110e-01
9.189837967593519e+00,8.296027830597259e-01,8.296027830597259e-01
9.191838367673535e+00,8.296223798038218e-01,8.296223798038218e-01
9.193838767753551e+00,8.296419698549462e-01,8.296419698549462e-01
9.195839167833567e+00,8.296615532158276e-01,8.296615532158276e-01
9.197839567913583e+00,8.296811298901039e-01,8.296811298901039e-01
9.199839967993599e+00,8.297006998832321e-01,8.297006998832321e-01
9.201840368073615e+00,8.297202631970313e-01,8.297202631970313e-01
9.203840768153631e+00,8.297398198369583e-01,8.297398198369583e-01
9.205841168233647e+00,8.297593698057417e-01,8.297593698057417e-01
9.207841568313663e+00,8.297789131079290e-01,8.297789131079290e-01
9.209841968393679e+00,8.297984497462485e-01,8.297984497462485e-01
9.211842368473695e+00,8.298179797252478e-01,8.298179797252478e-01
9.213842768553711e+00,8.298375030476555e-01,8.298375030476555e-01
9.215843168633727e+00,8.298570197189283e-01,8.298570197189283e-01
9.217843568713743e+00,8.298765297408854e-01,8.298765297408854e-01
9.219843968793759e+00,8.298960331189837e-01,8.298960331189837e-01
9.221844368873775e+00,8.299155298559517e-01,8.299155298559517e-01
9.223844768953791e+00,8.299350199563369e-01,8.299350199563369e-01
9.225845169033807e+00,8.299545034228677e-01,8.299545034228677e-01
9.227845569113823e+00,8.299739802591821e-01,8.299739802591821e-01
9.229845969193839e+00,8.299934504707371e-01,8.299934504707371e-01
9.231846369273855e+00,8.300129140593517e-01,8.300129140593517e-01
9.233846769353871e+00,8.300323710295734e-01,8.300323710295734e-01
9.235847169433887e+00,8.300518213850401e-01,8.300518213850401e-01
9.237847569513903e+00,8.300712651293898e-01,8.300712651293898e-01
9.239847969593919e+00,8.300907022671700e-01,8.300907022671700e-01
9.241848369673935e+00,8.301101328001996e-01,8.301101328001996e-01
9.243848769753951e+00,8.301295567339357e-01,8.301295567339357e-01
9.245849169833967e+00,8.301489740711068e-01,8.301489740711068e-01
9.247849569913983e+00,8.301683848162602e-01,8.301683848162602e-01
9.249849969993999e+00,8.301877889730340e-01,8.301877889730340e-01
9.251850370074015e+00,8.302071865441567e-01,8.302071865441567e-01
9.253850770154031e+00,8.302265775332662e-01,8.302265775332662e-01
9.255851170234047e+00,8.302459619458196e-01,8.302459619458196e-01
9.257851570314063e+00,8.302653397836357e-01,8.302653397836357e-01
9.259851970394079e+00,8.302847110512621e-01,8.302847110512621e-01
9.261852370474095e+00,8.303040757523368e-01,8.303040757523368e-01
9.263852770554111e+00,8.303234338904977e-01,8.303234338904977e-01
9.265853170634127e+00,8.303427854684733e-01,8.303427854684733e-01
9.267853570714143e+00,8.303621304917206e-01,8.303621304917206e-01
9.269853970794159e+00,8.303814689629681e-01,8.303814689629681e-01
9.271854370874175e+00,8.304008008858537e-01,8.304008008858537e-01
9.273854770954191e+00,8.304201262640154e-01,8.304201262640154e-01
9.275855171034207e+00,8.304394451020007e-01,8.304394451020007e-01
9.277855571114223e+00,8.304587574016287e-01,8.304587574016287e-01
9.279855971194239e+00,8.304780631683562e-01,8.304780631683562e-01
9.281856371274255e+00,8.304973624049117e-01,8.304973624049117e-01
9.283856771354271e+00,8.305166551149332e-01,8.305166551149332e-01
9.285857171434287e+00,8.305359413020588e-01,8.305359413020588e-01
9.287857571514303e+00,8.305552209708358e-01,8.305552209708358e-01
9.289857971594319e+00,8.305744941239928e-01,8.305744941239928e-01
9.291858371674335e+00,8.305937607651677e-01,8.305937607651677e-01
9.293858771754351e+00,8.306130208979985e-01,8.306130208979985e-01
9.295859171834367e+00,8.306322745270327e-01,8.306322745270327e-01
9.297859571914383e+00,8.306515216549988e-01,8.306515216549988e-01
9.299859971994399e+00,8.306707622855347e-01,8.306707622855347e-01
9.301860372074415e+00,8.306899964222785e-01,8.306899964222785e-01
9.303860772154431e+00,8.307092240697775e-01,8.307092240697775e-01
9.305861172234447e+00,8.307284452307604e-01,8.307284452307604e-01
9.307861572314463e+00,8.307476599088650e-01,8.307476599088650e-01
9.309861972394479e+00,8.307668681077294e-01,8.307668681077294e-01
9.311862372474495e+00,8.307860698309915e-01,8.307860698309915e-01
9.313862772554511e+00,8.308052650822892e-01,8.308052650822892e-01
9.315863172634527e+00,8.308244538661702e-01,8.308244538661702e-01
9.317863572714543e+00,8.308436361844533e-01,8.308436361844533e-01
9.319863972794559e+00,8.308628120416861e-01,8.308628120416861e-01
9.321864372874575e+00,8.308819814415065e-01,8.308819814415065e-01
9.323864772954591e+00,8.309011443884620e-01,8.309011443884620e-01
9.325865173034607e+00,8.309203008843715e-01,8.309203008843715e-01
9.327865573114623e+00,8.309394509328731e-01,8.309394509328731e-01
9.329865973194639e+00,8.309585945394238e-01,8.309585945394238e-01
9.331866373274655e+00,8.309777317058424e-01,8.309777317058424e-01
9.333866773354671e+00,8.309968624366766e-01,8.309968624366766e-01
9.335867173434687e+00,8.310159867346547e-01,8.310159867346547e-01
9.337867573514703e+00,8.310351046043243e-01,8.310351046043243e-01
9.339867973594719e+00,8.310542160484138e-01,8.310542160484138e-01
9.341868373674735e+00,8.310733210705612e-01,8.310733210705612e-01
9.343868773754751e+00,8.310924196753140e-01,8.310924196753140e-01
9.345869173834767e+00,8.311115118654007e-01,8.311115118654007e-01
9.347869573914783e+00,8.311305976444592e-01,8.311305976444592e-01
9.349869973994799e+00,8.311496770161275e-01,8.311496770161275e-01
9.351870374074815e+00,8.311687499831342e-01,8.311687499831342e-01
9.353870774154831e+00,8.311878165509361e-01,8.311878165509361e-01
9.355871174234847e+00,8.312068767213523e-01,8.312068767213523e-01
9.357871574314863e+00,8.312259304989302e-01,8.312259304989302e-01
9.359871974394880e+00,8.312449778873079e-01,8.312449778873079e-01
9.361872374474896e+00,8.312640188892138e-01,8.312640188892138e-01
9.363872774554912e+00,8.312830535082858e-01,8.312830535082858e-01
9.365873174634928e+00,8.313020817490715e-01,8.313020817490715e-01
9.367873574714944e+00,8.313211036133898e-01,8.313211036133898e-01
9.369873974794960e+00,8.313401191066978e-01,8.313401191066978e-01
9.371874374874976e+00,8.313591282308144e-01,8.313591282308144e-01
9.373874774954992e+00,8.313781309902870e-01,8.313781309902870e-01
9.375875175035008e+00,8.313971273887537e-01,8.313971273887537e-01
9.377875575115024e+00,8.314161174289429e-01,8.314161174289429e-01
9.379875975195040e+00,8.314351011144927e-01,8.314351011144927e-01
9.381876375275056e+00,8.314540784499505e-01,8.314540784499505e-01
9.383876775355072e+00,8.314730494371352e-01,8.314730494371352e-01
9.385877175435088e+00,8.314920140815039e-01,8.314920140815039e-01
9.387877575515104e+00,8.315109723857850e-01,8.315109723857850e-01
9.389877975595120e+00,8.315299243527070e-01,8.315299243527070e-01
9.391878375675136e+00,8.315488699859079e-01,8.315488699859079e-01
9.393878775755152e+00,8.315678092899352e-01,8.315678092899352e-01
9.395879175835168e+00,8.315867422675174e-01,8.315867422675174e-01
9.397879575915184e+00,8.316056689222924e-01,8.316056689222924e-01
9.399879975995200e+00,8.316245892578982e-01,8.316245892578982e-01
9.401880376075216e+00,8.316435032779728e-01,8.316435032779728e-01
9.403880776155232e+00,8.316624109852446e-01,8.316624109852446e-01
9.405881176235248e+00,8.316813123842612e-01,8.316813123842612e-01
9.407881576315264e+00,8.317002074768416e-01,8.317002074768416e-01
9.409881976395280e+00,8.317190962684426e-01,8.317190962684426e-01
9.411882376475296e+00,8.317379787617929e-01,8.317379787617929e-01
9.413882776555312e+00,8.317568549596208e-01,8.317568549596208e-01
9.415883176635328e+00,8.317757248664739e-01,8.317757248664739e-01
9.417883576715344e+00,8.317945884850806e-01,8.317945884850806e-01
9.419883976795360e+00,8.318134458190789e-01,8.318134458190789e-01
9.421884376875376e+00,8.318322968721068e-01,8.318322968721068e-01
9.423884776955392e+00,8.318511416478023e-01,8.318511416478023e-01
9.425885177035408e+00,8.318699801488938e-01,8.318699801488938e-01
9.427885577115424e+00,8.318888123790193e-01,8.318888123790193e-01
9.429885977195440e+00,8.319076383427264e-01,8.319076383427264e-01
9.431886377275456e+00,8.319264580418340e-01,8.319264580418340e-01
9.433886777355472e+00,8.319452714817990e-01,8.319452714817990e-01
9.435887177435488e+00,8.319640786635309e-01,8.319640786635309e-01
9.437887577515504e+00,8.319828795924868e-01,8.319828795924868e-01
9.439887977595520e+00,8.320016742713952e-01,8.320016742713952e-01
9.441888377675536e+00,8.320204627038938e-01,8.320204627038938e-01
9.443888777755552e+00,8.320392448927114e-01,8.320392448927114e-01
9.445889177835568e+00,8.320580208423953e-01,8.320580208423953e-01
9.447889577915584e+00,8.320767905547646e-01,8.320767905547646e-01
9.449889977995600e+00,8.320955540352761e-01,8.320955540352761e-01
9.451890378075616e+00,8.321143112857490e-01,8.321143112857490e-01
9.453890778155632e+00,8.321330623107306e-01,8.321330623107306e-01
9.455891178235648e+00,8.321518071129494e-01,8.321518071129494e-01
9.457891578315664e+00,8.321705456960435e-01,8.321705456960435e-01
9.459891978395680e+00,8.321892780627413e-01,8.321892780627413e-01
9.461892378475696e+00,8.322080042175903e-01,8.322080042175903e-01
9.463892778555712e+00,8.322267241633190e-01,8.322267241633190e-01
9.465893178635728e+00,8.322454379035653e-01,8.322454379035653e-01
9.467893578715744e+00,8.322641454419673e-01,8.322641454419673e-01
9.469893978795760e+00,8.322828467812533e-01,8.322828467812533e-01
9.471894378875776e+00,8.323015419250614e-01,8.323015419250614e-01
9.473894778955792e+00,8.323202308770297e-01,8.323202308770297e-01
9.475895179035808e+00,8.323389136407959e-01,8.323389136407959e-01
9.477895579115824e+00,8.323575902190887e-01,8.323575902190887e-01
9.479895979195840e+00,8.323762606146365e-01,8.323762606146365e-01
9.481896379275856e+00,8.323949248328963e-01,8.323949248328963e-01
9.483896779355872e+00,8.324135828756871e-01,8.324135828756871e-01
9.485897179435888e+00,8.324322347475563e-01,8.324322347475563e-01
9.487897579515904e+00,8.324508804503230e-01,8.324508804503230e-01
9.489897979595920e+00,8.324695199885346e-01,8.324695199885346e-01
9.491898379675936e+00,8.324881533649195e-01,8.324881533649195e-01
9.493898779755952e+00,8.325067805831159e-01,8.325067805831159e-01
9.495899179835968e+00,8.325254016467616e-01,8.325254016467616e-01
9.497899579915984e+00,8.325440165594946e-01,8.325440165594946e-01
9.499899979996000e+00,8.325626253231340e-01,8.325626253231340e-01
9.501900380076016e+00,8.325812279422271e-01,8.325812279422271e-01
9.503900780156032e+00,8.325998244204120e-01,8.325998244204120e-01
9.505901180236048e+00,8.326184147604172e-01,8.326184147604172e-01
9.507901580316064e+00,8.326369989658806e-01,8.326369989658806e-01
9.509901980396080e+00,8.326555770395307e-01,8.326555770395307e-01
9.511902380476096e+00,8.326741489859151e-01,8.326741489859151e-01
9.513902780556112e+00,8.326927148077621e-01,8.326927148077621e-01
9.515903180636128e+00,8.327112745078002e-01,8.327112745078002e-01
9.517903580716144e+00,8.327298280896676e-01,8.327298280896676e-01
9.519903980796160e+00,8.327483755570020e-01,8.327483755570020e-01
9.521904380876176e+00,8.327669169134415e-01,8.327669169134415e-01
9.523904780956192e+00,8.327854521617146e-01,8.327854521617146e-01
9.525905181036208e+00,8.328039813054593e-01,8.328039813054593e-01
9.527905581116224e+00,8.328225043483135e-01,8.328225043483135e-01
9.529905981196240e+00,8.328410212920963e-01,8.328410212920963e-01
9.531906381276256e+00,8.328595321422645e-01,8.328595321422645e-01
9.533906781356272e+00,8.328780369006372e-01,8.328780369006372e-01
9.535907181436288e+00,8.328965355708524e-01,8.328965355708524e-01
9.537907581516304e+00,8.329150281565481e-01,8.329150281565481e-01
9.539907981596320e+00,8.329335146613621e-01,8.329335146613621e-01
9.541908381676336e+00,8.329519950871136e-01,8.329519950871136e-01
9.543908781756352e+00,8.329704694392595e-01,8.329704694392595e-01
9.545909181836368e+00,8.329889377187092e-01,8.329889377187092e-01
9.547909581916384e+00,8.330073999309198e-01,8.330073999309198e-01
9.549909981996400e+00,8.330258560777102e-01,8.330258560777102e-01
9.551910382076416e+00,8.330443061627184e-01,8.330443061627184e-01
9.553910782156432e+00,8.330627501895824e-01,8.330627501895824e-01
9.555911182236448e+00,8.330811881619402e-01,8.330811881619402e-01
9.557911582316464e+00,8.330996200816108e-01,8.330996200816108e-01
9.559911982396478e+00,8.331180459540510e-01,8.331180459540510e-01
9.561912382476494e+00,8.331364657801705e-01,8.331364657801705e-01
9.563912782556510e+00,8.331548795654262e-01,8.331548795654262e-01
9.565913182636526e+00,8.331732873116371e-01,8.331732873116371e-01
9.567913582716542e+00,8.331916890224411e-01,8.331916890224411e-01
9.569913982796558e+00,8.332100847014763e-01,8.332100847014763e-01
9.571914382876574e+00,8.332284743514711e-01,8.332284743514711e-01
9.573914782956590e+00,8.332468579760635e-01,8.332468579760635e-01
9.575915183036606e+00,8.332652355779819e-01,8.332652355779819e-01
9.577915583116622e+00,8.332836071617740e-01,8.332836071617740e-01
9.579915983196639e+00,8.333019727292585e-01,8.333019727292585e-01
9.581916383276655e+00,8.333203322840737e-01,8.333203322840737e-01
9.583916783356671e+00,8.333386858307668e-01,8.333386858307668e-01
9.585917183436687e+00,8.333570333702474e-01,8.333570333702474e-01
9.587917583516703e+00,8.333753749079724e-01,8.333753749079724e-01
9.589917983596719e+00,8.333937104457609e-01,8.333937104457609e-01
9.591918383676735e+00,8.334120399872509e-01,8.334120399872509e-01
9.593918783756751e+00,8.334303635360802e-01,8.334303635360802e-01
9.595919183836767e+00,8.334486810949775e-01,8.334486810949775e-01
9.597919583916783e+00,8.334669926675806e-01,8.334669926675806e-01
9.599919983996799e+00,8.334852982566181e-01,8.334852982566181e-01
9.601920384076815e+00,8.335035978657279e-01,8.335035978657279e-01
9.603920784156831e+00,8.335218914976386e-01,8.335218914976386e-01
9.605921184236847e+00,8.335401791568975e-01,8.335401791568975e-01
9.607921584316863e+00,8.335584608453237e-01,8.335584608453237e-01
9.609921984396879e+00,8.335767365665552e-01,8.335767365665552e-01
9.611922384476895e+00,8.335950063242299e-01,8.335950063242299e-01
9.613922784556911e+00,8.336132701210763e-01,8.336132701210763e-01
9.615923184636927e+00,8.336315279607325e-01,8.336315279607325e-01
9.617923584716943e+00,8.336497798459268e-01,8.336497798459268e-01
9.619923984796959e+00,8.336680257802973e-01,8.336680257802973e-01
9.621924384876975e+00,8.336862657665725e-01,8.336862657665725e-01
9.623924784956991e+00,8.337044998083902e-01,8.337044998083902e-01
9.625925185037007e+00,8.337227279084791e-01,8.337227279084791e-01
9.627925585117023e+00,8.337409500704771e-01,8.337409500704771e-01
9.629925985197039e+00,8.337591662980222e-01,8.337591662980222e-01
9.631926385277055e+00,8.337773765929333e-01,8.337773765929333e-01
9.633926785357071e+00,8.337955809597579e-01,8.337955809597579e-01
9.635927185437087e+00,8.338137794012246e-01,8.338137794012246e-01
9.637927585517103e+00,8.338319719200618e-01,8.338319719200618e-01
9.639927985597119e+00,8.338501585199074e-01,8.338501585199074e-01
9.641928385677135e+00,8.338683392043995e-01,8.338683392043995e-01
9.643928785757151e+00,8.338865139762666e-01,8.338865139762666e-01
9.645929185837167e+00,8.339046828382370e-01,8.339046828382370e-01
9.647929585917183e+00,8.339228457939489e-01,8.339228457939489e-01
9.649929985997199e+00,8.339410028461307e-01,8.339410028461307e-01
9.651930386077215e+00,8.339591539993298e-01,8.339591539993298e-01
9.653930786157231e+00,8.339772992553653e-01,8.339772992553653e-01
9.655931186237247e+00,8.339954386169657e-01,8.339954386169657e-01
9.657931586317263e+00,8.340135720886783e-01,8.340135720886783e-01
9.659931986397279e+00,8.340316996732318e-01,8.340316996732318e-01
9.661932386477295e+00,8.340498213742640e-01,8.340498213742640e-01
9.663932786557311e+00,8.340679371935940e-01,8.340679371935940e-01
9.665933186637327e+00,8.340860471348597e-01,8.340860471348597e-01
9.667933586717343e+00,8.341041512016991e-01,8.341041512016991e-01
9.669933986797359e+00,8.341222493968408e-01,8.341222493968408e-01
9.671934386877375e+00,8.341403417239226e-01,8.341403417239226e-01
9.673934786957391e+00,8.341584281856731e-01,8.341584281856731e-01
9.675935187037407e+00,8.341765087857302e-01,8.341765087857302e-01
9.677935587117423e+00,8.341945835268225e-01,8.341945835268225e-01
9.679935987197439e+00,8.342126524116784e-01,8.342126524116784e-01
9.681936387277455e+00,8.342307154439359e-01,8.342307154439359e-01
9.683936787357471e+00,8.342487726272330e-01,8.342487726272330e-01
9.685937187437487e+00,8.342668239633886e-01,8.342668239633886e-01
9.687937587517503e+00,8.342848694569502e-01,8.342848694569502e-01
9.689937987597519e+00,8.343029091106464e-01,8.343029091106464e-01
9.691938387677535e+00,8.343209429262961e-01,8.343209429262961e-01
9.693938787757551e+00,8.343389709093563e-01,8.343389709093563e-01
9.695939187837567e+00,8.343569930607364e-01,8.343569930607364e-01
9.697939587917583e+00,8.343750093849840e-01,8.343750093849840e-01
9.699939987997599e+00,8.343930198839180e-01,8.343930198839180e-01
9.701940388077615e+00,8.344110245620859e-01,8.344110245620859e-01
9.703940788157631e+00,8.344290234222163e-01,8.344290234222163e-01
9.705941188237647e+00,8.344470164670375e-01,8.344470164670375e-01
9.707941588317663e+00,8.344650036992780e-01,8.344650036992780e-01
9.709941988397679e+00,8.344829851234854e-01,8.344829851234854e-01
9.711942388477695e+00,8.345009607405691e-01,8.345009607405691e-01
9.713942788557711e+00,8.345189305559861e-01,8.345189305559861e-01
9.715943188637727e+00,8.345368945715554e-01,8.345368945715554e-01
9.717943588717743e+00,8.345548527900055e-01,8.345548527900055e-01
9.719943988797759e+00,8.345728052158838e-01,8.345728052158838e-01
9.721944388877775e+00,8.345907518510094e-01,8.345907518510094e-01
9.723944788957791e+00,8.346086926990202e-01,8.346086926990202e-01
9.725945189037807e+00,8.346266277626446e-01,8.346266277626446e-01
9.727945589117823e+00,8.346445570446113e-01,8.346445570446113e-01
9.729945989197839e+00,8.346624805494676e-01,8.346624805494676e-01
9.731946389277855e+00,8.346803982790325e-01,8.346803982790325e-01
9.733946789357871e+00,8.346983102360346e-01,8.346983102360346e-01
9.735947189437887e+00,8.347162164250213e-01,8.347162164250213e-01
9.737947589517903e+00,8.347341168487210e-01,8.347341168487210e-01
9.739947989597919e+00,8.347520115089528e-01,8.347520115089528e-01
9.741948389677935e+00,8.347699004102642e-01,8.347699004102642e-01
9.743948789757951e+00,8.347877835544741e-01,8.347877835544741e-01
9.745949189837967e+00,8.348056609452206e-01,8.348056609452206e-01
9.747949589917983e+00,8.348235325861415e-01,8.348235325861415e-01
9.749949989997999e+00,8.348413984790559e-01,8.348413984790559e-01
9.751950390078015e+00,8.348592586285113e-01,8.348592586285113e-01
9.753950790158031e+00,8.348771130363266e-01,8.348771130363266e-01
9.755951190238047e+00,8.348949617061399e-01,8.348949617061399e-01
9.757951590318063e+00,8.349128046406795e-01,8.349128046406795e-01
9.759951990398079e+00,8.349306418426741e-01,8.349306418426741e-01
9.761952390478095e+00,8.349484733166710e-01,8.349484733166710e-01
9.763952790558111e+00,8.349662990635798e-01,8.349662990635798e-01
9.765953190638127e+00,8.349841190888574e-01,8.349841190888574e-01
9.767953590718143e+00,8.350019333934133e-01,8.350019333934133e-01
9.769953990798159e+00,8.350197419808856e-01,8.350197419808856e-01
9.771954390878175e+00,8.350375448549121e-01,8.350375448549121e-01
9.773954790958191e+00,8.350553420182214e-01,8.350553420182214e-01
9.775955191038207e+00,8.350731334744514e-01,8.350731334744514e-01
9.777955591118223e+00,8.350909192254212e-01,8.350909192254212e-01
9.779955991198239e+00,8.351086992738592e-01,8.351086992738592e-01
9.781956391278255e+00,8.351264736243129e-01,8.351264736243129e-01
9.783956791358271e+00,8.351442422795108e-01,8.351442422795108e-01
9.785957191438287e+00,8.351620052412718e-01,8.351620052412718e-01
9.787957591518303e+00,8.351797625141435e-01,8.351797625141435e-01
9.789957991598319e+00,8.351975140999448e-01,8.351975140999448e-01
9.791958391678335e+00,8.352152600023137e-01,8.352152600023137e-01
9.793958791758351e+00,8.352330002239787e-01,8.352330002239787e-01
9.795959191838367e+00,8.352507347685778e-01,8.352507347685778e-01
9.797959591918383e+00,8.352684636379299e-01,8.352684636379299e-01
9.799959991998399e+00,8.352861868365826e-01,8.352861868365826e-01
9.801960392078415e+00,8.353039043663548e-01,8.353039043663548e-01
9.803960792158431e+00,8.353216162299750e-01,8.353216162299750e-01
9.805961192238447e+00,8.353393224319907e-01,8.353393224319907e-01
9.807961592318463e+00,8.353570229733114e-01,8.353570229733114e-01
9.809961992398479e+00,8.353747178584845e-01,8.353747178584845e-01
9.811962392478495e+00,8.353924070911480e-01,8.353924070911480e-01
9.813962792558511e+00,8.354100906722115e-01,8.354100906722115e-01
9.815963192638527e+00,8.354277686053129e-01,8.354277686053129e-01
9.817963592718543e+00,8.354454408940901e-01,8.354454408940901e-01
9.819963992798559e+00,8.354631075421812e-01,8.354631075421812e-01
9.821964392878575e+00,8.354807685504957e-01,8.354807685504957e-01
9.823964792958591e+00,8.354984239235810e-01,8.354984239235810e-01
9.825965193038607e+00,8.355160736641656e-01,8.355160736641656e-01
9.827965593118623e+00,8.355337177740685e-01,8.355337177740685e-01
9.829965993198639e+00,8.355513562578372e-01,8.355513562578372e-01
9.831966393278655e+00,8.355689891182001e-01,8.355689891182001e-01
9.833966793358671e+00,8.355866163569763e-01,8.355866163569763e-01
9.835967193438687e+00,8.356042379787132e-01,8.356042379787132e-01
9.837967593518703e+00,8.356218539852298e-01,8.356218539852298e-01
9.839967993598719e+00,8.356394643792546e-01,8.356394643792546e-01
9.841968393678735e+00,8.356570691653351e-01,8.356570691653351e-01
9.843968793758751e+00,8.356746683443808e-01,8.356746683443808e-01
9.845969193838767e+00,8.356922619209390e-01,8.356922619209390e-01
9.847969593918783e+00,8.357098498968289e-01,8.357098498968289e-01
9.849969993998799e+00,8.357274322765980e-01,8.357274322765980e-01
9.851970394078815e+00,8.357450090611556e-01,8.357450090611556e-01
9.853970794158831e+00,8.357625802550492e-01,8.357625802550492e-01
9.855971194238847e+00,8.357801458600980e-01,8.357801458600980e-01
9.857971594318863e+00,8.357977058799397e-01,8.357977058799397e-01
9.859971994398880e+00,8.358152603173030e-01,8.358152603173030e-01
9.861972394478896e+00,8.358328091758258e-01,8.358328091758258e-01
9.863972794558912e+00,8.358503524564176e-01,8.358503524564176e-01
9.865973194638928e+00,8.358678901645353e-01,8.358678901645353e-01
9.867973594718944e+00,8.358854223010885e-01,8.358854223010885e-01
9.869973994798960e+00,8.359029488706247e-01,8.359029488706247e-01
9.871974394878976e+00,8.359204698749627e-01,8.359204698749627e-01
9.873974794958992e+00,8.359379853168312e-01,8.359379853168312e-01
9.875975195039008e+00,8.359554952007775e-01,8.359554952007775e-01
9.877975595119024e+00,8.359729995277112e-01,8.359729995277112e-01
9.879975995199040e+00,8.359904983012703e-01,8.359904983012703e-01
9.881976395279056e+00,8.360079915250926e-01,8.360079915250926e-01
9.883976795359072e+00,8.360254792019068e-01,8.360254792019068e-01
9.885977195439088e+00,8.360429613335318e-01,8.360429613335318e-01
9.887977595519104e+00,8.360604379236056e-01,8.360604379236056e-01
9.889977995599120e+00,8.360779089757662e-01,8.360779089757662e-01
9.891978395679136e+00,8.360953744918325e-01,8.360953744918325e-01
9.893978795759152e+00,8.361128344745330e-01,8.361128344745330e-01
9.895979195839168e+00,8.361302889284152e-01,8.361302889284152e-01
9.897979595919184e+00,8.361477378543887e-01,8.361477378543887e-01
9.899979995999200e+00,8.361651812560913e-01,8.361651812560913e-01
9.901980396079216e+00,8.361826191371611e-01,8.361826191371611e-01
9.903980796159232e+00,8.362000514994170e-01,8.362000514994170e-01
9.905981196239248e+00,8.362174783464971e-01,8.362174783464971e-01
9.907981596319264e+00,8.362348996811297e-01,8.362348996811297e-01
9.909981996399280e+00,8.362523155060435e-01,8.362523155060435e-01
9.911982396479296e+00,8.362697258239669e-01,8.362697258239669e-01
9.913982796559312e+00,8.362871306376283e-01,8.362871306376283e-01
9.915983196639328e+00,8.363045299506657e-01,8.363045299506657e-01
9.917983596719344e+00,8.363219237658077e-01,8.363219237658077e-01
9.919983996799360e+00,8.363393120848732e-01,8.363393120848732e-01
9.921984396879376e+00,8.363566949124097e-01,8.363566949124097e-01
9.923984796959392e+00,8.363740722493267e-01,8.363740722493267e-01
9.925985197039408e+00,8.363914441001716e-01,8.363914441001716e-01
9.927985597119424e+00,8.364088104676730e-01,8.364088104676730e-01
9.929985997199440e+00,8.364261713536498e-01,8.364261713536498e-01
9.931986397279456e+00,8.364435267617401e-01,8.364435267617401e-01
9.933986797359472e+00,8.364608766937627e-01,8.364608766937627e-01
9.935987197439488e+00,8.364782211542652e-01,8.364782211542652e-01
9.937987597519504e+00,8.364955601450665e-01,8.364955601450665e-01
9.939987997599520e+00,8.365128936698047e-01,8.365128936698047e-01
9.941988397679536e+00,8.365302217302988e-01,8.365302217302988e-01
9.943988797759552e+00,8.365475443292771e-01,8.365475443292771e-01
9.945989197839568e+00,8.365648614703778e-01,8.365648614703778e-01
9.947989597919584e+00,8.365821731572387e-01,8.365821731572387e-01
9.949989997999600e+00,8.365994793907694e-01,8.365994793907694e-01
9.951990398079616e+00,8.366167801746078e-01,8.366167801746078e-01
9.953990798159632e+00,8.366340755114825e-01,8.366340755114825e-01
9.955991198239648e+00,8.366513654050314e-01,8.366513654050314e-01
9.957991598319664e+00,8.366686498570735e-01,8.366686498570735e-01
9.959991998399680e+00,8.366859288712467e-01,8.366859288712467e-01
9.961992398479696e+00,8.367032024502796e-01,8.367032024502796e-01
9.963992798559712e+00,8.367204705959912e-01,8.367204705959912e-01
9.965993198639728e+00,8.367377333129289e-01,8.367377333129289e-01
9.967993598719744e+00,8.367549906020022e-01,8.367549906020022e-01
9.969993998799760e+00,8.367722424677586e-01,8.367722424677586e-01
9.971994398879776e+00,8.367894889111076e-01,8.367894889111076e-01
9.973994798959792e+00,8.368067299375062e-01,8.368067299375062e-01
9.975995199039808e+00,8.368239655469543e-01,8.368239655469543e-01
9.977995599119824e+00,8.368411957439994e-01,8.368411957439994e-01
9.979995999199840e+00,8.368584205313701e-01,8.368584205313701e-01
9.981996399279856e+00,8.368756399108852e-01,8.368756399108852e-01
9.983996799359872e+00,8.368928538870923e-01,8.368928538870923e-01
9.985997199439888e+00,8.369100624609009e-01,8.369100624609009e-01
9.987997599519904e+00,8.369272656359490e-01,8.369272656359490e-01
9.989997999599920e+00,8.369444634149650e-01,8.369444634149650e-01
9.991998399679936e+00,8.369616558006774e-01,8.369616558006774e-01
9.993998799759952e+00,8.369788427967242e-01,8.369788427967242e-01
9.995999199839968e+00,8.369960244049244e-01,8.369960244049244e-01
9.997999599919984e+00,8.370132006280064e-01,8.370132006280064e-01
1.000000000000000e+01,8.370303714686989e-01,8.370303714686989e-01
