,Domain_1,Domain_2,Domain_3,Domain_4,Domain_5,Domain_6
0.000000000000000e+00,0.000000000000000e+00,0.000000000000000e+00,0.000000000000000e+00,0.000000000000000e+00,0.000000000000000e+00,0.000000000000000e+00
2.004008016032064e-02,1.327041730435670e-02,1.327041730435670e-02,1.327041730435670e-02,1.327041730435670e-02,1.327041730435670e-02,1.327041234159780e-02
4.008016032064128e-02,2.636004844828078e-02,2.636004844828078e-02,2.636004844828078e-02,2.636004844828078e-02,2.636004844828078e-02,2.636005122742577e-02
6.012024048096192e-02,3.926678763391491e-02,3.926678763391491e-02,3.926678763391491e-02,3.926678763391491e-02,3.926678763391491e-02,3.926677770839710e-02
8.016032064128256e-02,5.198862434837262e-02,5.198862434837262e-02,5.198862434837262e-02,5.198862434837262e-02,5.198862434837262e-02,5.198863149474544e-02
1.002004008016032e-01,6.452387562085500e-02,6.452387562085500e-02,6.452387562085500e-02,6.452387562085500e-02,6.452387562085500e-02,6.452385576981939e-02
1.202404809619238e-01,7.687087833159882e-02,7.687087833159882e-02,7.687087833159882e-02,7.687087833159882e-02,7.687087833159882e-02,7.687087721994082e-02
1.402805611222445e-01,8.902832151821245e-02,8.902832151821245e-02,8.902832151821245e-02,8.902832151821245e-02,8.902832151821245e-02,8.902832112119173e-02
1.603206412825651e-01,1.009950617610448e-01,1.009950617610448e-01,1.009950617610448e-01,1.009950617610448e-01,1.009950617610448e-01,1.009950423070299e-01
1.803607214428858e-01,1.127700886423834e-01,1.127700886423834e-01,1.127700886423834e-01,1.127700886423834e-01,1.127700886423834e-01,1.127700906274870e-01
2.004008016032064e-01,1.243527388994266e-01,1.243527381053851e-01,1.243527381053851e-01,1.243527388994266e-01,1.243527388994266e-01,1.243527232568105e-01
2.204408817635271e-01,1.357424732986430e-01,1.357424732986430e-01,1.357424732986430e-01,1.357424732986430e-01,1.357424732986430e-01,1.357424732986430e-01
2.404809619238477e-01,1.469389735088256e-01,1.469389735088256e-01,1.469389735088256e-01,1.469389735088256e-01,1.469389735088256e-01,1.469389727147841e-01
2.605210420841683e-01,1.579422159469442e-01,1.579422183290684e-01,1.579422183290684e-01,1.579422159469442e-01,1.579422159469442e-01,1.579422338128762e-01
2.805611222444890e-01,1.687523336149372e-01,1.687523336149372e-01,1.687523336149372e-01,1.687523336149372e-01,1.687523336149372e-01,1.687523137639016e-01
3.006012024048096e-01,1.793696600102030e-01,1.793696600102030e-01,1.793696600102030e-01,1.793696600102030e-01,1.793696600102030e-01,1.793696600102030e-01
3.206412825651302e-01,1.897947986042240e-01,1.897947986042240e-01,1.897947986042240e-01,1.897947986042240e-01,1.897947986042240e-01,1.897947986042240e-01
3.406813627254509e-01,2.000285136618713e-01,2.000285136618713e-01,2.000285136618713e-01,2.000285136618713e-01,2.000285136618713e-01,2.000285136618713e-01
3.607214428857715e-01,2.100717977349250e-01,2.100717977349250e-01,2.100717977349250e-01,2.100717977349250e-01,2.100717977349250e-01,2.100717977349250e-01
3.807615230460922e-01,2.199258041685542e-01,2.199258041685542e-01,2.199258041685542e-01,2.199258041685542e-01,2.199258041685542e-01,2.199258021834506e-01
4.008016032064128e-01,2.295919112598632e-01,2.295919120539047e-01,2.295919120539047e-01,2.295919112598632e-01,2.295919112598632e-01,2.295919165799408e-01
4.208416833667334e-01,2.390716615137231e-01,2.390716507941639e-01,2.390716507941639e-01,2.390716615137231e-01,2.390716615137231e-01,2.390716496031018e-01
4.408817635270541e-01,2.483667282930314e-01,2.483667282930314e-01,2.483667282930314e-01,2.483667282930314e-01,2.483667282930314e-01,2.483667282930314e-01
4.609218436873747e-01,2.574790166619733e-01,2.574790087215591e-01,2.574790087215591e-01,2.574790166619733e-01,2.574790166619733e-01,2.574789987960412e-01
4.809619238476954e-01,2.664104819475564e-01,2.664104819475564e-01,2.664104819475564e-01,2.664104819475564e-01,2.664104819475564e-01,2.664104958432813e-01
5.010020040080160e-01,2.751633434955617e-01,2.751633434955617e-01,2.751633434955617e-01,2.751633434955617e-01,2.751633434955617e-01,2.751633415104581e-01
5.210420841683366e-01,2.837398285921845e-01,2.837398349445159e-01,2.837398349445159e-01,2.837398285921845e-01,2.837398285921845e-01,2.837398382794899e-01
5.410821643286573e-01,2.921423610488726e-01,2.921423531084584e-01,2.921423531084584e-01,2.921423610488726e-01,2.921423610488726e-01,2.921423507263342e-01
5.611222444889780e-01,3.003733980268136e-01,3.003734067612692e-01,3.003734067612692e-01,3.003733980268136e-01,3.003733980268136e-01,3.003734069200775e-01
5.811623246492986e-01,3.084355630388736e-01,3.084355773316192e-01,3.084355773316192e-01,3.084355630388736e-01,3.084355630388736e-01,3.084355650239772e-01
6.012024048096192e-01,3.163315482825019e-01,3.163315526497297e-01,3.163315526497297e-01,3.163315482825019e-01,3.163315482825019e-01,3.163315625752475e-01
6.212424849699398e-01,3.240640769227630e-01,3.240640769227630e-01,3.240640769227630e-01,3.240640769227630e-01,3.240640769227630e-01,3.240640669972452e-01
6.412825651302605e-01,3.316359662186307e-01,3.316359655833975e-01,3.316359655833975e-01,3.316359662186307e-01,3.316359662186307e-01,3.316359666156514e-01
6.613226452905812e-01,3.390500802775226e-01,3.390500802775226e-01,3.390500802775226e-01,3.390500802775226e-01,3.390500802775226e-01,3.390500802775226e-01
6.813627254509018e-01,3.463093554646261e-01,3.463093558616467e-01,3.463093558616467e-01,3.463093554646261e-01,3.463093554646261e-01,3.463093586407918e-01
7.014028056112224e-01,3.534167213957760e-01,3.534167213957760e-01,3.534167213957760e-01,3.534167213957760e-01,3.534167213957760e-01,3.534167233808795e-01
7.214428857715430e-01,3.603751517561065e-01,3.603751545352514e-01,3.603751545352514e-01,3.603751517561065e-01,3.603751517561065e-01,3.603751545352514e-01
7.414829659318637e-01,3.671876329354147e-01,3.671876329354147e-01,3.671876329354147e-01,3.671876329354147e-01,3.671876329354147e-01,3.671876329354147e-01
7.615230460921844e-01,3.738571640281604e-01,3.738571660132640e-01,3.738571660132640e-01,3.738571640281604e-01,3.738571640281604e-01,3.738571640281604e-01
7.815631262525050e-01,3.803867532602796e-01,3.803867532602796e-01,3.803867532602796e-01,3.803867532602796e-01,3.803867532602796e-01,3.803867612006939e-01
8.016032064128256e-01,3.867794083812836e-01,3.867794082224753e-01,3.867794082224753e-01,3.867794083812836e-01,3.867794083812836e-01,3.867794140189776e-01
8.216432865731462e-01,3.930381041085604e-01,3.930381120489747e-01,3.930381120489747e-01,3.930381041085604e-01,3.930381041085604e-01,3.930381120489747e-01
8.416833667334669e-01,3.991658448566472e-01,3.991658365192123e-01,3.991658365192123e-01,3.991658448566472e-01,3.991658448566472e-01,3.991658331048342e-01
8.617234468937875e-01,4.051655364995409e-01,4.051655412637895e-01,4.051655412637895e-01,4.051655364995409e-01,4.051655364995409e-01,4.051655364995409e-01
8.817635270541082e-01,4.110401388266502e-01,4.110401289011325e-01,4.110401289011325e-01,4.110401388266502e-01,4.110401388266502e-01,4.110401388266502e-01
9.018036072144289e-01,4.167925401636568e-01,4.167925401636568e-01,4.167925401636568e-01,4.167925401636568e-01,4.167925401636568e-01,4.167925421487603e-01
9.218436873747494e-01,4.224256109703091e-01,4.224256109703091e-01,4.224256109703091e-01,4.224256109703091e-01,4.224256109703091e-01,4.224256208958269e-01
9.418837675350701e-01,4.279421740638710e-01,4.279421740638710e-01,4.279421740638710e-01,4.279421740638710e-01,4.279421740638710e-01,4.279421740638710e-01
9.619238476953907e-01,4.333450046191204e-01,4.333450105744311e-01,4.333450105744311e-01,4.333450046191204e-01,4.333450046191204e-01,4.333450304254667e-01
9.819639278557114e-01,4.386368718555249e-01,4.386368797959391e-01,4.386368797959391e-01,4.386368718555249e-01,4.386368718555249e-01,4.386368797959391e-01
1.002004008016032e+00,4.438204715437200e-01,4.438204715437200e-01,4.438204715437200e-01,4.438204715437200e-01,4.438204715437200e-01,4.438204679705335e-01
1.022044088176353e+00,4.488984160799918e-01,4.488984160799918e-01,4.488984160799918e-01,4.488984160799918e-01,4.488984160799918e-01,4.488984140948882e-01
1.042084168336673e+00,4.538733472401592e-01,4.538733369176206e-01,4.538733369176206e-01,4.538733472401592e-01,4.538733472401592e-01,4.538733420788899e-01
1.062124248496994e+00,4.587477872968064e-01,4.587477912670135e-01,4.587477912670135e-01,4.587477872968064e-01,4.587477872968064e-01,4.587477872968064e-01
1.082164328657315e+00,4.635242620957045e-01,4.635242696390980e-01,4.635242696390980e-01,4.635242620957045e-01,4.635242620957045e-01,4.635242819467402e-01
1.102204408817635e+00,4.682052256218753e-01,4.682052256218753e-01,4.682052256218753e-01,4.682052256218753e-01,4.682052256218753e-01,4.682052256218753e-01
1.122244488977956e+00,4.727930290319762e-01,4.727930309376757e-01,4.727930309376757e-01,4.727930290319762e-01,4.727930290319762e-01,4.727930303024425e-01
1.142284569138277e+00,4.772900619936741e-01,4.772900619936741e-01,4.772900619936741e-01,4.772900619936741e-01,4.772900619936741e-01,4.772900619936741e-01
1.162324649298597e+00,4.816985819667381e-01,4.816985779965310e-01,4.816985779965310e-01,4.816985819667381e-01,4.816985819667381e-01,4.816985819667380e-01
1.167334669338677e+00,4.827871385166412e-01,4.827871532064076e-01,4.827871532064076e-01,4.827871385166412e-01,4.827871385166412e-01,4.827871512213040e-01
1.168587174348697e+00,4.830584518311847e-01,4.830584453994491e-01,4.830584453994491e-01,4.830584518311847e-01,4.830584518311847e-01,4.830584453994491e-01
1.168900300601202e+00,4.831262168350168e-01,4.831262239813896e-01,4.831262239813896e-01,4.831262168350168e-01,4.831262168350168e-01,4.831262168350168e-01
1.169056863727455e+00,4.831600997736558e-01,4.831601027910132e-01,4.831601027910132e-01,4.831600997736558e-01,4.831600997736558e-01,4.831601025528007e-01
1.169135145290581e+00,4.831770354861749e-01,4.831770390593614e-01,4.831770390593614e-01,4.831770354861749e-01,4.831770354861749e-01,4.831770354861749e-01
1.169154715681363e+00,4.831812756673809e-01,4.831812701090909e-01,4.831812701090909e-01,4.831812756673809e-01,4.831812756673809e-01,4.831812756673809e-01
1.169174286072144e+00,4.831854999677584e-01,4.831855118783798e-01,4.831855118783798e-01,4.831854999677584e-01,4.831854999677584e-01,4.831855059327553e-01
1.169213426853707e+00,4.831939783450669e-01,4.831939731837976e-01,4.831939731837976e-01,4.831939783450669e-01,4.831939783450669e-01,4.831939738828598e-01
1.169839679358717e+00,4.833294080652994e-01,4.833294160057137e-01,4.833294160057137e-01,4.833294080652994e-01,4.833294080652994e-01,4.833294146474850e-01
1.172344689378757e+00,4.838703527558412e-01,4.838703527558412e-01,4.838703527558412e-01,4.838703527558412e-01,4.838703527558412e-01,4.838703522334456e-01
1.182364729458918e+00,4.860208358501867e-01,4.860208352943577e-01,4.860208352943577e-01,4.860208358501867e-01,4.860208358501867e-01,4.860208345107643e-01
1.202404809619238e+00,4.902590047964086e-01,4.902590115457607e-01,4.902590115457607e-01,4.902590047964086e-01,4.902590047964086e-01,4.902590080457097e-01
1.222444889779559e+00,4.944152228711357e-01,4.944152248562392e-01,4.944152248562392e-01,4.944152228711357e-01,4.944152228711357e-01,4.944152239159270e-01
1.242484969939880e+00,4.984915488649729e-01,4.984915512470972e-01,4.984915512470972e-01,4.984915488649729e-01,4.984915488649729e-01,4.984915551441689e-01
1.262525050100200e+00,5.024900286256505e-01,5.024900286256505e-01,5.024900286256505e-01,5.024900286256505e-01,5.024900286256505e-01,5.024900284584839e-01
1.272545090180361e+00,5.044606864290909e-01,5.044606806325885e-01,5.044606806325885e-01,5.044606864290909e-01,5.044606864290909e-01,5.044606886356902e-01
1.275050100200401e+00,5.049504116363637e-01,5.049504255320885e-01,5.049504255320885e-01,5.049504116363637e-01,5.049504116363637e-01,5.049504146662585e-01
1.276302605210421e+00,5.051948513335374e-01,5.051948374378126e-01,5.051948374378126e-01,5.051948513335374e-01,5.051948513335374e-01,5.051948403632284e-01
1.276459168336673e+00,5.052253723007857e-01,5.052253738888685e-01,5.052253738888685e-01,5.052253723007857e-01,5.052253723007857e-01,5.052253746515663e-01
1.276537449899799e+00,5.052406361590858e-01,5.052406341739822e-01,5.052406341739822e-01,5.052406361590858e-01,5.052406361590858e-01,5.052406411531886e-01
1.276576590681363e+00,5.052482724554638e-01,5.052482724554638e-01,5.052482724554638e-01,5.052482724554638e-01,5.052482724554638e-01,5.052482737092134e-01
1.276596161072144e+00,5.052520917947149e-01,5.052520818691970e-01,5.052520818691970e-01,5.052520917947149e-01,5.052520917947149e-01,5.052520844811755e-01
1.276615731462926e+00,5.052559012084482e-01,5.052559012084482e-01,5.052559012084482e-01,5.052559046529718e-01,5.052559012084482e-01,5.052559050219366e-01
1.276928857715431e+00,5.053169447310276e-01,5.053169451280483e-01,5.053169451280483e-01,5.053169498638216e-01,5.053169447310276e-01,5.053169465907561e-01
1.277555110220441e+00,5.054389793694521e-01,5.054389793694521e-01,5.054389793694521e-01,5.054389783246608e-01,5.054389793694521e-01,5.054389783246608e-01
1.282565130260521e+00,5.064126230384655e-01,5.064126147010305e-01,5.064126147010305e-01,5.064126219936742e-01,5.064126230384655e-01,5.064126219936742e-01
1.302605210420842e+00,5.102612405819814e-01,5.102612447109968e-01,5.102612447109968e-01,5.102612394745024e-01,5.102612405819814e-01,5.102612394745024e-01
1.322645290581162e+00,5.140377730598920e-01,5.140377710747883e-01,5.140377710747883e-01,5.140377636567698e-01,5.140377730598920e-01,5.140377636567698e-01
1.327655310621243e+00,5.149708491525354e-01,5.149708532815509e-01,5.149708532815509e-01,5.149708464360778e-01,5.149708491525354e-01,5.149708464360778e-01
1.328281563126253e+00,5.150871841616160e-01,5.150871768564350e-01,5.150871768564350e-01,5.150871769003162e-01,5.150871841616160e-01,5.150871769003162e-01
1.328438126252505e+00,5.151162500479542e-01,5.151162500479542e-01,5.151162500479542e-01,5.151162471956738e-01,5.151162500479542e-01,5.151162471956738e-01
1.328477267034068e+00,5.151235155269870e-01,5.151235155269870e-01,5.151235155269870e-01,5.151235152135497e-01,5.151235155269870e-01,5.151235152135497e-01
1.328496837424850e+00,5.151271581920212e-01,5.151271494575655e-01,5.151271494575655e-01,5.151271485277013e-01,5.151271581920212e-01,5.151271485277013e-01
1.328516407815631e+00,5.151307820106255e-01,5.151307802119783e-01,5.151307802119783e-01,5.151307846627894e-01,5.151307849762269e-01,5.151307846627894e-01
1.328594689378757e+00,5.151453129922301e-01,5.151453218896029e-01,5.151453218896029e-01,5.151453168223651e-01,5.151453218896029e-01,5.151453168223651e-01
1.328907815631263e+00,5.152034367421831e-01,5.152034457218650e-01,5.152034457218650e-01,5.152034391396796e-01,5.152034457218650e-01,5.152034391396796e-01
1.330160320641283e+00,5.154357545556575e-01,5.154357445256605e-01,5.154357445256605e-01,5.154357545556575e-01,5.154357528630955e-01,5.154357545556575e-01
1.332665330661323e+00,5.158995674727069e-01,5.158995619875522e-01,5.158995619875522e-01,5.158995674727069e-01,5.158995679428628e-01,5.158995674727069e-01
1.342685370741483e+00,5.177440204387309e-01,5.177440249313336e-01,5.177440249313336e-01,5.177440204387309e-01,5.177440249313336e-01,5.177440204387309e-01
1.362725450901804e+00,5.213817730729517e-01,5.213817728639933e-01,5.213817728639933e-01,5.213817730729517e-01,5.213817669086827e-01,5.213817730729517e-01
1.372745490981964e+00,5.231754962995615e-01,5.231755025160698e-01,5.231755025160698e-01,5.231754962995615e-01,5.231754933845935e-01,5.231754962995615e-01
1.377755511022044e+00,5.240661659830630e-01,5.240661589307214e-01,5.240661589307214e-01,5.240661659830630e-01,5.240661609158249e-01,5.240661659830630e-01
1.380260521042084e+00,5.245099628919498e-01,5.245099657546780e-01,5.245099657546780e-01,5.245099628919498e-01,5.245099546380981e-01,5.245099628919498e-01
1.381513026052104e+00,5.247314807550250e-01,5.247314763146618e-01,5.247314763146618e-01,5.247314807550250e-01,5.247314756000245e-01,5.247314807550250e-01
1.381826152304609e+00,5.247868189123559e-01,5.247868210019385e-01,5.247868210019385e-01,5.247868189123559e-01,5.247868210019385e-01,5.247868189123559e-01
1.381982715430862e+00,5.248144836394654e-01,5.248144800056812e-01,5.248144800056812e-01,5.248144836394654e-01,5.248144834200593e-01,5.248144836394654e-01
1.382002285821643e+00,5.248179364554638e-01,5.248179474257729e-01,5.248179474257729e-01,5.248179364554638e-01,5.248179375345460e-01,5.248179364554638e-01
1.382021856212425e+00,5.248213992074279e-01,5.248214015059688e-01,5.248214015059688e-01,5.248213992074279e-01,5.248213956615825e-01,5.248213992074279e-01
1.382060996993988e+00,5.248283104499541e-01,5.248283136365678e-01,5.248283136365678e-01,5.248283104499541e-01,5.248283131321470e-01,5.248283104499541e-01
1.382139278557114e+00,5.248421417634935e-01,5.248421418679727e-01,5.248421418679727e-01,5.248421417634935e-01,5.248421417634935e-01,5.248421417634935e-01
1.382765531062124e+00,5.249527422263034e-01,5.249527357193430e-01,5.249527357193430e-01,5.249527422263034e-01,5.249527422263034e-01,5.249527422263034e-01
1.392785571142285e+00,5.267137077441078e-01,5.267137056837793e-01,5.267137056837793e-01,5.267137077441078e-01,5.267137077441078e-01,5.267137077441078e-01
1.397795591182365e+00,5.275881518179778e-01,5.275881594449546e-01,5.275881594449546e-01,5.275881518179778e-01,5.275881518179778e-01,5.275881518179778e-01
1.399048096192385e+00,5.278061429878584e-01,5.278061367588124e-01,5.278061367588124e-01,5.278061429878584e-01,5.278061429878584e-01,5.278061429878584e-01
1.399674348697395e+00,5.279150378287930e-01,5.279150464483217e-01,5.279150464483217e-01,5.279150378287930e-01,5.279150378287930e-01,5.279150378287930e-01
1.399752630260521e+00,5.279286466017754e-01,5.279286452017550e-01,5.279286452017550e-01,5.279286466017754e-01,5.279286466017754e-01,5.279286466017754e-01
1.399772200651303e+00,5.279320475543312e-01,5.279320496543619e-01,5.279320493521888e-01,5.279320475543312e-01,5.279320475543312e-01,5.279320475543312e-01
1.399791771042084e+00,5.279354506487093e-01,5.279354533129273e-01,5.279354491493828e-01,5.279354506487093e-01,5.279354506487093e-01,5.279354506487093e-01
1.399830911823647e+00,5.279422556568514e-01,5.279422550717683e-01,5.279422556568514e-01,5.279422556568514e-01,5.279422556568514e-01,5.279422556568514e-01
1.399987474949900e+00,5.279694683758801e-01,5.279694680624427e-01,5.279694683758801e-01,5.279694683758801e-01,5.279694683758801e-01,5.279694683758801e-01
1.400300601202405e+00,5.280238761465158e-01,5.280238718106317e-01,5.280238761465158e-01,5.280238761465158e-01,5.280238761465158e-01,5.280238761465158e-01
1.402805611222445e+00,5.284586057292113e-01,5.284586075053566e-01,5.284586057292113e-01,5.284586057292113e-01,5.284586057292113e-01,5.284586057292113e-01
1.422845691382765e+00,5.319010035593104e-01,5.319010033816959e-01,5.319010035593104e-01,5.319010035593104e-01,5.319010035593104e-01,5.319010035593104e-01
1.442885771543086e+00,5.352815165799408e-01,5.352815176247321e-01,5.352815165799408e-01,5.352815165799408e-01,5.352815165799408e-01,5.352815165799408e-01
1.462925851703407e+00,5.386016876971739e-01,5.386016803522906e-01,5.386016876971739e-01,5.386016876971739e-01,5.386016876971739e-01,5.386016876971739e-01
1.482965931863727e+00,5.418630122477299e-01,5.418629994490357e-01,5.418630122477299e-01,5.418630122477299e-01,5.418630122477299e-01,5.418630122477299e-01
1.503006012024048e+00,5.450669459184981e-01,5.450669466707480e-01,5.450669459184981e-01,5.450669459184981e-01,5.450669459184981e-01,5.450669459184981e-01
1.523046092184369e+00,5.482149155392309e-01,5.482149139720437e-01,5.482149155392309e-01,5.482149155392309e-01,5.482149155392309e-01,5.482149155392309e-01
1.543086172344689e+00,5.513082910403427e-01,5.513082909254158e-01,5.513082910403427e-01,5.513082910403427e-01,5.513082910403427e-01,5.513082910403427e-01
1.548096192384770e+00,5.520732610618507e-01,5.520732644783186e-01,5.520732610618507e-01,5.520732610618507e-01,5.520732610618507e-01,5.520732610618507e-01
1.550601202404810e+00,5.524545076396286e-01,5.524545075873891e-01,5.524545076396286e-01,5.524545076396286e-01,5.524545076396286e-01,5.524545076396286e-01
1.551853707414830e+00,5.526448163313947e-01,5.526448214508723e-01,5.526448163313947e-01,5.526448163313947e-01,5.526448163313947e-01,5.526448163313947e-01
1.552166833667335e+00,5.526923636363638e-01,5.526923579318027e-01,5.526923636363638e-01,5.526923636363638e-01,5.526923636363638e-01,5.526923636363638e-01
1.552323396793587e+00,5.527161342067135e-01,5.527161362962963e-01,5.527161342067135e-01,5.527161342067135e-01,5.527161342067135e-01,5.527161342067135e-01
1.552401678356714e+00,5.527280149470462e-01,5.527280167440873e-01,5.527280149470462e-01,5.527280149470462e-01,5.527280149470462e-01,5.527280149470462e-01
1.552421248747495e+00,5.527309885277012e-01,5.527309848709315e-01,5.527309885277012e-01,5.527309885277012e-01,5.527309885277012e-01,5.527309885277012e-01
1.552440819138277e+00,5.527339554843791e-01,5.527339567047591e-01,5.527339554843791e-01,5.527339554843791e-01,5.527339554843791e-01,5.527339554843791e-01
1.552479959919840e+00,5.527399000755026e-01,5.527398966756207e-01,5.527399000755026e-01,5.527399000755026e-01,5.527399000755026e-01,5.527399000755026e-01
1.553106212424850e+00,5.528349256769718e-01,5.528349256769718e-01,5.528349256769718e-01,5.528349256769718e-01,5.528349256769718e-01,5.528349256769718e-01
1.563126252505010e+00,5.543484107577593e-01,5.543484107577593e-01,5.543484107577593e-01,5.543484107577593e-01,5.543484107577593e-01,5.543484107577593e-01
1.583166332665331e+00,5.573365753208855e-01,5.573365753208855e-01,5.573365753208855e-01,5.573365753208855e-01,5.573365753208855e-01,5.573365753208855e-01
1.603206412825651e+00,5.602740436510560e-01,5.602740436510560e-01,5.602740436510560e-01,5.602740436510560e-01,5.602740436510560e-01,5.602740436510560e-01
1.623246492985972e+00,5.631620513498622e-01,5.631620513498622e-01,5.631620513498622e-01,5.631620513498622e-01,5.631620513498622e-01,5.631620513498622e-01
1.643286573146292e+00,5.660017830017346e-01,5.660017830017346e-01,5.660017830017346e-01,5.660017830017346e-01,5.660017830017346e-01,5.660017830017346e-01
1.663326653306613e+00,5.687944005713703e-01,5.687944005713703e-01,5.687944005713703e-01,5.687944005713703e-01,5.687944005713703e-01,5.687944005713703e-01
1.683366733466934e+00,5.715410303438425e-01,5.715410303438425e-01,5.715410303438425e-01,5.715410303438425e-01,5.715410303438425e-01,5.715410303438425e-01
1.703406813627254e+00,5.742427615141312e-01,5.742427615141312e-01,5.742427615141312e-01,5.742427615141312e-01,5.742427615141312e-01,5.742427615141312e-01
1.723446893787575e+00,5.769006622246710e-01,5.769006622246710e-01,5.769006622246710e-01,5.769006622246710e-01,5.769006622246710e-01,5.769006622246710e-01
1.743486973947896e+00,5.795157607591063e-01,5.795157607591063e-01,5.795157607591063e-01,5.795157607591063e-01,5.795157607591063e-01,5.795157607591063e-01
1.763527054108216e+00,5.820890646619734e-01,5.820890646619734e-01,5.820890646619734e-01,5.820890646619734e-01,5.820890646619734e-01,5.820890646619734e-01
1.783567134268537e+00,5.846215463728192e-01,5.846215463728192e-01,5.846215463728192e-01,5.846215463728192e-01,5.846215463728192e-01,5.846215463728192e-01
1.803607214428858e+00,5.871141573308848e-01,5.871141573308848e-01,5.871141573308848e-01,5.871141573308848e-01,5.871141573308848e-01,5.871141573308848e-01
1.823647294589178e+00,5.895678041016224e-01,5.895678041016224e-01,5.895678041016224e-01,5.895678041016224e-01,5.895678041016224e-01,5.895678041016224e-01
1.843687374749499e+00,5.919833930415264e-01,5.919833930415264e-01,5.919833930415264e-01,5.919833930415264e-01,5.919833930415264e-01,5.919833930415264e-01
1.863727454909820e+00,5.943617958722581e-01,5.943617958722581e-01,5.943617958722581e-01,5.943617958722581e-01,5.943617958722581e-01,5.943617958722581e-01
1.883767535070140e+00,5.967038546434037e-01,5.967038546434037e-01,5.967038546434037e-01,5.967038546434037e-01,5.967038546434037e-01,5.967038546434037e-01
1.903807615230461e+00,5.990103831429445e-01,5.990103831429445e-01,5.990103831429445e-01,5.990103831429445e-01,5.990103831429445e-01,5.990103831429445e-01
1.923847695390781e+00,6.012821940618303e-01,6.012821940618303e-01,6.012821940618303e-01,6.012821940618303e-01,6.012821940618303e-01,6.012821940618303e-01
1.943887775551102e+00,6.035200522395674e-01,6.035200522395674e-01,6.035200522395674e-01,6.035200522395674e-01,6.035200522395674e-01,6.035200522395674e-01
1.963927855711423e+00,6.057247179185797e-01,6.057247179185797e-01,6.057247179185797e-01,6.057247179185797e-01,6.057247179185797e-01,6.057247179185797e-01
1.983967935871743e+00,6.078969210423425e-01,6.078969210423425e-01,6.078969210423425e-01,6.078969210423425e-01,6.078969210423425e-01,6.078969210423425e-01
2.004008016032064e+00,6.100373855467808e-01,6.100373855467808e-01,6.100373855467808e-01,6.100373855467808e-01,6.100373855467808e-01,6.100373855467808e-01
2.024048096192385e+00,6.121467904940315e-01,6.121467904940315e-01,6.121467904940315e-01,6.121467904940315e-01,6.121467904940315e-01,6.121467904940315e-01
2.044088176352705e+00,6.142258230956025e-01,6.142258230956025e-01,6.142258230956025e-01,6.142258230956025e-01,6.142258230956025e-01,6.142258230956025e-01
2.064128256513026e+00,6.162751275176001e-01,6.162751275176001e-01,6.162751275176001e-01,6.162751275176001e-01,6.162751275176001e-01,6.162751275176001e-01
2.084168336673347e+00,6.182953587919601e-01,6.182953587919601e-01,6.182953587919601e-01,6.182953587919601e-01,6.182953587919601e-01,6.182953587919601e-01
2.104208416833667e+00,6.202871311515152e-01,6.202871311515152e-01,6.202871311515152e-01,6.202871311515152e-01,6.202871311515152e-01,6.202871311515152e-01
2.124248496993988e+00,6.222510519334763e-01,6.222510519334763e-01,6.222510519334763e-01,6.222510519334763e-01,6.222510519334763e-01,6.222510519334763e-01
2.144288577154308e+00,6.241876980716253e-01,6.241876980716253e-01,6.241876980716253e-01,6.241876980716253e-01,6.241876980716253e-01,6.241876980716253e-01
2.164328657314629e+00,6.260976464475055e-01,6.260976464475055e-01,6.260976464475055e-01,6.260976464475055e-01,6.260976464475055e-01,6.260976464475055e-01
2.184368737474950e+00,6.279814676216712e-01,6.279814676216712e-01,6.279814676216712e-01,6.279814676216712e-01,6.279814676216712e-01,6.279814676216712e-01
2.204408817635271e+00,6.298396953989185e-01,6.298396953989185e-01,6.298396953989185e-01,6.298396953989185e-01,6.298396953989185e-01,6.298396953989185e-01
2.224448897795591e+00,6.316728569914090e-01,6.316728569914090e-01,6.316728569914090e-01,6.316728569914090e-01,6.316728569914090e-01,6.316728569914090e-01
2.244488977955912e+00,6.334814658618508e-01,6.334814658618508e-01,6.334814658618508e-01,6.334814658618508e-01,6.334814658618508e-01,6.334814658618508e-01
2.264529058116232e+00,6.352660242832364e-01,6.352660242832364e-01,6.352660242832364e-01,6.352660242832364e-01,6.352660242832364e-01,6.352660242832364e-01
2.284569138276553e+00,6.370270240179574e-01,6.370270240179574e-01,6.370270240179574e-01,6.370270240179574e-01,6.370270240179574e-01,6.370270240179574e-01
2.304609218436874e+00,6.387649325579023e-01,6.387649325579023e-01,6.387649325579023e-01,6.387649325579023e-01,6.387649325579023e-01,6.387649325579023e-01
2.324649298597194e+00,6.404802204770945e-01,6.404802204770945e-01,6.404802204770945e-01,6.404802204770945e-01,6.404802204770945e-01,6.404802204770945e-01
2.344689378757515e+00,6.421733344760737e-01,6.421733344760737e-01,6.421733344760737e-01,6.421733344760737e-01,6.421733344760737e-01,6.421733344760737e-01
2.364729458917835e+00,6.438447171806959e-01,6.438447171806959e-01,6.438447171806959e-01,6.438447171806959e-01,6.438447171806959e-01,6.438447171806959e-01
2.384769539078156e+00,6.454947938210387e-01,6.454947938210387e-01,6.454947938210387e-01,6.454947938210387e-01,6.454947938210387e-01,6.454947938210387e-01
2.404809619238477e+00,6.471239772986430e-01,6.471239772986430e-01,6.471239772986430e-01,6.471239772986430e-01,6.471239772986430e-01,6.471239772986430e-01
2.424849699398798e+00,6.487326851121313e-01,6.487326851121313e-01,6.487326851121313e-01,6.487326851121313e-01,6.487326851121313e-01,6.487326851121313e-01
2.444889779559118e+00,6.503213043566982e-01,6.503213043566982e-01,6.503213043566982e-01,6.503213043566982e-01,6.503213043566982e-01,6.503213043566982e-01
2.464929859719439e+00,6.518902249066831e-01,6.518902249066831e-01,6.518902249066831e-01,6.518902249066831e-01,6.518902249066831e-01,6.518902249066831e-01
2.484969939879759e+00,6.534398251541679e-01,6.534398251541679e-01,6.534398251541679e-01,6.534398251541679e-01,6.534398251541679e-01,6.534398251541679e-01
2.505010020040080e+00,6.549704704417918e-01,6.549704704417918e-01,6.549704704417918e-01,6.549704704417918e-01,6.549704704417918e-01,6.549704704417918e-01
2.525050100200401e+00,6.564825204285277e-01,6.564825204285277e-01,6.564825204285277e-01,6.564825204285277e-01,6.564825204285277e-01,6.564825204285277e-01
2.545090180360722e+00,6.579763181716151e-01,6.579763181716151e-01,6.579763181716151e-01,6.579763181716151e-01,6.579763181716151e-01,6.579763181716151e-01
2.565130260521042e+00,6.594522149299054e-01,6.594522149299054e-01,6.594522149299054e-01,6.594522149299054e-01,6.594522149299054e-01,6.594522149299054e-01
2.585170340681362e+00,6.609105450366288e-01,6.609105450366288e-01,6.609105450366288e-01,6.609105450366288e-01,6.609105450366288e-01,6.609105450366288e-01
2.605210420841683e+00,6.623516233396590e-01,6.623516233396590e-01,6.623516233396590e-01,6.623516233396590e-01,6.623516233396590e-01,6.623516233396590e-01
2.625250501002004e+00,6.637757649480666e-01,6.637757649480666e-01,6.637757649480666e-01,6.637757649480666e-01,6.637757649480666e-01,6.637757649480666e-01
2.645290581162325e+00,6.651832875828997e-01,6.651832875828997e-01,6.651832875828997e-01,6.651832875828997e-01,6.651832875828997e-01,6.651832875828997e-01
2.665330661322645e+00,6.665744873380268e-01,6.665744873380268e-01,6.665744873380268e-01,6.665744873380268e-01,6.665744873380268e-01,6.665744873380268e-01
2.685370741482966e+00,6.679496738373637e-01,6.679496738373637e-01,6.679496738373637e-01,6.679496738373637e-01,6.679496738373637e-01,6.679496738373637e-01
2.705410821643286e+00,6.693091080175493e-01,6.693091080175493e-01,6.693091080175493e-01,6.693091080175493e-01,6.693091080175493e-01,6.693091080175493e-01
2.725450901803607e+00,6.706530941740639e-01,6.706530941740639e-01,6.706530941740639e-01,6.706530941740639e-01,6.706530941740639e-01,6.706530941740639e-01
2.745490981963928e+00,6.719818953331291e-01,6.719818953331291e-01,6.719818953331291e-01,6.719818953331291e-01,6.719818953331291e-01,6.719818953331291e-01
2.765531062124249e+00,6.732957787001326e-01,6.732957787001326e-01,6.732957787001326e-01,6.732957787001326e-01,6.732957787001326e-01,6.732957787001326e-01
2.785571142284569e+00,6.745950114282216e-01,6.745950114282216e-01,6.745950114282216e-01,6.745950114282216e-01,6.745950114282216e-01,6.745950114282216e-01
2.805611222444889e+00,6.758798457300275e-01,6.758798457300275e-01,6.758798457300275e-01,6.758798457300275e-01,6.758798457300275e-01,6.758798457300275e-01
2.825651302605210e+00,6.771505324599528e-01,6.771505324599528e-01,6.771505324599528e-01,6.771505324599528e-01,6.771505324599528e-01,6.771505324599528e-01
2.845691382765531e+00,6.784073171962045e-01,6.784073171962045e-01,6.784073171962045e-01,6.784073171962045e-01,6.784073171962045e-01,6.784073171962045e-01
2.865731462925852e+00,6.796504324048568e-01,6.796504324048568e-01,6.796504324048568e-01,6.796504324048568e-01,6.796504324048568e-01,6.796504324048568e-01
2.885771543086172e+00,6.808801217834914e-01,6.808801217834914e-01,6.808801217834914e-01,6.808801217834914e-01,6.808801217834914e-01,6.808801217834914e-01
2.905811623246493e+00,6.820966023875115e-01,6.820966023875115e-01,6.820966023875115e-01,6.820966023875115e-01,6.820966023875115e-01,6.820966023875115e-01
2.925851703406813e+00,6.833001014590347e-01,6.833001014590347e-01,6.833001014590347e-01,6.833001014590347e-01,6.833001014590347e-01,6.833001014590347e-01
2.945891783567134e+00,6.844908351131518e-01,6.844908351131518e-01,6.844908351131518e-01,6.844908351131518e-01,6.844908351131518e-01,6.844908351131518e-01
2.965931863727455e+00,6.856690156514643e-01,6.856690156514643e-01,6.856690156514643e-01,6.856690156514643e-01,6.856690156514643e-01,6.856690156514643e-01
2.985971943887776e+00,6.868348617488014e-01,6.868348617488014e-01,6.868348617488014e-01,6.868348617488014e-01,6.868348617488014e-01,6.868348617488014e-01
3.006012024048096e+00,6.879885660646874e-01,6.879885660646874e-01,6.879885660646874e-01,6.879885660646874e-01,6.879885660646874e-01,6.879885660646874e-01
3.026052104208417e+00,6.891303271094786e-01,6.891303271094786e-01,6.891303271094786e-01,6.891303271094786e-01,6.891303271094786e-01,6.891303271094786e-01
3.046092184368737e+00,6.902603473114989e-01,6.902603473114989e-01,6.902603473114989e-01,6.902603473114989e-01,6.902603473114989e-01,6.902603473114989e-01
3.066132264529058e+00,6.913788048076728e-01,6.913788048076728e-01,6.913788048076728e-01,6.913788048076728e-01,6.913788048076728e-01,6.913788048076728e-01
3.086172344689379e+00,6.924858990486685e-01,6.924858990486685e-01,6.924858990486685e-01,6.924858990486685e-01,6.924858990486685e-01,6.924858990486685e-01
3.106212424849699e+00,6.935818113580247e-01,6.935818113580247e-01,6.935818113580247e-01,6.935818113580247e-01,6.935818113580247e-01,6.935818113580247e-01
3.126252505010020e+00,6.946667119844914e-01,6.946667119844914e-01,6.946667119844914e-01,6.946667119844914e-01,6.946667119844914e-01,6.946667119844914e-01
3.146292585170340e+00,6.957407794306701e-01,6.957407794306701e-01,6.957407794306701e-01,6.957407794306701e-01,6.957407794306701e-01,6.957407794306701e-01
3.166332665330661e+00,6.968041858154883e-01,6.968041858154883e-01,6.968041858154883e-01,6.968041858154883e-01,6.968041858154883e-01,6.968041858154883e-01
3.186372745490982e+00,6.978571011578413e-01,6.978571011578413e-01,6.978571011578413e-01,6.978571011578413e-01,6.978571011578413e-01,6.978571011578413e-01
3.206412825651302e+00,6.988996850182636e-01,6.988996850182636e-01,6.988996850182636e-01,6.988996850182636e-01,6.988996850182636e-01,6.988996850182636e-01
3.226452905811623e+00,6.999320989841853e-01,6.999320989841853e-01,6.999320989841853e-01,6.999320989841853e-01,6.999320989841853e-01,6.999320989841853e-01
3.246492985971944e+00,7.009544998265484e-01,7.009544998265484e-01,7.009544998265484e-01,7.009544998265484e-01,7.009544998265484e-01,7.009544998265484e-01
3.266533066132264e+00,7.019670489133762e-01,7.019670489133762e-01,7.019670489133762e-01,7.019670489133762e-01,7.019670489133762e-01,7.019670489133762e-01
3.286573146292585e+00,7.029698853586369e-01,7.029698853586369e-01,7.029698853586369e-01,7.029698853586369e-01,7.029698853586369e-01,7.029698853586369e-01
3.306613226452906e+00,7.039631619003776e-01,7.039631619003776e-01,7.039631619003776e-01,7.039631619003776e-01,7.039631619003776e-01,7.039631619003776e-01
3.326653306613226e+00,7.049470262720946e-01,7.049470262720946e-01,7.049470262720946e-01,7.049470262720946e-01,7.049470262720946e-01,7.049470262720946e-01
3.346693386773547e+00,7.059216155086216e-01,7.059216155086216e-01,7.059216155086216e-01,7.059216155086216e-01,7.059216155086216e-01,7.059216155086216e-01
3.366733466933868e+00,7.068870724015918e-01,7.068870724015918e-01,7.068870724015918e-01,7.068870724015918e-01,7.068870724015918e-01,7.068870724015918e-01
3.386773547094188e+00,7.078435284171002e-01,7.078435284171002e-01,7.078435284171002e-01,7.078435284171002e-01,7.078435284171002e-01,7.078435284171002e-01
3.406813627254509e+00,7.087911258034895e-01,7.087911258034895e-01,7.087911258034895e-01,7.087911258034895e-01,7.087911258034895e-01,7.087911258034895e-01
3.426853707414829e+00,7.097299860699928e-01,7.097299860699928e-01,7.097299860699928e-01,7.097299860699928e-01,7.097299860699928e-01,7.097299860699928e-01
3.446893787575150e+00,7.106602376737067e-01,7.106602376737067e-01,7.106602376737067e-01,7.106602376737067e-01,7.106602376737067e-01,7.106602376737067e-01
3.466933867735471e+00,7.115820121538619e-01,7.115820121538619e-01,7.115820121538619e-01,7.115820121538619e-01,7.115820121538619e-01,7.115820121538619e-01
3.486973947895792e+00,7.124954275196409e-01,7.124954275196409e-01,7.124954275196409e-01,7.124954275196409e-01,7.124954275196409e-01,7.124954275196409e-01
3.507014028056112e+00,7.134006120191818e-01,7.134006120191818e-01,7.134006120191818e-01,7.134006120191818e-01,7.134006120191818e-01,7.134006120191818e-01
3.527054108216433e+00,7.142976740809305e-01,7.142976740809305e-01,7.142976740809305e-01,7.142976740809305e-01,7.142976740809305e-01,7.142976740809305e-01
3.547094188376753e+00,7.151867408142025e-01,7.151867408142025e-01,7.151867408142025e-01,7.151867408142025e-01,7.151867408142025e-01,7.151867408142025e-01
3.567134268537074e+00,7.160679089562290e-01,7.160679089562290e-01,7.160679089562290e-01,7.160679089562290e-01,7.160679089562290e-01,7.160679089562290e-01
3.587174348697395e+00,7.169413098581776e-01,7.169413098581776e-01,7.169413098581776e-01,7.169413098581776e-01,7.169413098581776e-01,7.169413098581776e-01
3.607214428857715e+00,7.178070446036119e-01,7.178070446036119e-01,7.178070446036119e-01,7.178070446036119e-01,7.178070446036119e-01,7.178070446036119e-01
3.627254509018036e+00,7.186652176716662e-01,7.186652176716662e-01,7.186652176716662e-01,7.186652176716662e-01,7.186652176716662e-01,7.186652176716662e-01
3.647294589178356e+00,7.195159413774106e-01,7.195159413774106e-01,7.195159413774106e-01,7.195159413774106e-01,7.195159413774106e-01,7.195159413774106e-01
3.667334669338677e+00,7.203593123118048e-01,7.203593123118048e-01,7.203593123118048e-01,7.203593123118048e-01,7.203593123118048e-01,7.203593123118048e-01
3.687374749498998e+00,7.211954343271094e-01,7.211954343271094e-01,7.211954343271094e-01,7.211954343271094e-01,7.211954343271094e-01,7.211954343271094e-01
3.707414829659319e+00,7.220244104397512e-01,7.220244104397512e-01,7.220244104397512e-01,7.220244104397512e-01,7.220244104397512e-01,7.220244104397512e-01
3.727454909819639e+00,7.228463363526171e-01,7.228463363526171e-01,7.228463363526171e-01,7.228463363526171e-01,7.228463363526171e-01,7.228463363526171e-01
3.747494989979960e+00,7.236613065670852e-01,7.236613065670852e-01,7.236613065670852e-01,7.236613065670852e-01,7.236613065670852e-01,7.236613065670852e-01
3.767535070140280e+00,7.244694185621877e-01,7.244694185621877e-01,7.244694185621877e-01,7.244694185621877e-01,7.244694185621877e-01,7.244694185621877e-01
3.787575150300601e+00,7.252707602675647e-01,7.252707602675647e-01,7.252707602675647e-01,7.252707602675647e-01,7.252707602675647e-01,7.252707602675647e-01
3.807615230460922e+00,7.260654251606979e-01,7.260654251606979e-01,7.260654251606979e-01,7.260654251606979e-01,7.260654251606979e-01,7.260654251606979e-01
3.827655310621243e+00,7.268535052668097e-01,7.268535052668097e-01,7.268535052668097e-01,7.268535052668097e-01,7.268535052668097e-01,7.268535052668097e-01
3.847695390781563e+00,7.276350807631875e-01,7.276350807631875e-01,7.276350807631875e-01,7.276350807631875e-01,7.276350807631875e-01,7.276350807631875e-01
3.867735470941883e+00,7.284102433198244e-01,7.284102433198244e-01,7.284102433198244e-01,7.284102433198244e-01,7.284102433198244e-01,7.284102433198244e-01
3.887775551102204e+00,7.291790791633509e-01,7.291790791633509e-01,7.291790791633509e-01,7.291790791633509e-01,7.291790791633509e-01,7.291790791633509e-01
3.907815631262525e+00,7.299416676665647e-01,7.299416676665647e-01,7.299416676665647e-01,7.299416676665647e-01,7.299416676665647e-01,7.299416676665647e-01
3.927855711422846e+00,7.306980893410876e-01,7.306980893410876e-01,7.306980893410876e-01,7.306980893410876e-01,7.306980893410876e-01,7.306980893410876e-01
3.947895791583166e+00,7.314484297030915e-01,7.314484297030915e-01,7.314484297030915e-01,7.314484297030915e-01,7.314484297030915e-01,7.314484297030915e-01
3.967935871743487e+00,7.321927558804204e-01,7.321927558804204e-01,7.321927558804204e-01,7.321927558804204e-01,7.321927558804204e-01,7.321927558804204e-01
3.987975951903807e+00,7.329311584042445e-01,7.329311584042445e-01,7.329311584042445e-01,7.329311584042445e-01,7.329311584042445e-01,7.329311584042445e-01
4.008016032064128e+00,7.336637094174063e-01,7.336637094174063e-01,7.336637094174063e-01,7.336637094174063e-01,7.336637094174063e-01,7.336637094174063e-01
4.028056112224449e+00,7.343904782940520e-01,7.343904782940520e-01,7.343904782940520e-01,7.343904782940520e-01,7.343904782940520e-01,7.343904782940520e-01
4.048096192384770e+00,7.351115442293644e-01,7.351115442293644e-01,7.351115442293644e-01,7.351115442293644e-01,7.351115442293644e-01,7.351115442293644e-01
4.068136272545090e+00,7.358269783736354e-01,7.358269783736354e-01,7.358269783736354e-01,7.358269783736354e-01,7.358269783736354e-01,7.358269783736354e-01
4.088176352705410e+00,7.365368503622078e-01,7.365368503622078e-01,7.365368503622078e-01,7.365368503622078e-01,7.365368503622078e-01,7.365368503622078e-01
4.108216432865731e+00,7.372412238751148e-01,7.372412238751148e-01,7.372412238751148e-01,7.372412238751148e-01,7.372412238751148e-01,7.372412238751148e-01
4.128256513026052e+00,7.379401766970718e-01,7.379401766970718e-01,7.379401766970718e-01,7.379401766970718e-01,7.379401766970718e-01,7.379401766970718e-01
4.148296593186372e+00,7.386337742842568e-01,7.386337742842568e-01,7.386337742842568e-01,7.386337742842568e-01,7.386337742842568e-01,7.386337742842568e-01
4.168336673346693e+00,7.393220788539947e-01,7.393220788539947e-01,7.393220788539947e-01,7.393220788539947e-01,7.393220788539947e-01,7.393220788539947e-01
4.188376753507014e+00,7.400051570117334e-01,7.400051570117334e-01,7.400051570117334e-01,7.400051570117334e-01,7.400051570117334e-01,7.400051570117334e-01
4.208416833667335e+00,7.406830721763087e-01,7.406830721763087e-01,7.406830721763087e-01,7.406830721763087e-01,7.406830721763087e-01,7.406830721763087e-01
4.228456913827655e+00,7.413558961771247e-01,7.413558961771247e-01,7.413558961771247e-01,7.413558961771247e-01,7.413558961771247e-01,7.413558961771247e-01
4.248496993987976e+00,7.420236721640648e-01,7.420236721640648e-01,7.420236721640648e-01,7.420236721640648e-01,7.420236721640648e-01,7.420236721640648e-01
4.268537074148297e+00,7.426864817875727e-01,7.426864817875727e-01,7.426864817875727e-01,7.426864817875727e-01,7.426864817875727e-01,7.426864817875727e-01
4.288577154308617e+00,7.433443704438324e-01,7.433443704438324e-01,7.433443704438324e-01,7.433443704438324e-01,7.433443704438324e-01,7.433443704438324e-01
4.308617234468938e+00,7.439973992531375e-01,7.439973992531375e-01,7.439973992531375e-01,7.439973992531375e-01,7.439973992531375e-01,7.439973992531375e-01
4.328657314629258e+00,7.446456332015102e-01,7.446456332015102e-01,7.446456332015102e-01,7.446456332015102e-01,7.446456332015102e-01,7.446456332015102e-01
4.348697394789579e+00,7.452891223344559e-01,7.452891223344559e-01,7.452891223344559e-01,7.452891223344559e-01,7.452891223344559e-01,7.452891223344559e-01
4.368737474949899e+00,7.459279234259364e-01,7.459279234259364e-01,7.459279234259364e-01,7.459279234259364e-01,7.459279234259364e-01,7.459279234259364e-01
4.388777555110220e+00,7.465620948066524e-01,7.465620948066524e-01,7.465620948066524e-01,7.465620948066524e-01,7.465620948066524e-01,7.465620948066524e-01
4.408817635270541e+00,7.471916886848281e-01,7.471916886848281e-01,7.471916886848281e-01,7.471916886848281e-01,7.471916886848281e-01,7.471916886848281e-01
4.428857715430862e+00,7.478167599224569e-01,7.478167599224569e-01,7.478167599224569e-01,7.478167599224569e-01,7.478167599224569e-01,7.478167599224569e-01
4.448897795591182e+00,7.484373578336906e-01,7.484373578336906e-01,7.484373578336906e-01,7.484373578336906e-01,7.484373578336906e-01,7.484373578336906e-01
4.468937875751503e+00,7.490535355984084e-01,7.490535355984084e-01,7.490535355984084e-01,7.490535355984084e-01,7.490535355984084e-01,7.490535355984084e-01
4.488977955911824e+00,7.496653445158658e-01,7.496653445158658e-01,7.496653445158658e-01,7.496653445158658e-01,7.496653445158658e-01,7.496653445158658e-01
4.509018036072144e+00,7.502728409525559e-01,7.502728409525559e-01,7.502728409525559e-01,7.502728409525559e-01,7.502728409525559e-01,7.502728409525559e-01
4.529058116232465e+00,7.508760597000305e-01,7.508760597000305e-01,7.508760597000305e-01,7.508760597000305e-01,7.508760597000305e-01,7.508760597000305e-01
4.549098196392785e+00,7.514750615651464e-01,7.514750615651464e-01,7.514750615651464e-01,7.514750615651464e-01,7.514750615651464e-01,7.514750615651464e-01
4.569138276553106e+00,7.520698943471074e-01,7.520698943471074e-01,7.520698943471074e-01,7.520698943471074e-01,7.520698943471074e-01,7.520698943471074e-01
4.589178356713426e+00,7.526605967554332e-01,7.526605967554332e-01,7.526605967554332e-01,7.526605967554332e-01,7.526605967554332e-01,7.526605967554332e-01
4.609218436873747e+00,7.532472195356390e-01,7.532472195356390e-01,7.532472195356390e-01,7.532472195356390e-01,7.532472195356390e-01,7.532472195356390e-01
4.629258517034068e+00,7.538298096928884e-01,7.538298096928884e-01,7.538298096928884e-01,7.538298096928884e-01,7.538298096928884e-01,7.538298096928884e-01
4.649298597194389e+00,7.544084097606366e-01,7.544084097606366e-01,7.544084097606366e-01,7.544084097606366e-01,7.544084097606366e-01,7.544084097606366e-01
4.669338677354709e+00,7.549830621365166e-01,7.549830621365166e-01,7.549830621365166e-01,7.549830621365166e-01,7.549830621365166e-01,7.549830621365166e-01
4.689378757515030e+00,7.555538251198857e-01,7.555538251198857e-01,7.555538251198857e-01,7.555538251198857e-01,7.555538251198857e-01,7.555538251198857e-01
4.709418837675351e+00,7.561207179871441e-01,7.561207179871441e-01,7.561207179871441e-01,7.561207179871441e-01,7.561207179871441e-01,7.561207179871441e-01
4.729458917835671e+00,7.566837988286907e-01,7.566837988286907e-01,7.566837988286907e-01,7.566837988286907e-01,7.566837988286907e-01,7.566837988286907e-01
4.749498997995992e+00,7.572431064585248e-01,7.572431064585248e-01,7.572431064585248e-01,7.572431064585248e-01,7.572431064585248e-01,7.572431064585248e-01
4.769539078156313e+00,7.577986742577287e-01,7.577986742577287e-01,7.577986742577287e-01,7.577986742577287e-01,7.577986742577287e-01,7.577986742577287e-01
4.789579158316633e+00,7.583505575480052e-01,7.583505575480052e-01,7.583505575480052e-01,7.583505575480052e-01,7.583505575480052e-01,7.583505575480052e-01
4.809619238476953e+00,7.588987874641363e-01,7.588987874641363e-01,7.588987874641363e-01,7.588987874641363e-01,7.588987874641363e-01,7.588987874641363e-01
4.829659318637274e+00,7.594433984633405e-01,7.594433984633405e-01,7.594433984633405e-01,7.594433984633405e-01,7.594433984633405e-01,7.594433984633405e-01
4.849699398797595e+00,7.599844344373025e-01,7.599844344373025e-01,7.599844344373025e-01,7.599844344373025e-01,7.599844344373025e-01,7.599844344373025e-01
4.869739478957916e+00,7.605219398836853e-01,7.605219398836853e-01,7.605219398836853e-01,7.605219398836853e-01,7.605219398836853e-01,7.605219398836853e-01
4.889779559118236e+00,7.610559418834812e-01,7.610559418834812e-01,7.610559418834812e-01,7.610559418834812e-01,7.610559418834812e-01,7.610559418834812e-01
4.909819639278557e+00,7.615864780491785e-01,7.615864780491785e-01,7.615864780491785e-01,7.615864780491785e-01,7.615864780491785e-01,7.615864780491785e-01
4.929859719438878e+00,7.621135939859198e-01,7.621135939859198e-01,7.621135939859198e-01,7.621135939859198e-01,7.621135939859198e-01,7.621135939859198e-01
4.949899799599198e+00,7.626373154582593e-01,7.626373154582593e-01,7.626373154582593e-01,7.626373154582593e-01,7.626373154582593e-01,7.626373154582593e-01
4.969939879759519e+00,7.631576829727579e-01,7.631576829727579e-01,7.631576829727579e-01,7.631576829727579e-01,7.631576829727579e-01,7.631576829727579e-01
4.989979959919840e+00,7.636747312478319e-01,7.636747312478319e-01,7.636747312478319e-01,7.636747312478319e-01,7.636747312478319e-01,7.636747312478319e-01
5.010020040080160e+00,7.641884938108356e-01,7.641884938108356e-01,7.641884938108356e-01,7.641884938108356e-01,7.641884938108356e-01,7.641884938108356e-01
5.030060120240480e+00,7.646990065503522e-01,7.646990065503522e-01,7.646990065503522e-01,7.646990065503522e-01,7.646990065503522e-01,7.646990065503522e-01
5.050100200400801e+00,7.652063005489236e-01,7.652063005489236e-01,7.652063005489236e-01,7.652063005489236e-01,7.652063005489236e-01,7.652063005489236e-01
5.070140280561122e+00,7.657104085607591e-01,7.657104085607591e-01,7.657104085607591e-01,7.657104085607591e-01,7.657104085607591e-01,7.657104085607591e-01
5.090180360721443e+00,7.662113603101725e-01,7.662113603101725e-01,7.662113603101725e-01,7.662113603101725e-01,7.662113603101725e-01,7.662113603101725e-01
5.110220440881763e+00,7.667092007754310e-01,7.667092007754310e-01,7.667092007754310e-01,7.667092007754310e-01,7.667092007754310e-01,7.667092007754310e-01
5.130260521042084e+00,7.672039460463218e-01,7.672039460463218e-01,7.672039460463218e-01,7.672039460463218e-01,7.672039460463218e-01,7.672039460463218e-01
5.150300601202405e+00,7.676956353025201e-01,7.676956353025201e-01,7.676956353025201e-01,7.676956353025201e-01,7.676956353025201e-01,7.676956353025201e-01
5.170340681362725e+00,7.681842968056320e-01,7.681842968056320e-01,7.681842968056320e-01,7.681842968056320e-01,7.681842968056320e-01,7.681842968056320e-01
5.190380761523046e+00,7.686699606978881e-01,7.686699606978881e-01,7.686699606978881e-01,7.686699606978881e-01,7.686699606978881e-01,7.686699606978881e-01
5.210420841683367e+00,7.691526571737577e-01,7.691526571737577e-01,7.691526571737577e-01,7.691526571737577e-01,7.691526571737577e-01,7.691526571737577e-01
5.230460921843687e+00,7.696324198755229e-01,7.696324198755229e-01,7.696324198755229e-01,7.696324198755229e-01,7.696324198755229e-01,7.696324198755229e-01
5.250501002004007e+00,7.701092770125499e-01,7.701092770125499e-01,7.701092770125499e-01,7.701092770125499e-01,7.701092770125499e-01,7.701092770125499e-01
5.270541082164328e+00,7.705832466074891e-01,7.705832466074891e-01,7.705832466074891e-01,7.705832466074891e-01,7.705832466074891e-01,7.705832466074891e-01
5.290581162324649e+00,7.710543691460056e-01,7.710543691460056e-01,7.710543691460056e-01,7.710543691460056e-01,7.710543691460056e-01,7.710543691460056e-01
5.310621242484970e+00,7.715226684493420e-01,7.715226684493420e-01,7.715226684493420e-01,7.715226684493420e-01,7.715226684493420e-01,7.715226684493420e-01
5.330661322645290e+00,7.719881715253549e-01,7.719881715253549e-01,7.719881715253549e-01,7.719881715253549e-01,7.719881715253549e-01,7.719881715253549e-01
5.350701402805611e+00,7.724509063222121e-01,7.724509063222121e-01,7.724509063222121e-01,7.724509063222121e-01,7.724509063222121e-01,7.724509063222121e-01
5.370741482965932e+00,7.729108978104275e-01,7.729108978104275e-01,7.729108978104275e-01,7.729108978104275e-01,7.729108978104275e-01,7.729108978104275e-01
5.390781563126252e+00,7.733681784307725e-01,7.733681784307725e-01,7.733681784307725e-01,7.733681784307725e-01,7.733681784307725e-01,7.733681784307725e-01
5.410821643286573e+00,7.738227682432404e-01,7.738227682432404e-01,7.738227682432404e-01,7.738227682432404e-01,7.738227682432404e-01,7.738227682432404e-01
5.430861723446894e+00,7.742746916437099e-01,7.742746916437099e-01,7.742746916437099e-01,7.742746916437099e-01,7.742746916437099e-01,7.742746916437099e-01
5.450901803607215e+00,7.747239837894092e-01,7.747239837894092e-01,7.747239837894092e-01,7.747239837894092e-01,7.747239837894092e-01,7.747239837894092e-01
5.470941883767535e+00,7.751706576879912e-01,7.751706576879912e-01,7.751706576879912e-01,7.751706576879912e-01,7.751706576879912e-01,7.751706576879912e-01
5.490981963927855e+00,7.756147436384044e-01,7.756147436384044e-01,7.756147436384044e-01,7.756147436384044e-01,7.756147436384044e-01,7.756147436384044e-01
5.511022044088176e+00,7.760562630588717e-01,7.760562630588717e-01,7.760562630588717e-01,7.760562630588717e-01,7.760562630588717e-01,7.760562630588717e-01
5.531062124248497e+00,7.764952492782368e-01,7.764952492782368e-01,7.764952492782368e-01,7.764952492782368e-01,7.764952492782368e-01,7.764952492782368e-01
5.551102204408817e+00,7.769317214161818e-01,7.769317214161818e-01,7.769317214161818e-01,7.769317214161818e-01,7.769317214161818e-01,7.769317214161818e-01
5.571142284569138e+00,7.773656930549946e-01,7.773656930549946e-01,7.773656930549946e-01,7.773656930549946e-01,7.773656930549946e-01,7.773656930549946e-01
5.591182364729459e+00,7.777972043669013e-01,7.777972043669013e-01,7.777972043669013e-01,7.777972043669013e-01,7.777972043669013e-01,7.777972043669013e-01
5.611222444889779e+00,7.782262646505459e-01,7.782262646505459e-01,7.782262646505459e-01,7.782262646505459e-01,7.782262646505459e-01,7.782262646505459e-01
5.631262525050100e+00,7.786529015406594e-01,7.786529015406594e-01,7.786529015406594e-01,7.786529015406594e-01,7.786529015406594e-01,7.786529015406594e-01
5.651302605210421e+00,7.790771390674424e-01,7.790771390674424e-01,7.790771390674424e-01,7.790771390674424e-01,7.790771390674424e-01,7.790771390674424e-01
5.671342685370742e+00,7.794989978655239e-01,7.794989978655239e-01,7.794989978655239e-01,7.794989978655239e-01,7.794989978655239e-01,7.794989978655239e-01
5.691382765531062e+00,7.799184979948985e-01,7.799184979948985e-01,7.799184979948985e-01,7.799184979948985e-01,7.799184979948985e-01,7.799184979948985e-01
5.711422845691382e+00,7.803356624618711e-01,7.803356624618711e-01,7.803356624618711e-01,7.803356624618711e-01,7.803356624618711e-01,7.803356624618711e-01
5.731462925851703e+00,7.807505118383838e-01,7.807505118383838e-01,7.807505118383838e-01,7.807505118383838e-01,7.807505118383838e-01,7.807505118383838e-01
5.751503006012024e+00,7.811630695382105e-01,7.811630695382105e-01,7.811630695382105e-01,7.811630695382105e-01,7.811630695382105e-01,7.811630695382105e-01
5.771543086172344e+00,7.815733545556576e-01,7.815733545556576e-01,7.815733545556576e-01,7.815733545556576e-01,7.815733545556576e-01,7.815733545556576e-01
5.791583166332665e+00,7.819813886746252e-01,7.819813886746252e-01,7.819813886746252e-01,7.819813886746252e-01,7.819813886746252e-01,7.819813886746252e-01
5.811623246492986e+00,7.823871843281297e-01,7.823871843281297e-01,7.823871843281297e-01,7.823871843281297e-01,7.823871843281297e-01,7.823871843281297e-01
5.831663326653306e+00,7.827907739569432e-01,7.827907739569432e-01,7.827907739569432e-01,7.827907739569432e-01,7.827907739569432e-01,7.827907739569432e-01
5.851703406813627e+00,7.831921706523007e-01,7.831921706523007e-01,7.831921706523007e-01,7.831921706523007e-01,7.831921706523007e-01,7.831921706523007e-01
5.871743486973948e+00,7.835913883726149e-01,7.835913883726149e-01,7.835913883726149e-01,7.835913883726149e-01,7.835913883726149e-01,7.835913883726149e-01
5.891783567134269e+00,7.839884610736046e-01,7.839884610736046e-01,7.839884610736046e-01,7.839884610736046e-01,7.839884610736046e-01,7.839884610736046e-01
5.911823647294589e+00,7.843833926105498e-01,7.843833926105498e-01,7.843833926105498e-01,7.843833926105498e-01,7.843833926105498e-01,7.843833926105498e-01
5.931863727454910e+00,7.847762081420263e-01,7.847762081420263e-01,7.847762081420263e-01,7.847762081420263e-01,7.847762081420263e-01,7.847762081420263e-01
5.951903807615230e+00,7.851669294310375e-01,7.851669294310375e-01,7.851669294310375e-01,7.851669294310375e-01,7.851669294310375e-01,7.851669294310375e-01
5.971943887775551e+00,7.855555681583510e-01,7.855555681583510e-01,7.855555681583510e-01,7.855555681583510e-01,7.855555681583510e-01,7.855555681583510e-01
5.991983967935871e+00,7.859421493153759e-01,7.859421493153759e-01,7.859421493153759e-01,7.859421493153759e-01,7.859421493153759e-01,7.859421493153759e-01
6.012024048096192e+00,7.863266863903684e-01,7.863266863903684e-01,7.863266863903684e-01,7.863266863903684e-01,7.863266863903684e-01,7.863266863903684e-01
6.032064128256513e+00,7.867091969880623e-01,7.867091969880623e-01,7.867091969880623e-01,7.867091969880623e-01,7.867091969880623e-01,7.867091969880623e-01
6.052104208416833e+00,7.870896980863178e-01,7.870896980863178e-01,7.870896980863178e-01,7.870896980863178e-01,7.870896980863178e-01,7.870896980863178e-01
6.072144288577154e+00,7.874682068719518e-01,7.874682068719518e-01,7.874682068719518e-01,7.874682068719518e-01,7.874682068719518e-01,7.874682068719518e-01
6.092184368737475e+00,7.878447470303848e-01,7.878447470303848e-01,7.878447470303848e-01,7.878447470303848e-01,7.878447470303848e-01,7.878447470303848e-01
6.112224448897796e+00,7.882193255512701e-01,7.882193255512701e-01,7.882193255512701e-01,7.882193255512701e-01,7.882193255512701e-01,7.882193255512701e-01
6.132264529058116e+00,7.885919687215590e-01,7.885919687215590e-01,7.885919687215590e-01,7.885919687215590e-01,7.885919687215590e-01,7.885919687215590e-01
6.152304609218437e+00,7.889626841473318e-01,7.889626841473318e-01,7.889626841473318e-01,7.889626841473318e-01,7.889626841473318e-01,7.889626841473318e-01
6.172344689378757e+00,7.893314895378023e-01,7.893314895378023e-01,7.893314895378023e-01,7.893314895378023e-01,7.893314895378023e-01,7.893314895378023e-01
6.192384769539078e+00,7.896984080664422e-01,7.896984080664422e-01,7.896984080664422e-01,7.896984080664422e-01,7.896984080664422e-01,7.896984080664422e-01
6.212424849699398e+00,7.900634468482807e-01,7.900634468482807e-01,7.900634468482807e-01,7.900634468482807e-01,7.900634468482807e-01,7.900634468482807e-01
6.232464929859719e+00,7.904266299030709e-01,7.904266299030709e-01,7.904266299030709e-01,7.904266299030709e-01,7.904266299030709e-01,7.904266299030709e-01
6.252505010020040e+00,7.907879636249361e-01,7.907879636249361e-01,7.907879636249361e-01,7.907879636249361e-01,7.907879636249361e-01,7.907879636249361e-01
6.272545090180360e+00,7.911474682828284e-01,7.911474682828284e-01,7.911474682828284e-01,7.911474682828284e-01,7.911474682828284e-01,7.911474682828284e-01
6.292585170340681e+00,7.915051637277829e-01,7.915051637277829e-01,7.915051637277829e-01,7.915051637277829e-01,7.915051637277829e-01,7.915051637277829e-01
6.312625250501002e+00,7.918610580046933e-01,7.918610580046933e-01,7.918610580046933e-01,7.918610580046933e-01,7.918610580046933e-01,7.918610580046933e-01
6.332665330661323e+00,7.922151669421488e-01,7.922151669421488e-01,7.922151669421488e-01,7.922151669421488e-01,7.922151669421488e-01,7.922151669421488e-01
6.352705410821643e+00,7.925675093672889e-01,7.925675093672889e-01,7.925675093672889e-01,7.925675093672889e-01,7.925675093672889e-01,7.925675093672889e-01
6.372745490981964e+00,7.929180915906537e-01,7.929180915906537e-01,7.929180915906537e-01,7.929180915906537e-01,7.929180915906537e-01,7.929180915906537e-01
6.392785571142285e+00,7.932669414141416e-01,7.932669414141416e-01,7.932669414141416e-01,7.932669414141416e-01,7.932669414141416e-01,7.932669414141416e-01
6.412825651302605e+00,7.936140524436280e-01,7.936140524436280e-01,7.936140524436280e-01,7.936140524436280e-01,7.936140524436280e-01,7.936140524436280e-01
6.432865731462925e+00,7.939594596796247e-01,7.939594596796247e-01,7.939594596796247e-01,7.939594596796247e-01,7.939594596796247e-01,7.939594596796247e-01
6.452905811623246e+00,7.943031638012448e-01,7.943031638012448e-01,7.943031638012448e-01,7.943031638012448e-01,7.943031638012448e-01,7.943031638012448e-01
6.472945891783567e+00,7.946451830923373e-01,7.946451830923373e-01,7.946451830923373e-01,7.946451830923373e-01,7.946451830923373e-01,7.946451830923373e-01
6.492985971943887e+00,7.949855331202941e-01,7.949855331202941e-01,7.949855331202941e-01,7.949855331202941e-01,7.949855331202941e-01,7.949855331202941e-01
6.513026052104208e+00,7.953242255763289e-01,7.953242255763289e-01,7.953242255763289e-01,7.953242255763289e-01,7.953242255763289e-01,7.953242255763289e-01
6.533066132264529e+00,7.956612681710029e-01,7.956612681710029e-01,7.956612681710029e-01,7.956612681710029e-01,7.956612681710029e-01,7.956612681710029e-01
6.553106212424850e+00,7.959966844852564e-01,7.959966844852564e-01,7.959966844852564e-01,7.959966844852564e-01,7.959966844852564e-01,7.959966844852564e-01
6.573146292585170e+00,7.963304769325580e-01,7.963304769325580e-01,7.963304769325580e-01,7.963304769325580e-01,7.963304769325580e-01,7.963304769325580e-01
6.593186372745491e+00,7.966626650505051e-01,7.966626650505051e-01,7.966626650505051e-01,7.966626650505051e-01,7.966626650505051e-01,7.966626650505051e-01
6.613226452905812e+00,7.969932595482095e-01,7.969932595482095e-01,7.969932595482095e-01,7.969932595482095e-01,7.969932595482095e-01,7.969932595482095e-01
6.633266533066132e+00,7.973222757841036e-01,7.973222757841036e-01,7.973222757841036e-01,7.973222757841036e-01,7.973222757841036e-01,7.973222757841036e-01
6.653306613226452e+00,7.976497194940924e-01,7.976497194940924e-01,7.976497194940924e-01,7.976497194940924e-01,7.976497194940924e-01,7.976497194940924e-01
6.673346693386773e+00,7.979756115008672e-01,7.979756115008672e-01,7.979756115008672e-01,7.979756115008672e-01,7.979756115008672e-01,7.979756115008672e-01
6.693386773547094e+00,7.982999547507398e-01,7.982999547507398e-01,7.982999547507398e-01,7.982999547507398e-01,7.982999547507398e-01,7.982999547507398e-01
6.713426853707414e+00,7.986227667544129e-01,7.986227667544129e-01,7.986227667544129e-01,7.986227667544129e-01,7.986227667544129e-01,7.986227667544129e-01
6.733466933867735e+00,7.989440609374556e-01,7.989440609374556e-01,7.989440609374556e-01,7.989440609374556e-01,7.989440609374556e-01,7.989440609374556e-01
6.753507014028056e+00,7.992638475910622e-01,7.992638475910622e-01,7.992638475910622e-01,7.992638475910622e-01,7.992638475910622e-01,7.992638475910622e-01
6.773547094188377e+00,7.995821326705436e-01,7.995821326705436e-01,7.995821326705436e-01,7.995821326705436e-01,7.995821326705436e-01,7.995821326705436e-01
6.793587174348697e+00,7.998989347209471e-01,7.998989347209471e-01,7.998989347209471e-01,7.998989347209471e-01,7.998989347209471e-01,7.998989347209471e-01
6.813627254509018e+00,8.002142605856545e-01,8.002142605856545e-01,8.002142605856545e-01,8.002142605856545e-01,8.002142605856545e-01,8.002142605856545e-01
6.833667334669339e+00,8.005281237424752e-01,8.005281237424752e-01,8.005281237424752e-01,8.005281237424752e-01,8.005281237424752e-01,8.005281237424752e-01
6.853707414829659e+00,8.008405421618204e-01,8.008405421618204e-01,8.008405421618204e-01,8.008405421618204e-01,8.008405421618204e-01,8.008405421618204e-01
6.873747494989980e+00,8.011515145377002e-01,8.011515145377002e-01,8.011515145377002e-01,8.011515145377002e-01,8.011515145377002e-01,8.011515145377002e-01
6.893787575150300e+00,8.014610550270381e-01,8.014610550270381e-01,8.014610550270381e-01,8.014610550270381e-01,8.014610550270381e-01,8.014610550270381e-01
6.913827655310621e+00,8.017691795002143e-01,8.017691795002143e-01,8.017691795002143e-01,8.017691795002143e-01,8.017691795002143e-01,8.017691795002143e-01
6.933867735470941e+00,8.020758998469544e-01,8.020758998469544e-01,8.020758998469544e-01,8.020758998469544e-01,8.020758998469544e-01,8.020758998469544e-01
6.953907815631262e+00,8.023812136851343e-01,8.023812136851343e-01,8.023812136851343e-01,8.023812136851343e-01,8.023812136851343e-01,8.023812136851343e-01
6.973947895791583e+00,8.026851424956636e-01,8.026851424956636e-01,8.026851424956636e-01,8.026851424956636e-01,8.026851424956636e-01,8.026851424956636e-01
6.993987975951904e+00,8.029877002787469e-01,8.029877002787469e-01,8.029877002787469e-01,8.029877002787469e-01,8.029877002787469e-01,8.029877002787469e-01
7.014028056112224e+00,8.032888839522497e-01,8.032888839522497e-01,8.032888839522497e-01,8.032888839522497e-01,8.032888839522497e-01,8.032888839522497e-01
7.034068136272545e+00,8.035887146209570e-01,8.035887146209570e-01,8.035887146209570e-01,8.035887146209570e-01,8.035887146209570e-01,8.035887146209570e-01
7.054108216432866e+00,8.038871997551272e-01,8.038871997551272e-01,8.038871997551272e-01,8.038871997551272e-01,8.038871997551272e-01,8.038871997551272e-01
7.074148296593186e+00,8.041843433772066e-01,8.041843433772066e-01,8.041843433772066e-01,8.041843433772066e-01,8.041843433772066e-01,8.041843433772066e-01
7.094188376753507e+00,8.044801642934396e-01,8.044801642934396e-01,8.044801642934396e-01,8.044801642934396e-01,8.044801642934396e-01,8.044801642934396e-01
7.114228456913827e+00,8.047746694725845e-01,8.047746694725845e-01,8.047746694725845e-01,8.047746694725845e-01,8.047746694725845e-01,8.047746694725845e-01
7.134268537074148e+00,8.050678646505459e-01,8.050678646505459e-01,8.050678646505459e-01,8.050678646505459e-01,8.050678646505459e-01,8.050678646505459e-01
7.154308617234468e+00,8.053597665544332e-01,8.053597665544332e-01,8.053597665544332e-01,8.053597665544332e-01,8.053597665544332e-01,8.053597665544332e-01
7.174348697394789e+00,8.056503726558514e-01,8.056503726558514e-01,8.056503726558514e-01,8.056503726558514e-01,8.056503726558514e-01,8.056503726558514e-01
7.194388777555110e+00,8.059397028058362e-01,8.059397028058362e-01,8.059397028058362e-01,8.059397028058362e-01,8.059397028058362e-01,8.059397028058362e-01
7.214428857715431e+00,8.062277630119374e-01,8.062277630119374e-01,8.062277630119374e-01,8.062277630119374e-01,8.062277630119374e-01,8.062277630119374e-01
7.234468937875751e+00,8.065145605876952e-01,8.065145605876952e-01,8.065145605876952e-01,8.065145605876952e-01,8.065145605876952e-01,8.065145605876952e-01
7.254509018036072e+00,8.068001111005000e-01,8.068001111005000e-01,8.068001111005000e-01,8.068001111005000e-01,8.068001111005000e-01,8.068001111005000e-01
7.274549098196393e+00,8.070844166921743e-01,8.070844166921743e-01,8.070844166921743e-01,8.070844166921743e-01,8.070844166921743e-01,8.070844166921743e-01
7.294589178356713e+00,8.073674898479748e-01,8.073674898479748e-01,8.073674898479748e-01,8.073674898479748e-01,8.073674898479748e-01,8.073674898479748e-01
7.314629258517034e+00,8.076493366799308e-01,8.076493366799308e-01,8.076493366799308e-01,8.076493366799308e-01,8.076493366799308e-01,8.076493366799308e-01
7.334669338677354e+00,8.079299663299664e-01,8.079299663299664e-01,8.079299663299664e-01,8.079299663299664e-01,8.079299663299664e-01,8.079299663299664e-01
7.354709418837675e+00,8.082093893191306e-01,8.082093893191306e-01,8.082093893191306e-01,8.082093893191306e-01,8.082093893191306e-01,8.082093893191306e-01
7.374749498997995e+00,8.084876171819202e-01,8.084876171819202e-01,8.084876171819202e-01,8.084876171819202e-01,8.084876171819202e-01,8.084876171819202e-01
7.394789579158316e+00,8.087646443913886e-01,8.087646443913886e-01,8.087646443913886e-01,8.087646443913886e-01,8.087646443913886e-01,8.087646443913886e-01
7.414829659318637e+00,8.090404975165800e-01,8.090404975165800e-01,8.090404975165800e-01,8.090404975165800e-01,8.090404975165800e-01,8.090404975165800e-01
7.434869739478958e+00,8.093151742067137e-01,8.093151742067137e-01,8.093151742067137e-01,8.093151742067137e-01,8.093151742067137e-01,8.093151742067137e-01
7.454909819639278e+00,8.095886796857464e-01,8.095886796857464e-01,8.095886796857464e-01,8.095886796857464e-01,8.095886796857464e-01,8.095886796857464e-01
7.474949899799599e+00,8.098610358942966e-01,8.098610358942966e-01,8.098610358942966e-01,8.098610358942966e-01,8.098610358942966e-01,8.098610358942966e-01
7.494989979959920e+00,8.101322410039792e-01,8.101322410039792e-01,8.101322410039792e-01,8.101322410039792e-01,8.101322410039792e-01,8.101322410039792e-01
7.515030060120240e+00,8.104023029029692e-01,8.104023029029692e-01,8.104023029029692e-01,8.104023029029692e-01,8.104023029029692e-01,8.104023029029692e-01
7.535070140280561e+00,8.106712271808998e-01,8.106712271808998e-01,8.106712271808998e-01,8.106712271808998e-01,8.106712271808998e-01,8.106712271808998e-01
7.555110220440882e+00,8.109390341380677e-01,8.109390341380677e-01,8.109390341380677e-01,8.109390341380677e-01,8.109390341380677e-01,8.109390341380677e-01
7.575150300601202e+00,8.112057139638812e-01,8.112057139638812e-01,8.112057139638812e-01,8.112057139638812e-01,8.112057139638812e-01,8.112057139638812e-01
7.595190380761522e+00,8.114712892153861e-01,8.114712892153861e-01,8.114712892153861e-01,8.114712892153861e-01,8.114712892153861e-01,8.114712892153861e-01
7.615230460921843e+00,8.117357624732170e-01,8.117357624732170e-01,8.117357624732170e-01,8.117357624732170e-01,8.117357624732170e-01,8.117357624732170e-01
7.635270541082164e+00,8.119991376553413e-01,8.119991376553413e-01,8.119991376553413e-01,8.119991376553413e-01,8.119991376553413e-01,8.119991376553413e-01
7.655310621242485e+00,8.122614231200899e-01,8.122614231200899e-01,8.122614231200899e-01,8.122614231200899e-01,8.122614231200899e-01,8.122614231200899e-01
7.675350701402805e+00,8.125226327109479e-01,8.125226327109479e-01,8.125226327109479e-01,8.125226327109479e-01,8.125226327109479e-01,8.125226327109479e-01
7.695390781563126e+00,8.127827635547393e-01,8.127827635547393e-01,8.127827635547393e-01,8.127827635547393e-01,8.127827635547393e-01,8.127827635547393e-01
7.715430861723447e+00,8.130418365472910e-01,8.130418365472910e-01,8.130418365472910e-01,8.130418365472910e-01,8.130418365472910e-01,8.130418365472910e-01
7.735470941883767e+00,8.132998412406898e-01,8.132998412406898e-01,8.132998412406898e-01,8.132998412406898e-01,8.132998412406898e-01,8.132998412406898e-01
7.755511022044088e+00,8.135568037547191e-01,8.135568037547191e-01,8.135568037547191e-01,8.135568037547191e-01,8.135568037547191e-01,8.135568037547191e-01
7.775551102204409e+00,8.138127123354758e-01,8.138127123354758e-01,8.138127123354758e-01,8.138127123354758e-01,8.138127123354758e-01,8.138127123354758e-01
7.795591182364729e+00,8.140675881399857e-01,8.140675881399857e-01,8.140675881399857e-01,8.140675881399857e-01,8.140675881399857e-01,8.140675881399857e-01
7.815631262525049e+00,8.143214337802266e-01,8.143214337802266e-01,8.143214337802266e-01,8.143214337802266e-01,8.143214337802266e-01,8.143214337802266e-01
7.835671342685370e+00,8.145742555249467e-01,8.145742555249467e-01,8.145742555249467e-01,8.145742555249467e-01,8.145742555249467e-01,8.145742555249467e-01
7.855711422845691e+00,8.148260580757064e-01,8.148260580757064e-01,8.148260580757064e-01,8.148260580757064e-01,8.148260580757064e-01,8.148260580757064e-01
7.875751503006012e+00,8.150768521938577e-01,8.150768521938577e-01,8.150768521938577e-01,8.150768521938577e-01,8.150768521938577e-01,8.150768521938577e-01
7.895791583166332e+00,8.153266424242424e-01,8.153266424242424e-01,8.153266424242424e-01,8.153266424242424e-01,8.153266424242424e-01,8.153266424242424e-01
7.915831663326653e+00,8.155754359759211e-01,8.155754359759211e-01,8.155754359759211e-01,8.155754359759211e-01,8.155754359759211e-01,8.155754359759211e-01
7.935871743486974e+00,8.158232382818080e-01,8.158232382818080e-01,8.158232382818080e-01,8.158232382818080e-01,8.158232382818080e-01,8.158232382818080e-01
7.955911823647294e+00,8.160700571778390e-01,8.160700571778390e-01,8.160700571778390e-01,8.160700571778390e-01,8.160700571778390e-01,8.160700571778390e-01
7.975951903807615e+00,8.163158991939596e-01,8.163158991939596e-01,8.163158991939596e-01,8.163158991939596e-01,8.163158991939596e-01,8.163158991939596e-01
7.995991983967936e+00,8.165607695541273e-01,8.165607695541273e-01,8.165607695541273e-01,8.165607695541273e-01,8.165607695541273e-01,8.165607695541273e-01
8.016032064128256e+00,8.168046713300277e-01,8.168046713300277e-01,8.168046713300277e-01,8.168046713300277e-01,8.168046713300277e-01,8.168046713300277e-01
8.036072144288577e+00,8.170476213741455e-01,8.170476213741455e-01,8.170476213741455e-01,8.170476213741455e-01,8.170476213741455e-01,8.170476213741455e-01
8.056112224448897e+00,8.172896120804000e-01,8.172896120804000e-01,8.172896120804000e-01,8.172896120804000e-01,8.172896120804000e-01,8.172896120804000e-01
8.076152304609218e+00,8.175306650341803e-01,8.175306650341803e-01,8.175306650341803e-01,8.175306650341803e-01,8.175306650341803e-01,8.175306650341803e-01
8.096192384769539e+00,8.177707711458014e-01,8.177707711458014e-01,8.177707711458014e-01,8.177707711458014e-01,8.177707711458014e-01,8.177707711458014e-01
8.116232464929860e+00,8.180099447811450e-01,8.180099447811450e-01,8.180099447811450e-01,8.180099447811450e-01,8.180099447811450e-01,8.180099447811450e-01
8.136272545090179e+00,8.182481911641670e-01,8.182481911641670e-01,8.182481911641670e-01,8.182481911641670e-01,8.182481911641670e-01,8.182481911641670e-01
8.156312625250500e+00,8.184855129068461e-01,8.184855129068461e-01,8.184855129068461e-01,8.184855129068461e-01,8.184855129068461e-01,8.184855129068461e-01
8.176352705410821e+00,8.187219201958984e-01,8.187219201958984e-01,8.187219201958984e-01,8.187219201958984e-01,8.187219201958984e-01,8.187219201958984e-01
8.196392785571142e+00,8.189574161656975e-01,8.189574161656975e-01,8.189574161656975e-01,8.189574161656975e-01,8.189574161656975e-01,8.189574161656975e-01
8.216432865731463e+00,8.191920104805632e-01,8.191920104805632e-01,8.191920104805632e-01,8.191920104805632e-01,8.191920104805632e-01,8.191920104805632e-01
8.236472945891784e+00,8.194256984389349e-01,8.194256984389349e-01,8.194256984389349e-01,8.194256984389349e-01,8.194256984389349e-01,8.194256984389349e-01
8.256513026052104e+00,8.196584989515356e-01,8.196584989515356e-01,8.196584989515356e-01,8.196584989515356e-01,8.196584989515356e-01,8.196584989515356e-01
8.276553106212425e+00,8.198904140557087e-01,8.198904140557087e-01,8.198904140557087e-01,8.198904140557087e-01,8.198904140557087e-01,8.198904140557087e-01
8.296593186372744e+00,8.201214419753089e-01,8.201214419753089e-01,8.201214419753089e-01,8.201214419753089e-01,8.201214419753089e-01,8.201214419753089e-01
8.316633266533065e+00,8.203515938373633e-01,8.203515938373633e-01,8.203515938373633e-01,8.203515938373633e-01,8.203515938373633e-01,8.203515938373633e-01
8.336673346693386e+00,8.205808770598918e-01,8.205808770598918e-01,8.205808770598918e-01,8.205808770598918e-01,8.205808770598918e-01,8.205808770598918e-01
8.356713426853707e+00,8.208092940041219e-01,8.208092940041219e-01,8.208092940041219e-01,8.208092940041219e-01,8.208092940041219e-01,8.208092940041219e-01
8.376753507014028e+00,8.210368506985004e-01,8.210368506985004e-01,8.210368506985004e-01,8.210368506985004e-01,8.210368506985004e-01,8.210368506985004e-01
8.396793587174349e+00,8.212635514580148e-01,8.212635514580148e-01,8.212635514580148e-01,8.212635514580148e-01,8.212635514580148e-01,8.212635514580148e-01
8.416833667334670e+00,8.214894055708603e-01,8.214894055708603e-01,8.214894055708603e-01,8.214894055708603e-01,8.214894055708603e-01,8.214894055708603e-01
8.436873747494989e+00,8.217144089623507e-01,8.217144089623507e-01,8.217144089623507e-01,8.217144089623507e-01,8.217144089623507e-01,8.217144089623507e-01
8.456913827655310e+00,8.219385770431590e-01,8.219385770431590e-01,8.219385770431590e-01,8.219385770431590e-01,8.219385770431590e-01,8.219385770431590e-01
8.476953907815631e+00,8.221619103356802e-01,8.221619103356802e-01,8.221619103356802e-01,8.221619103356802e-01,8.221619103356802e-01,8.221619103356802e-01
8.496993987975952e+00,8.223844169370472e-01,8.223844169370472e-01,8.223844169370472e-01,8.223844169370472e-01,8.223844169370472e-01,8.223844169370472e-01
8.517034068136272e+00,8.226060955935109e-01,8.226060955935109e-01,8.226060955935109e-01,8.226060955935109e-01,8.226060955935109e-01,8.226060955935109e-01
8.537074148296593e+00,8.228269618202225e-01,8.228269618202225e-01,8.228269618202225e-01,8.228269618202225e-01,8.228269618202225e-01,8.228269618202225e-01
8.557114228456914e+00,8.230470060573412e-01,8.230470060573412e-01,8.230470060573412e-01,8.230470060573412e-01,8.230470060573412e-01,8.230470060573412e-01
8.577154308617233e+00,8.232662456484031e-01,8.232662456484031e-01,8.232662456484031e-01,8.232662456484031e-01,8.232662456484031e-01,8.232662456484031e-01
8.597194388777554e+00,8.234846809590858e-01,8.234846809590858e-01,8.234846809590858e-01,8.234846809590858e-01,8.234846809590858e-01,8.234846809590858e-01
8.617234468937875e+00,8.237023153327212e-01,8.237023153327212e-01,8.237023153327212e-01,8.237023153327212e-01,8.237023153327212e-01,8.237023153327212e-01
8.637274549098196e+00,8.239191598963370e-01,8.239191598963370e-01,8.239191598963370e-01,8.239191598963370e-01,8.239191598963370e-01,8.239191598963370e-01
8.657314629258517e+00,8.241352095095601e-01,8.241352095095601e-01,8.241352095095601e-01,8.241352095095601e-01,8.241352095095601e-01,8.241352095095601e-01
8.677354709418838e+00,8.243504752576271e-01,8.243504752576271e-01,8.243504752576271e-01,8.243504752576271e-01,8.243504752576271e-01,8.243504752576271e-01
8.697394789579159e+00,8.245649670033671e-01,8.245649670033671e-01,8.245649670033671e-01,8.245649670033671e-01,8.245649670033671e-01,8.245649670033671e-01
8.717434869739479e+00,8.247786753645548e-01,8.247786753645548e-01,8.247786753645548e-01,8.247786753645548e-01,8.247786753645548e-01,8.247786753645548e-01
8.737474949899799e+00,8.249916179981632e-01,8.249916179981632e-01,8.249916179981632e-01,8.249916179981632e-01,8.249916179981632e-01,8.249916179981632e-01
8.757515030060119e+00,8.252037929190900e-01,8.252037929190900e-01,8.252037929190900e-01,8.252037929190900e-01,8.252037929190900e-01,8.252037929190900e-01
8.777555110220440e+00,8.254152012243650e-01,8.254152012243650e-01,8.254152012243650e-01,8.254152012243650e-01,8.254152012243650e-01,8.254152012243650e-01
8.797595190380761e+00,8.256258593694521e-01,8.256258593694521e-01,8.256258593694521e-01,8.256258593694521e-01,8.256258593694521e-01,8.256258593694521e-01
8.817635270541082e+00,8.258357621721865e-01,8.258357621721865e-01,8.258357621721865e-01,8.258357621721865e-01,8.258357621721865e-01,8.258357621721865e-01
8.837675350701403e+00,8.260449139475564e-01,8.260449139475564e-01,8.260449139475564e-01,8.260449139475564e-01,8.260449139475564e-01,8.260449139475564e-01
8.857715430861724e+00,8.262533269823079e-01,8.262533269823079e-01,8.262533269823079e-01,8.262533269823079e-01,8.262533269823079e-01,8.262533269823079e-01
8.877755511022043e+00,8.264609997510458e-01,8.264609997510458e-01,8.264609997510458e-01,8.264609997510458e-01,8.264609997510458e-01,8.264609997510458e-01
8.897795591182364e+00,8.266679360881544e-01,8.266679360881544e-01,8.266679360881544e-01,8.266679360881544e-01,8.266679360881544e-01,8.266679360881544e-01
8.917835671342685e+00,8.268741374145496e-01,8.268741374145496e-01,8.268741374145496e-01,8.268741374145496e-01,8.268741374145496e-01,8.268741374145496e-01
8.937875751503006e+00,8.270796162154884e-01,8.270796162154884e-01,8.270796162154884e-01,8.270796162154884e-01,8.270796162154884e-01,8.270796162154884e-01
8.957915831663327e+00,8.272843734312827e-01,8.272843734312827e-01,8.272843734312827e-01,8.272843734312827e-01,8.272843734312827e-01,8.272843734312827e-01
8.977955911823647e+00,8.274884133455771e-01,8.274884133455771e-01,8.274884133455771e-01,8.274884133455771e-01,8.274884133455771e-01,8.274884133455771e-01
8.997995991983968e+00,8.276917362718091e-01,8.276917362718091e-01,8.276917362718091e-01,8.276917362718091e-01,8.276917362718091e-01,8.276917362718091e-01
9.018036072144287e+00,8.278943492623201e-01,8.278943492623201e-01,8.278943492623201e-01,8.278943492623201e-01,8.278943492623201e-01,8.278943492623201e-01
9.038076152304608e+00,8.280962520559129e-01,8.280962520559129e-01,8.280962520559129e-01,8.280962520559129e-01,8.280962520559129e-01,8.280962520559129e-01
9.058116232464929e+00,8.282974592274260e-01,8.282974592274260e-01,8.282974592274260e-01,8.282974592274260e-01,8.282974592274260e-01,8.282974592274260e-01
9.078156312625250e+00,8.284979679036835e-01,8.284979679036835e-01,8.284979679036835e-01,8.284979679036835e-01,8.284979679036835e-01,8.284979679036835e-01
9.098196392785571e+00,8.286977802265076e-01,8.286977802265076e-01,8.286977802265076e-01,8.286977802265076e-01,8.286977802265076e-01,8.286977802265076e-01
9.118236472945892e+00,8.288969043975106e-01,8.288969043975106e-01,8.288969043975106e-01,8.288969043975106e-01,8.288969043975106e-01,8.288969043975106e-01
9.138276553106213e+00,8.290953424540353e-01,8.290953424540353e-01,8.290953424540353e-01,8.290953424540353e-01,8.290953424540353e-01,8.290953424540353e-01
9.158316633266534e+00,8.292931012917050e-01,8.292931012917050e-01,8.292931012917050e-01,8.292931012917050e-01,8.292931012917050e-01,8.292931012917050e-01
9.178356713426853e+00,8.294901770134475e-01,8.294901770134475e-01,8.294901770134475e-01,8.294901770134475e-01,8.294901770134475e-01,8.294901770134475e-01
9.198396793587174e+00,8.296865825119887e-01,8.296865825119887e-01,8.296865825119887e-01,8.296865825119887e-01,8.296865825119887e-01,8.296865825119887e-01
9.218436873747494e+00,8.298823124171004e-01,8.298823124171004e-01,8.298823124171004e-01,8.298823124171004e-01,8.298823124171004e-01,8.298823124171004e-01
9.238476953907815e+00,8.300773812304867e-01,8.300773812304867e-01,8.300773812304867e-01,8.300773812304867e-01,8.300773812304867e-01,8.300773812304867e-01
9.258517034068136e+00,8.302717805938170e-01,8.302717805938170e-01,8.302717805938170e-01,8.302717805938170e-01,8.302717805938170e-01,8.302717805938170e-01
9.278557114228457e+00,8.304655280073462e-01,8.304655280073462e-01,8.304655280073462e-01,8.304655280073462e-01,8.304655280073462e-01,8.304655280073462e-01
9.298597194388778e+00,8.306586185083155e-01,8.306586185083155e-01,8.306586185083155e-01,8.306586185083155e-01,8.306586185083155e-01,8.306586185083155e-01
9.318637274549097e+00,8.308510541340680e-01,8.308510541340680e-01,8.308510541340680e-01,8.308510541340680e-01,8.308510541340680e-01,8.308510541340680e-01
9.338677354709418e+00,8.310428411011124e-01,8.310428411011124e-01,8.310428411011124e-01,8.310428411011124e-01,8.310428411011124e-01,8.310428411011124e-01
9.358717434869739e+00,8.312339837975717e-01,8.312339837975717e-01,8.312339837975717e-01,8.312339837975717e-01,8.312339837975717e-01,8.312339837975717e-01
9.378757515030060e+00,8.314244867682892e-01,8.314244867682892e-01,8.314244867682892e-01,8.314244867682892e-01,8.314244867682892e-01,8.314244867682892e-01
9.398797595190381e+00,8.316143518103054e-01,8.316143518103054e-01,8.316143518103054e-01,8.316143518103054e-01,8.316143518103054e-01,8.316143518103054e-01
9.418837675350701e+00,8.318035844505663e-01,8.318035844505663e-01,8.318035844505663e-01,8.318035844505663e-01,8.318035844505663e-01,8.318035844505663e-01
9.438877755511022e+00,8.319921836547292e-01,8.319921836547292e-01,8.319921836547292e-01,8.319921836547292e-01,8.319921836547292e-01,8.319921836547292e-01
9.458917835671341e+00,8.321801572378328e-01,8.321801572378328e-01,8.321801572378328e-01,8.321801572378328e-01,8.321801572378328e-01,8.321801572378328e-01
9.478957915831662e+00,8.323675045730029e-01,8.323675045730029e-01,8.323675045730029e-01,8.323675045730029e-01,8.323675045730029e-01,8.323675045730029e-01
9.498997995991983e+00,8.325542343842465e-01,8.325542343842465e-01,8.325542343842465e-01,8.325542343842465e-01,8.325542343842465e-01,8.325542343842465e-01
9.519038076152304e+00,8.327403456790125e-01,8.327403456790125e-01,8.327403456790125e-01,8.327403456790125e-01,8.327403456790125e-01,8.327403456790125e-01
9.539078156312625e+00,8.329258483828180e-01,8.329258483828180e-01,8.329258483828180e-01,8.329258483828180e-01,8.329258483828180e-01,8.329258483828180e-01
9.559118236472946e+00,8.331107372717070e-01,8.331107372717070e-01,8.331107372717070e-01,8.331107372717070e-01,8.331107372717070e-01,8.331107372717070e-01
9.579158316633267e+00,8.332950167338027e-01,8.332950167338027e-01,8.332950167338027e-01,8.332950167338027e-01,8.332950167338027e-01,8.332950167338027e-01
9.599198396793588e+00,8.334786953781859e-01,8.334786953781859e-01,8.334786953781859e-01,8.334786953781859e-01,8.334786953781859e-01,8.334786953781859e-01
9.619238476953907e+00,8.336617745944290e-01,8.336617745944290e-01,8.336617745944290e-01,8.336617745944290e-01,8.336617745944290e-01,8.336617745944290e-01
9.639278557114228e+00,8.338442538287930e-01,8.338442538287930e-01,8.338442538287930e-01,8.338442538287930e-01,8.338442538287930e-01,8.338442538287930e-01
9.659318637274549e+00,8.340261436441178e-01,8.340261436441178e-01,8.340261436441178e-01,8.340261436441178e-01,8.340261436441178e-01,8.340261436441178e-01
9.679358717434869e+00,8.342074401224364e-01,8.342074401224364e-01,8.342074401224364e-01,8.342074401224364e-01,8.342074401224364e-01,8.342074401224364e-01
9.699398797595190e+00,8.343881495847363e-01,8.343881495847363e-01,8.343881495847363e-01,8.343881495847363e-01,8.343881495847363e-01,8.343881495847363e-01
9.719438877755511e+00,8.345682721354964e-01,8.345682721354964e-01,8.345682721354964e-01,8.345682721354964e-01,8.345682721354964e-01,8.345682721354964e-01
9.739478957915832e+00,8.347478149837771e-01,8.347478149837771e-01,8.347478149837771e-01,8.347478149837771e-01,8.347478149837771e-01,8.347478149837771e-01
9.759519038076151e+00,8.349267813788795e-01,8.349267813788795e-01,8.349267813788795e-01,8.349267813788795e-01,8.349267813788795e-01,8.349267813788795e-01
9.779559118236472e+00,8.351051710805019e-01,8.351051710805019e-01,8.351051710805019e-01,8.351051710805019e-01,8.351051710805019e-01,8.351051710805019e-01
9.799599198396793e+00,8.352829909111315e-01,8.352829909111315e-01,8.352829909111315e-01,8.352829909111315e-01,8.352829909111315e-01,8.352829909111315e-01
9.819639278557114e+00,8.354602405468828e-01,8.354602405468828e-01,8.354602405468828e-01,8.354602405468828e-01,8.354602405468828e-01,8.354602405468828e-01
9.839679358717435e+00,8.356369252117130e-01,8.356369252117130e-01,8.356369252117130e-01,8.356369252117130e-01,8.356369252117130e-01,8.356369252117130e-01
9.859719438877756e+00,8.358130446966636e-01,8.358130446966636e-01,8.358130446966636e-01,8.358130446966636e-01,8.358130446966636e-01,8.358130446966636e-01
9.879759519038076e+00,8.359886048525660e-01,8.359886048525660e-01,8.359886048525660e-01,8.359886048525660e-01,8.359886048525660e-01,8.359886048525660e-01
9.899799599198396e+00,8.361636058361394e-01,8.361636058361394e-01,8.361636058361394e-01,8.361636058361394e-01,8.361636058361394e-01,8.361636058361394e-01
9.919839679358716e+00,8.363380562146719e-01,8.363380562146719e-01,8.363380562146719e-01,8.363380562146719e-01,8.363380562146719e-01,8.363380562146719e-01
9.939879759519037e+00,8.365119520701967e-01,8.365119520701967e-01,8.365119520701967e-01,8.365119520701967e-01,8.365119520701967e-01,8.365119520701967e-01
9.959919839679358e+00,8.366853043207835e-01,8.366853043207835e-01,8.366853043207835e-01,8.366853043207835e-01,8.366853043207835e-01,8.366853043207835e-01
9.979959919839679e+00,8.368581099887766e-01,8.368581099887766e-01,8.368581099887766e-01,8.368581099887766e-01,8.368581099887766e-01,8.368581099887766e-01
1.000000000000000e+01,8.370303694398531e-01,8.370303694398531e-01,8.370303694398531e-01,8.370303694398531e-01,8.370303694398531e-01,8.370303694398531e-01
