,Domain_1
0.000000000000000e+00,0.000000000000000e+00
2.000400080016003e-03,0.000000000000000e+00
4.000800160032006e-03,0.000000000000000e+00
6.001200240048009e-03,0.000000000000000e+00
8.001600320064013e-03,0.000000000000000e+00
1.000200040008002e-02,0.000000000000000e+00
1.200240048009602e-02,0.000000000000000e+00
1.400280056011202e-02,0.000000000000000e+00
1.600320064012803e-02,0.000000000000000e+00
1.800360072014403e-02,0.000000000000000e+00
2.000400080016003e-02,0.000000000000000e+00
2.200440088017604e-02,0.000000000000000e+00
2.400480096019204e-02,0.000000000000000e+00
2.600520104020804e-02,0.000000000000000e+00
2.800560112022404e-02,0.000000000000000e+00
3.000600120024005e-02,0.000000000000000e+00
3.200640128025605e-02,0.000000000000000e+00
3.400680136027205e-02,0.000000000000000e+00
3.600720144028806e-02,0.000000000000000e+00
3.800760152030406e-02,0.000000000000000e+00
4.000800160032007e-02,0.000000000000000e+00
4.200840168033607e-02,0.000000000000000e+00
4.400880176035207e-02,0.000000000000000e+00
4.600920184036807e-02,0.000000000000000e+00
4.800960192038407e-02,0.000000000000000e+00
5.001000200040008e-02,0.000000000000000e+00
5.201040208041608e-02,0.000000000000000e+00
5.401080216043209e-02,0.000000000000000e+00
5.601120224044809e-02,0.000000000000000e+00
5.801160232046410e-02,0.000000000000000e+00
6.001200240048010e-02,0.000000000000000e+00
6.201240248049610e-02,0.000000000000000e+00
6.401280256051210e-02,0.000000000000000e+00
6.601320264052811e-02,0.000000000000000e+00
6.801360272054410e-02,0.000000000000000e+00
7.001400280056011e-02,0.000000000000000e+00
7.201440288057612e-02,0.000000000000000e+00
7.401480296059212e-02,0.000000000000000e+00
7.601520304060812e-02,0.000000000000000e+00
7.801560312062412e-02,0.000000000000000e+00
8.001600320064013e-02,0.000000000000000e+00
8.201640328065612e-02,0.000000000000000e+00
8.401680336067213e-02,0.000000000000000e+00
8.601720344068814e-02,0.000000000000000e+00
8.801760352070415e-02,0.000000000000000e+00
9.001800360072014e-02,0.000000000000000e+00
9.201840368073615e-02,0.000000000000000e+00
9.401880376075215e-02,0.000000000000000e+00
9.601920384076815e-02,0.000000000000000e+00
9.801960392078415e-02,0.000000000000000e+00
1.000200040008002e-01,0.000000000000000e+00
1.020204040808162e-01,0.000000000000000e+00
1.040208041608322e-01,0.000000000000000e+00
1.060212042408482e-01,0.000000000000000e+00
1.080216043208642e-01,0.000000000000000e+00
1.100220044008802e-01,0.000000000000000e+00
1.120224044808962e-01,0.000000000000000e+00
1.140228045609122e-01,0.000000000000000e+00
1.160232046409282e-01,0.000000000000000e+00
1.180236047209442e-01,0.000000000000000e+00
1.200240048009602e-01,0.000000000000000e+00
1.220244048809762e-01,0.000000000000000e+00
1.240248049609922e-01,0.000000000000000e+00
1.260252050410082e-01,0.000000000000000e+00
1.280256051210242e-01,0.000000000000000e+00
1.300260052010402e-01,0.000000000000000e+00
1.320264052810562e-01,0.000000000000000e+00
1.340268053610722e-01,0.000000000000000e+00
1.360272054410882e-01,0.000000000000000e+00
1.380276055211042e-01,0.000000000000000e+00
1.400280056011202e-01,0.000000000000000e+00
1.420284056811362e-01,0.000000000000000e+00
1.440288057611522e-01,0.000000000000000e+00
1.460292058411682e-01,0.000000000000000e+00
1.480296059211842e-01,0.000000000000000e+00
1.500300060012002e-01,0.000000000000000e+00
1.520304060812162e-01,0.000000000000000e+00
1.540308061612322e-01,0.000000000000000e+00
1.560312062412482e-01,0.000000000000000e+00
1.580316063212643e-01,0.000000000000000e+00
1.600320064012803e-01,0.000000000000000e+00
1.620324064812963e-01,0.000000000000000e+00
1.640328065613122e-01,0.000000000000000e+00
1.660332066413283e-01,0.000000000000000e+00
1.680336067213443e-01,0.000000000000000e+00
1.700340068013603e-01,0.000000000000000e+00
1.720344068813763e-01,0.000000000000000e+00
1.740348069613923e-01,0.000000000000000e+00
1.760352070414083e-01,0.000000000000000e+00
1.780356071214243e-01,0.000000000000000e+00
1.800360072014403e-01,0.000000000000000e+00
1.820364072814563e-01,0.000000000000000e+00
1.840368073614723e-01,0.000000000000000e+00
1.860372074414883e-01,0.000000000000000e+00
1.880376075215043e-01,0.000000000000000e+00
1.900380076015203e-01,0.000000000000000e+00
1.920384076815363e-01,0.000000000000000e+00
1.940388077615523e-01,0.000000000000000e+00
1.960392078415683e-01,0.000000000000000e+00
1.980396079215843e-01,0.000000000000000e+00
2.000400080016003e-01,0.000000000000000e+00
2.020404080816163e-01,0.000000000000000e+00
2.040408081616323e-01,0.000000000000000e+00
2.060412082416483e-01,0.000000000000000e+00
2.080416083216643e-01,0.000000000000000e+00
2.100420084016803e-01,0.000000000000000e+00
2.120424084816963e-01,0.000000000000000e+00
2.140428085617123e-01,0.000000000000000e+00
2.160432086417284e-01,0.000000000000000e+00
2.180436087217444e-01,0.000000000000000e+00
2.200440088017604e-01,0.000000000000000e+00
2.220444088817763e-01,0.000000000000000e+00
2.240448089617924e-01,0.000000000000000e+00
2.260452090418084e-01,0.000000000000000e+00
2.280456091218244e-01,0.000000000000000e+00
2.300460092018404e-01,0.000000000000000e+00
2.320464092818564e-01,0.000000000000000e+00
2.340468093618724e-01,0.000000000000000e+00
2.360472094418884e-01,0.000000000000000e+00
2.380476095219044e-01,0.000000000000000e+00
2.400480096019204e-01,0.000000000000000e+00
2.420484096819364e-01,0.000000000000000e+00
2.440488097619524e-01,0.000000000000000e+00
2.460492098419684e-01,0.000000000000000e+00
2.480496099219844e-01,0.000000000000000e+00
2.500500100020004e-01,0.000000000000000e+00
2.520504100820164e-01,0.000000000000000e+00
2.540508101620324e-01,0.000000000000000e+00
2.560512102420484e-01,0.000000000000000e+00
2.580516103220644e-01,0.000000000000000e+00
2.600520104020804e-01,0.000000000000000e+00
2.620524104820964e-01,0.000000000000000e+00
2.640528105621124e-01,0.000000000000000e+00
2.660532106421284e-01,0.000000000000000e+00
2.680536107221445e-01,0.000000000000000e+00
2.700540108021605e-01,0.000000000000000e+00
2.720544108821764e-01,0.000000000000000e+00
2.740548109621924e-01,0.000000000000000e+00
2.760552110422084e-01,0.000000000000000e+00
2.780556111222244e-01,0.000000000000000e+00
2.800560112022404e-01,0.000000000000000e+00
2.820564112822564e-01,0.000000000000000e+00
2.840568113622725e-01,0.000000000000000e+00
2.860572114422885e-01,0.000000000000000e+00
2.880576115223045e-01,0.000000000000000e+00
2.900580116023205e-01,0.000000000000000e+00
2.920584116823365e-01,0.000000000000000e+00
2.940588117623525e-01,0.000000000000000e+00
2.960592118423685e-01,0.000000000000000e+00
2.980596119223845e-01,0.000000000000000e+00
3.000600120024005e-01,0.000000000000000e+00
3.020604120824165e-01,0.000000000000000e+00
3.040608121624325e-01,0.000000000000000e+00
3.060612122424485e-01,0.000000000000000e+00
3.080616123224645e-01,0.000000000000000e+00
3.100620124024805e-01,0.000000000000000e+00
3.120624124824965e-01,0.000000000000000e+00
3.140628125625125e-01,0.000000000000000e+00
3.160632126425285e-01,0.000000000000000e+00
3.180636127225445e-01,0.000000000000000e+00
3.200640128025605e-01,0.000000000000000e+00
3.220644128825765e-01,0.000000000000000e+00
3.240648129625925e-01,0.000000000000000e+00
3.260652130426085e-01,0.000000000000000e+00
3.280656131226245e-01,0.000000000000000e+00
3.300660132026405e-01,0.000000000000000e+00
3.320664132826565e-01,0.000000000000000e+00
3.340668133626725e-01,0.000000000000000e+00
3.360672134426885e-01,0.000000000000000e+00
3.380676135227045e-01,0.000000000000000e+00
3.400680136027205e-01,0.000000000000000e+00
3.420684136827365e-01,0.000000000000000e+00
3.440688137627526e-01,0.000000000000000e+00
3.460692138427686e-01,0.000000000000000e+00
3.480696139227846e-01,0.000000000000000e+00
3.500700140028006e-01,0.000000000000000e+00
3.520704140828166e-01,0.000000000000000e+00
3.540708141628326e-01,0.000000000000000e+00
3.560712142428485e-01,0.000000000000000e+00
3.580716143228646e-01,0.000000000000000e+00
3.600720144028806e-01,0.000000000000000e+00
3.620724144828966e-01,0.000000000000000e+00
3.640728145629126e-01,0.000000000000000e+00
3.660732146429286e-01,0.000000000000000e+00
3.680736147229446e-01,0.000000000000000e+00
3.700740148029606e-01,0.000000000000000e+00
3.720744148829766e-01,0.000000000000000e+00
3.740748149629926e-01,0.000000000000000e+00
3.760752150430086e-01,0.000000000000000e+00
3.780756151230246e-01,0.000000000000000e+00
3.800760152030406e-01,0.000000000000000e+00
3.820764152830566e-01,0.000000000000000e+00
3.840768153630726e-01,0.000000000000000e+00
3.860772154430886e-01,0.000000000000000e+00
3.880776155231046e-01,0.000000000000000e+00
3.900780156031206e-01,0.000000000000000e+00
3.920784156831366e-01,0.000000000000000e+00
3.940788157631526e-01,0.000000000000000e+00
3.960792158431686e-01,0.000000000000000e+00
3.980796159231846e-01,0.000000000000000e+00
4.000800160032006e-01,0.000000000000000e+00
4.020804160832167e-01,0.000000000000000e+00
4.040808161632327e-01,0.000000000000000e+00
4.060812162432487e-01,0.000000000000000e+00
4.080816163232647e-01,0.000000000000000e+00
4.100820164032807e-01,0.000000000000000e+00
4.120824164832967e-01,0.000000000000000e+00
4.140828165633126e-01,0.000000000000000e+00
4.160832166433286e-01,0.000000000000000e+00
4.180836167233447e-01,0.000000000000000e+00
4.200840168033607e-01,0.000000000000000e+00
4.220844168833767e-01,0.000000000000000e+00
4.240848169633927e-01,0.000000000000000e+00
4.260852170434087e-01,0.000000000000000e+00
4.280856171234247e-01,0.000000000000000e+00
4.300860172034407e-01,0.000000000000000e+00
4.320864172834567e-01,0.000000000000000e+00
4.340868173634727e-01,0.000000000000000e+00
4.360872174434887e-01,0.000000000000000e+00
4.380876175235047e-01,0.000000000000000e+00
4.400880176035207e-01,0.000000000000000e+00
4.420884176835367e-01,0.000000000000000e+00
4.440888177635527e-01,0.000000000000000e+00
4.460892178435687e-01,0.000000000000000e+00
4.480896179235847e-01,0.000000000000000e+00
4.500900180036007e-01,0.000000000000000e+00
4.520904180836167e-01,0.000000000000000e+00
4.540908181636327e-01,0.000000000000000e+00
4.560912182436487e-01,0.000000000000000e+00
4.580916183236647e-01,0.000000000000000e+00
4.600920184036807e-01,0.000000000000000e+00
4.620924184836968e-01,0.000000000000000e+00
4.640928185637128e-01,0.000000000000000e+00
4.660932186437288e-01,0.000000000000000e+00
4.680936187237448e-01,0.000000000000000e+00
4.700940188037607e-01,0.000000000000000e+00
4.720944188837767e-01,0.000000000000000e+00
4.740948189637927e-01,0.000000000000000e+00
4.760952190438087e-01,0.000000000000000e+00
4.780956191238248e-01,0.000000000000000e+00
4.800960192038408e-01,0.000000000000000e+00
4.820964192838568e-01,0.000000000000000e+00
4.840968193638728e-01,0.000000000000000e+00
4.860972194438888e-01,0.000000000000000e+00
4.880976195239048e-01,0.000000000000000e+00
4.900980196039208e-01,0.000000000000000e+00
4.920984196839368e-01,0.000000000000000e+00
4.940988197639528e-01,0.000000000000000e+00
4.960992198439688e-01,0.000000000000000e+00
4.980996199239848e-01,0.000000000000000e+00
5.001000200040008e-01,0.000000000000000e+00
5.021004200840168e-01,0.000000000000000e+00
5.041008201640328e-01,0.000000000000000e+00
5.061012202440488e-01,0.000000000000000e+00
5.081016203240648e-01,0.000000000000000e+00
5.101020204040808e-01,0.000000000000000e+00
5.121024204840968e-01,0.000000000000000e+00
5.141028205641128e-01,0.000000000000000e+00
5.161032206441288e-01,0.000000000000000e+00
5.181036207241448e-01,0.000000000000000e+00
5.201040208041608e-01,0.000000000000000e+00
5.221044208841769e-01,0.000000000000000e+00
5.241048209641929e-01,0.000000000000000e+00
5.261052210442089e-01,0.000000000000000e+00
5.281056211242249e-01,0.000000000000000e+00
5.301060212042409e-01,0.000000000000000e+00
5.321064212842569e-01,0.000000000000000e+00
5.341068213642729e-01,0.000000000000000e+00
5.361072214442889e-01,0.000000000000000e+00
5.381076215243049e-01,0.000000000000000e+00
5.401080216043209e-01,0.000000000000000e+00
5.421084216843368e-01,0.000000000000000e+00
5.441088217643528e-01,0.000000000000000e+00
5.461092218443688e-01,0.000000000000000e+00
5.481096219243848e-01,0.000000000000000e+00
5.501100220044008e-01,0.000000000000000e+00
5.521104220844169e-01,0.000000000000000e+00
5.541108221644329e-01,0.000000000000000e+00
5.561112222444489e-01,0.000000000000000e+00
5.581116223244649e-01,0.000000000000000e+00
5.601120224044809e-01,0.000000000000000e+00
5.621124224844969e-01,0.000000000000000e+00
5.641128225645129e-01,0.000000000000000e+00
5.661132226445289e-01,0.000000000000000e+00
5.681136227245449e-01,0.000000000000000e+00
5.701140228045609e-01,0.000000000000000e+00
5.721144228845769e-01,0.000000000000000e+00
5.741148229645929e-01,0.000000000000000e+00
5.761152230446089e-01,0.000000000000000e+00
5.781156231246249e-01,0.000000000000000e+00
5.801160232046410e-01,0.000000000000000e+00
5.821164232846570e-01,0.000000000000000e+00
5.841168233646730e-01,0.000000000000000e+00
5.861172234446890e-01,0.000000000000000e+00
5.881176235247050e-01,0.000000000000000e+00
5.901180236047210e-01,0.000000000000000e+00
5.921184236847370e-01,0.000000000000000e+00
5.941188237647530e-01,0.000000000000000e+00
5.961192238447690e-01,0.000000000000000e+00
5.981196239247849e-01,0.000000000000000e+00
6.001200240048009e-01,0.000000000000000e+00
6.021204240848169e-01,0.000000000000000e+00
6.041208241648329e-01,0.000000000000000e+00
6.061212242448489e-01,0.000000000000000e+00
6.081216243248649e-01,0.000000000000000e+00
6.101220244048809e-01,0.000000000000000e+00
6.121224244848970e-01,0.000000000000000e+00
6.141228245649130e-01,0.000000000000000e+00
6.161232246449290e-01,0.000000000000000e+00
6.181236247249450e-01,0.000000000000000e+00
6.201240248049610e-01,0.000000000000000e+00
6.221244248849770e-01,0.000000000000000e+00
6.241248249649930e-01,0.000000000000000e+00
6.261252250450090e-01,0.000000000000000e+00
6.281256251250250e-01,0.000000000000000e+00
6.301260252050410e-01,0.000000000000000e+00
6.321264252850570e-01,0.000000000000000e+00
6.341268253650730e-01,0.000000000000000e+00
6.361272254450890e-01,0.000000000000000e+00
6.381276255251050e-01,0.000000000000000e+00
6.401280256051211e-01,0.000000000000000e+00
6.421284256851371e-01,0.000000000000000e+00
6.441288257651531e-01,0.000000000000000e+00
6.461292258451691e-01,0.000000000000000e+00
6.481296259251851e-01,0.000000000000000e+00
6.501300260052011e-01,0.000000000000000e+00
6.521304260852171e-01,0.000000000000000e+00
6.541308261652331e-01,0.000000000000000e+00
6.561312262452490e-01,0.000000000000000e+00
6.581316263252650e-01,0.000000000000000e+00
6.601320264052810e-01,0.000000000000000e+00
6.621324264852970e-01,0.000000000000000e+00
6.641328265653130e-01,0.000000000000000e+00
6.661332266453290e-01,0.000000000000000e+00
6.681336267253450e-01,0.000000000000000e+00
6.701340268053610e-01,0.000000000000000e+00
6.721344268853771e-01,0.000000000000000e+00
6.741348269653931e-01,0.000000000000000e+00
6.761352270454091e-01,0.000000000000000e+00
6.781356271254251e-01,0.000000000000000e+00
6.801360272054411e-01,0.000000000000000e+00
6.821364272854571e-01,0.000000000000000e+00
6.841368273654731e-01,0.000000000000000e+00
6.861372274454891e-01,0.000000000000000e+00
6.881376275255051e-01,0.000000000000000e+00
6.901380276055211e-01,0.000000000000000e+00
6.921384276855371e-01,0.000000000000000e+00
6.941388277655531e-01,0.000000000000000e+00
6.961392278455691e-01,0.000000000000000e+00
6.981396279255851e-01,0.000000000000000e+00
7.001400280056012e-01,0.000000000000000e+00
7.021404280856172e-01,0.000000000000000e+00
7.041408281656332e-01,0.000000000000000e+00
7.061412282456492e-01,0.000000000000000e+00
7.081416283256652e-01,0.000000000000000e+00
7.101420284056812e-01,0.000000000000000e+00
7.121424284856971e-01,0.000000000000000e+00
7.141428285657131e-01,0.000000000000000e+00
7.161432286457291e-01,0.000000000000000e+00
7.181436287257451e-01,0.000000000000000e+00
7.201440288057611e-01,0.000000000000000e+00
7.221444288857771e-01,0.000000000000000e+00
7.241448289657931e-01,0.000000000000000e+00
7.261452290458091e-01,0.000000000000000e+00
7.281456291258251e-01,0.000000000000000e+00
7.301460292058412e-01,0.000000000000000e+00
7.321464292858572e-01,0.000000000000000e+00
7.341468293658732e-01,0.000000000000000e+00
7.361472294458892e-01,0.000000000000000e+00
7.381476295259052e-01,0.000000000000000e+00
7.401480296059212e-01,0.000000000000000e+00
7.421484296859372e-01,0.000000000000000e+00
7.441488297659532e-01,0.000000000000000e+00
7.461492298459692e-01,0.000000000000000e+00
7.481496299259852e-01,0.000000000000000e+00
7.501500300060012e-01,0.000000000000000e+00
7.521504300860172e-01,0.000000000000000e+00
7.541508301660332e-01,0.000000000000000e+00
7.561512302460492e-01,0.000000000000000e+00
7.581516303260653e-01,0.000000000000000e+00
7.601520304060813e-01,0.000000000000000e+00
7.621524304860973e-01,0.000000000000000e+00
7.641528305661133e-01,0.000000000000000e+00
7.661532306461293e-01,0.000000000000000e+00
7.681536307261452e-01,0.000000000000000e+00
7.701540308061612e-01,0.000000000000000e+00
7.721544308861772e-01,0.000000000000000e+00
7.741548309661932e-01,0.000000000000000e+00
7.761552310462092e-01,0.000000000000000e+00
7.781556311262252e-01,0.000000000000000e+00
7.801560312062412e-01,0.000000000000000e+00
7.821564312862572e-01,0.000000000000000e+00
7.841568313662732e-01,0.000000000000000e+00
7.861572314462892e-01,0.000000000000000e+00
7.881576315263052e-01,0.000000000000000e+00
7.901580316063213e-01,0.000000000000000e+00
7.921584316863373e-01,0.000000000000000e+00
7.941588317663533e-01,0.000000000000000e+00
7.961592318463693e-01,0.000000000000000e+00
7.981596319263853e-01,0.000000000000000e+00
8.001600320064013e-01,0.000000000000000e+00
8.021604320864173e-01,0.000000000000000e+00
8.041608321664333e-01,0.000000000000000e+00
8.061612322464493e-01,0.000000000000000e+00
8.081616323264653e-01,0.000000000000000e+00
8.101620324064813e-01,0.000000000000000e+00
8.121624324864973e-01,0.000000000000000e+00
8.141628325665133e-01,0.000000000000000e+00
8.161632326465293e-01,0.000000000000000e+00
8.181636327265454e-01,0.000000000000000e+00
8.201640328065614e-01,0.000000000000000e+00
8.221644328865774e-01,0.000000000000000e+00
8.241648329665934e-01,0.000000000000000e+00
8.261652330466093e-01,0.000000000000000e+00
8.281656331266253e-01,0.000000000000000e+00
8.301660332066413e-01,0.000000000000000e+00
8.321664332866573e-01,0.000000000000000e+00
8.341668333666733e-01,0.000000000000000e+00
8.361672334466893e-01,0.000000000000000e+00
8.381676335267053e-01,0.000000000000000e+00
8.401680336067213e-01,0.000000000000000e+00
8.421684336867373e-01,0.000000000000000e+00
8.441688337667533e-01,0.000000000000000e+00
8.461692338467693e-01,0.000000000000000e+00
8.481696339267853e-01,0.000000000000000e+00
8.501700340068014e-01,0.000000000000000e+00
8.521704340868174e-01,0.000000000000000e+00
8.541708341668334e-01,0.000000000000000e+00
8.561712342468494e-01,0.000000000000000e+00
8.581716343268654e-01,0.000000000000000e+00
8.601720344068814e-01,0.000000000000000e+00
8.621724344868974e-01,0.000000000000000e+00
8.641728345669134e-01,0.000000000000000e+00
8.661732346469294e-01,0.000000000000000e+00
8.681736347269454e-01,0.000000000000000e+00
8.701740348069614e-01,0.000000000000000e+00
8.721744348869774e-01,0.000000000000000e+00
8.741748349669934e-01,0.000000000000000e+00
8.761752350470094e-01,0.000000000000000e+00
8.781756351270255e-01,0.000000000000000e+00
8.801760352070415e-01,0.000000000000000e+00
8.821764352870574e-01,0.000000000000000e+00
8.841768353670734e-01,0.000000000000000e+00
8.861772354470894e-01,0.000000000000000e+00
8.881776355271054e-01,0.000000000000000e+00
8.901780356071214e-01,0.000000000000000e+00
8.921784356871374e-01,0.000000000000000e+00
8.941788357671534e-01,0.000000000000000e+00
8.961792358471694e-01,0.000000000000000e+00
8.981796359271854e-01,0.000000000000000e+00
9.001800360072014e-01,0.000000000000000e+00
9.021804360872174e-01,0.000000000000000e+00
9.041808361672334e-01,0.000000000000000e+00
9.061812362472494e-01,0.000000000000000e+00
9.081816363272655e-01,0.000000000000000e+00
9.101820364072815e-01,0.000000000000000e+00
9.121824364872975e-01,0.000000000000000e+00
9.141828365673135e-01,0.000000000000000e+00
9.161832366473295e-01,0.000000000000000e+00
9.181836367273455e-01,0.000000000000000e+00
9.201840368073615e-01,0.000000000000000e+00
9.221844368873775e-01,0.000000000000000e+00
9.241848369673935e-01,0.000000000000000e+00
9.261852370474095e-01,0.000000000000000e+00
9.281856371274255e-01,0.000000000000000e+00
9.301860372074415e-01,0.000000000000000e+00
9.321864372874575e-01,0.000000000000000e+00
9.341868373674735e-01,0.000000000000000e+00
9.361872374474896e-01,0.000000000000000e+00
9.381876375275056e-01,0.000000000000000e+00
9.401880376075215e-01,0.000000000000000e+00
9.421884376875375e-01,0.000000000000000e+00
9.441888377675535e-01,0.000000000000000e+00
9.461892378475695e-01,0.000000000000000e+00
9.481896379275855e-01,0.000000000000000e+00
9.501900380076015e-01,0.000000000000000e+00
9.521904380876175e-01,0.000000000000000e+00
9.541908381676335e-01,0.000000000000000e+00
9.561912382476495e-01,0.000000000000000e+00
9.581916383276655e-01,0.000000000000000e+00
9.601920384076815e-01,0.000000000000000e+00
9.621924384876975e-01,0.000000000000000e+00
9.641928385677135e-01,0.000000000000000e+00
9.661932386477295e-01,0.000000000000000e+00
9.681936387277456e-01,0.000000000000000e+00
9.701940388077616e-01,0.000000000000000e+00
9.721944388877776e-01,0.000000000000000e+00
9.741948389677936e-01,0.000000000000000e+00
9.761952390478096e-01,0.000000000000000e+00
9.781956391278256e-01,0.000000000000000e+00
9.801960392078416e-01,0.000000000000000e+00
9.821964392878576e-01,0.000000000000000e+00
9.841968393678736e-01,0.000000000000000e+00
9.861972394478896e-01,0.000000000000000e+00
9.881976395279056e-01,0.000000000000000e+00
9.901980396079216e-01,0.000000000000000e+00
9.921984396879376e-01,0.000000000000000e+00
9.941988397679536e-01,0.000000000000000e+00
9.961992398479695e-01,0.000000000000000e+00
9.981996399279855e-01,0.000000000000000e+00
1.000200040008002e+00,0.000000000000000e+00
1.002200440088018e+00,0.000000000000000e+00
1.004200840168034e+00,0.000000000000000e+00
1.006201240248050e+00,0.000000000000000e+00
1.008201640328066e+00,0.000000000000000e+00
1.010202040408082e+00,0.000000000000000e+00
1.012202440488098e+00,0.000000000000000e+00
1.014202840568114e+00,0.000000000000000e+00
1.016203240648130e+00,0.000000000000000e+00
1.018203640728146e+00,0.000000000000000e+00
1.020204040808162e+00,0.000000000000000e+00
1.022204440888178e+00,0.000000000000000e+00
1.024204840968194e+00,0.000000000000000e+00
1.026205241048210e+00,0.000000000000000e+00
1.028205641128226e+00,0.000000000000000e+00
1.030206041208242e+00,0.000000000000000e+00
1.032206441288258e+00,0.000000000000000e+00
1.034206841368274e+00,0.000000000000000e+00
1.036207241448290e+00,0.000000000000000e+00
1.038207641528306e+00,0.000000000000000e+00
1.040208041608322e+00,0.000000000000000e+00
1.042208441688338e+00,0.000000000000000e+00
1.044208841768354e+00,0.000000000000000e+00
1.046209241848370e+00,0.000000000000000e+00
1.048209641928386e+00,0.000000000000000e+00
1.050210042008402e+00,0.000000000000000e+00
1.052210442088418e+00,0.000000000000000e+00
1.054210842168434e+00,0.000000000000000e+00
1.056211242248450e+00,0.000000000000000e+00
1.058211642328466e+00,0.000000000000000e+00
1.060212042408482e+00,0.000000000000000e+00
1.062212442488498e+00,0.000000000000000e+00
1.064212842568514e+00,0.000000000000000e+00
1.066213242648530e+00,0.000000000000000e+00
1.068213642728546e+00,0.000000000000000e+00
1.070214042808562e+00,0.000000000000000e+00
1.072214442888578e+00,0.000000000000000e+00
1.074214842968594e+00,0.000000000000000e+00
1.076215243048610e+00,0.000000000000000e+00
1.078215643128626e+00,0.000000000000000e+00
1.080216043208642e+00,0.000000000000000e+00
1.082216443288658e+00,0.000000000000000e+00
1.084216843368674e+00,0.000000000000000e+00
1.086217243448690e+00,0.000000000000000e+00
1.088217643528706e+00,0.000000000000000e+00
1.090218043608722e+00,0.000000000000000e+00
1.092218443688738e+00,0.000000000000000e+00
1.094218843768754e+00,0.000000000000000e+00
1.096219243848770e+00,0.000000000000000e+00
1.098219643928786e+00,0.000000000000000e+00
1.100220044008802e+00,0.000000000000000e+00
1.102220444088818e+00,0.000000000000000e+00
1.104220844168834e+00,0.000000000000000e+00
1.106221244248850e+00,0.000000000000000e+00
1.108221644328866e+00,0.000000000000000e+00
1.110222044408882e+00,0.000000000000000e+00
1.112222444488898e+00,0.000000000000000e+00
1.114222844568914e+00,0.000000000000000e+00
1.116223244648930e+00,0.000000000000000e+00
1.118223644728946e+00,0.000000000000000e+00
1.120224044808962e+00,0.000000000000000e+00
1.122224444888978e+00,0.000000000000000e+00
1.124224844968994e+00,0.000000000000000e+00
1.126225245049010e+00,0.000000000000000e+00
1.128225645129026e+00,0.000000000000000e+00
1.130226045209042e+00,0.000000000000000e+00
1.132226445289058e+00,0.000000000000000e+00
1.134226845369074e+00,0.000000000000000e+00
1.136227245449090e+00,0.000000000000000e+00
1.138227645529106e+00,0.000000000000000e+00
1.140228045609122e+00,0.000000000000000e+00
1.142228445689138e+00,0.000000000000000e+00
1.144228845769154e+00,0.000000000000000e+00
1.146229245849170e+00,0.000000000000000e+00
1.148229645929186e+00,0.000000000000000e+00
1.150230046009202e+00,0.000000000000000e+00
1.152230446089218e+00,0.000000000000000e+00
1.154230846169234e+00,0.000000000000000e+00
1.156231246249250e+00,0.000000000000000e+00
1.158231646329266e+00,0.000000000000000e+00
1.160232046409282e+00,0.000000000000000e+00
1.162232446489298e+00,0.000000000000000e+00
1.164232846569314e+00,0.000000000000000e+00
1.166233246649330e+00,0.000000000000000e+00
1.168233646729346e+00,0.000000000000000e+00
1.170234046809362e+00,0.000000000000000e+00
1.172234446889378e+00,0.000000000000000e+00
1.174234846969394e+00,0.000000000000000e+00
1.176235247049410e+00,0.000000000000000e+00
1.178235647129426e+00,0.000000000000000e+00
1.180236047209442e+00,0.000000000000000e+00
1.182236447289458e+00,0.000000000000000e+00
1.184236847369474e+00,0.000000000000000e+00
1.186237247449490e+00,0.000000000000000e+00
1.188237647529506e+00,0.000000000000000e+00
1.190238047609522e+00,0.000000000000000e+00
1.192238447689538e+00,0.000000000000000e+00
1.194238847769554e+00,0.000000000000000e+00
1.196239247849570e+00,0.000000000000000e+00
1.198239647929586e+00,0.000000000000000e+00
1.200240048009602e+00,0.000000000000000e+00
1.202240448089618e+00,0.000000000000000e+00
1.204240848169634e+00,0.000000000000000e+00
1.206241248249650e+00,0.000000000000000e+00
1.208241648329666e+00,0.000000000000000e+00
1.210242048409682e+00,0.000000000000000e+00
1.212242448489698e+00,0.000000000000000e+00
1.214242848569714e+00,0.000000000000000e+00
1.216243248649730e+00,0.000000000000000e+00
1.218243648729746e+00,0.000000000000000e+00
1.220244048809762e+00,0.000000000000000e+00
1.222244448889778e+00,0.000000000000000e+00
1.224244848969794e+00,0.000000000000000e+00
1.226245249049810e+00,0.000000000000000e+00
1.228245649129826e+00,0.000000000000000e+00
1.230246049209842e+00,0.000000000000000e+00
1.232246449289858e+00,0.000000000000000e+00
1.234246849369874e+00,0.000000000000000e+00
1.236247249449890e+00,0.000000000000000e+00
1.238247649529906e+00,0.000000000000000e+00
1.240248049609922e+00,0.000000000000000e+00
1.242248449689938e+00,0.000000000000000e+00
1.244248849769954e+00,0.000000000000000e+00
1.246249249849970e+00,0.000000000000000e+00
1.248249649929986e+00,0.000000000000000e+00
1.250250050010002e+00,0.000000000000000e+00
1.252250450090018e+00,0.000000000000000e+00
1.254250850170034e+00,0.000000000000000e+00
1.256251250250050e+00,0.000000000000000e+00
1.258251650330066e+00,0.000000000000000e+00
1.260252050410082e+00,0.000000000000000e+00
1.262252450490098e+00,0.000000000000000e+00
1.264252850570114e+00,0.000000000000000e+00
1.266253250650130e+00,0.000000000000000e+00
1.268253650730146e+00,0.000000000000000e+00
1.270254050810162e+00,0.000000000000000e+00
1.272254450890178e+00,0.000000000000000e+00
1.274254850970194e+00,0.000000000000000e+00
1.276255251050210e+00,0.000000000000000e+00
1.278255651130226e+00,0.000000000000000e+00
1.280256051210242e+00,0.000000000000000e+00
1.282256451290258e+00,0.000000000000000e+00
1.284256851370274e+00,0.000000000000000e+00
1.286257251450290e+00,0.000000000000000e+00
1.288257651530306e+00,0.000000000000000e+00
1.290258051610322e+00,0.000000000000000e+00
1.292258451690338e+00,0.000000000000000e+00
1.294258851770354e+00,0.000000000000000e+00
1.296259251850370e+00,0.000000000000000e+00
1.298259651930386e+00,0.000000000000000e+00
1.300260052010402e+00,0.000000000000000e+00
1.302260452090418e+00,0.000000000000000e+00
1.304260852170434e+00,0.000000000000000e+00
1.306261252250450e+00,0.000000000000000e+00
1.308261652330466e+00,0.000000000000000e+00
1.310262052410482e+00,0.000000000000000e+00
1.312262452490498e+00,0.000000000000000e+00
1.314262852570514e+00,0.000000000000000e+00
1.316263252650530e+00,0.000000000000000e+00
1.318263652730546e+00,0.000000000000000e+00
1.320264052810562e+00,0.000000000000000e+00
1.322264452890578e+00,0.000000000000000e+00
1.324264852970594e+00,0.000000000000000e+00
1.326265253050610e+00,0.000000000000000e+00
1.328265653130626e+00,0.000000000000000e+00
1.330266053210642e+00,0.000000000000000e+00
1.332266453290658e+00,0.000000000000000e+00
1.334266853370674e+00,0.000000000000000e+00
1.336267253450690e+00,0.000000000000000e+00
1.338267653530706e+00,0.000000000000000e+00
1.340268053610722e+00,0.000000000000000e+00
1.342268453690738e+00,0.000000000000000e+00
1.344268853770754e+00,0.000000000000000e+00
1.346269253850770e+00,0.000000000000000e+00
1.348269653930786e+00,0.000000000000000e+00
1.350270054010802e+00,0.000000000000000e+00
1.352270454090818e+00,0.000000000000000e+00
1.354270854170834e+00,0.000000000000000e+00
1.356271254250850e+00,0.000000000000000e+00
1.358271654330866e+00,0.000000000000000e+00
1.360272054410882e+00,0.000000000000000e+00
1.362272454490898e+00,0.000000000000000e+00
1.364272854570914e+00,0.000000000000000e+00
1.366273254650930e+00,0.000000000000000e+00
1.368273654730946e+00,0.000000000000000e+00
1.370274054810962e+00,0.000000000000000e+00
1.372274454890978e+00,0.000000000000000e+00
1.374274854970994e+00,0.000000000000000e+00
1.376275255051010e+00,0.000000000000000e+00
1.378275655131026e+00,0.000000000000000e+00
1.380276055211042e+00,0.000000000000000e+00
1.382276455291058e+00,0.000000000000000e+00
1.384276855371074e+00,0.000000000000000e+00
1.386277255451090e+00,0.000000000000000e+00
1.388277655531106e+00,0.000000000000000e+00
1.390278055611122e+00,0.000000000000000e+00
1.392278455691138e+00,0.000000000000000e+00
1.394278855771154e+00,0.000000000000000e+00
1.396279255851170e+00,0.000000000000000e+00
1.398279655931186e+00,0.000000000000000e+00
1.400280056011202e+00,0.000000000000000e+00
1.402280456091218e+00,0.000000000000000e+00
1.404280856171234e+00,0.000000000000000e+00
1.406281256251250e+00,0.000000000000000e+00
1.408281656331266e+00,0.000000000000000e+00
1.410282056411282e+00,0.000000000000000e+00
1.412282456491298e+00,0.000000000000000e+00
1.414282856571314e+00,0.000000000000000e+00
1.416283256651330e+00,0.000000000000000e+00
1.418283656731346e+00,0.000000000000000e+00
1.420284056811362e+00,0.000000000000000e+00
1.422284456891378e+00,0.000000000000000e+00
1.424284856971394e+00,0.000000000000000e+00
1.426285257051410e+00,0.000000000000000e+00
1.428285657131426e+00,0.000000000000000e+00
1.430286057211442e+00,0.000000000000000e+00
1.432286457291458e+00,0.000000000000000e+00
1.434286857371474e+00,0.000000000000000e+00
1.436287257451490e+00,0.000000000000000e+00
1.438287657531506e+00,0.000000000000000e+00
1.440288057611522e+00,0.000000000000000e+00
1.442288457691538e+00,0.000000000000000e+00
1.444288857771554e+00,0.000000000000000e+00
1.446289257851570e+00,0.000000000000000e+00
1.448289657931586e+00,0.000000000000000e+00
1.450290058011602e+00,0.000000000000000e+00
1.452290458091618e+00,0.000000000000000e+00
1.454290858171634e+00,0.000000000000000e+00
1.456291258251650e+00,0.000000000000000e+00
1.458291658331666e+00,0.000000000000000e+00
1.460292058411682e+00,0.000000000000000e+00
1.462292458491698e+00,0.000000000000000e+00
1.464292858571714e+00,0.000000000000000e+00
1.466293258651730e+00,0.000000000000000e+00
1.468293658731746e+00,0.000000000000000e+00
1.470294058811762e+00,0.000000000000000e+00
1.472294458891778e+00,0.000000000000000e+00
1.474294858971794e+00,0.000000000000000e+00
1.476295259051810e+00,0.000000000000000e+00
1.478295659131826e+00,0.000000000000000e+00
1.480296059211842e+00,0.000000000000000e+00
1.482296459291858e+00,0.000000000000000e+00
1.484296859371874e+00,0.000000000000000e+00
1.486297259451890e+00,0.000000000000000e+00
1.488297659531906e+00,0.000000000000000e+00
1.490298059611922e+00,0.000000000000000e+00
1.492298459691938e+00,0.000000000000000e+00
1.494298859771954e+00,0.000000000000000e+00
1.496299259851970e+00,0.000000000000000e+00
1.498299659931986e+00,0.000000000000000e+00
1.500300060012002e+00,0.000000000000000e+00
1.502300460092018e+00,0.000000000000000e+00
1.504300860172034e+00,0.000000000000000e+00
1.506301260252050e+00,0.000000000000000e+00
1.508301660332066e+00,0.000000000000000e+00
1.510302060412082e+00,0.000000000000000e+00
1.512302460492098e+00,0.000000000000000e+00
1.514302860572114e+00,0.000000000000000e+00
1.516303260652131e+00,0.000000000000000e+00
1.518303660732147e+00,0.000000000000000e+00
1.520304060812163e+00,0.000000000000000e+00
1.522304460892179e+00,0.000000000000000e+00
1.524304860972195e+00,0.000000000000000e+00
1.526305261052211e+00,0.000000000000000e+00
1.528305661132227e+00,0.000000000000000e+00
1.530306061212243e+00,0.000000000000000e+00
1.532306461292259e+00,0.000000000000000e+00
1.534306861372275e+00,0.000000000000000e+00
1.536307261452290e+00,0.000000000000000e+00
1.538307661532306e+00,0.000000000000000e+00
1.540308061612322e+00,0.000000000000000e+00
1.542308461692338e+00,0.000000000000000e+00
1.544308861772354e+00,0.000000000000000e+00
1.546309261852370e+00,0.000000000000000e+00
1.548309661932386e+00,0.000000000000000e+00
1.550310062012402e+00,0.000000000000000e+00
1.552310462092418e+00,0.000000000000000e+00
1.554310862172434e+00,0.000000000000000e+00
1.556311262252450e+00,0.000000000000000e+00
1.558311662332466e+00,0.000000000000000e+00
1.560312062412482e+00,0.000000000000000e+00
1.562312462492498e+00,0.000000000000000e+00
1.564312862572514e+00,0.000000000000000e+00
1.566313262652530e+00,0.000000000000000e+00
1.568313662732546e+00,0.000000000000000e+00
1.570314062812562e+00,0.000000000000000e+00
1.572314462892578e+00,0.000000000000000e+00
1.574314862972594e+00,0.000000000000000e+00
1.576315263052610e+00,0.000000000000000e+00
1.578315663132627e+00,0.000000000000000e+00
1.580316063212643e+00,0.000000000000000e+00
1.582316463292659e+00,0.000000000000000e+00
1.584316863372675e+00,0.000000000000000e+00
1.586317263452691e+00,0.000000000000000e+00
1.588317663532707e+00,0.000000000000000e+00
1.590318063612723e+00,0.000000000000000e+00
1.592318463692739e+00,0.000000000000000e+00
1.594318863772755e+00,0.000000000000000e+00
1.596319263852771e+00,0.000000000000000e+00
1.598319663932787e+00,0.000000000000000e+00
1.600320064012803e+00,0.000000000000000e+00
1.602320464092819e+00,0.000000000000000e+00
1.604320864172835e+00,0.000000000000000e+00
1.606321264252851e+00,0.000000000000000e+00
1.608321664332867e+00,0.000000000000000e+00
1.610322064412883e+00,0.000000000000000e+00
1.612322464492899e+00,0.000000000000000e+00
1.614322864572915e+00,0.000000000000000e+00
1.616323264652931e+00,0.000000000000000e+00
1.618323664732947e+00,0.000000000000000e+00
1.620324064812963e+00,0.000000000000000e+00
1.622324464892979e+00,0.000000000000000e+00
1.624324864972995e+00,0.000000000000000e+00
1.626325265053011e+00,0.000000000000000e+00
1.628325665133027e+00,0.000000000000000e+00
1.630326065213043e+00,0.000000000000000e+00
1.632326465293059e+00,0.000000000000000e+00
1.634326865373075e+00,0.000000000000000e+00
1.636327265453091e+00,0.000000000000000e+00
1.638327665533107e+00,0.000000000000000e+00
1.640328065613123e+00,0.000000000000000e+00
1.642328465693139e+00,0.000000000000000e+00
1.644328865773155e+00,0.000000000000000e+00
1.646329265853171e+00,0.000000000000000e+00
1.648329665933187e+00,0.000000000000000e+00
1.650330066013203e+00,0.000000000000000e+00
1.652330466093219e+00,0.000000000000000e+00
1.654330866173235e+00,0.000000000000000e+00
1.656331266253251e+00,0.000000000000000e+00
1.658331666333267e+00,0.000000000000000e+00
1.660332066413283e+00,0.000000000000000e+00
1.662332466493299e+00,0.000000000000000e+00
1.664332866573315e+00,0.000000000000000e+00
1.666333266653331e+00,0.000000000000000e+00
1.668333666733347e+00,0.000000000000000e+00
1.670334066813363e+00,0.000000000000000e+00
1.672334466893379e+00,0.000000000000000e+00
1.674334866973395e+00,0.000000000000000e+00
1.676335267053411e+00,0.000000000000000e+00
1.678335667133427e+00,0.000000000000000e+00
1.680336067213443e+00,0.000000000000000e+00
1.682336467293459e+00,0.000000000000000e+00
1.684336867373475e+00,0.000000000000000e+00
1.686337267453491e+00,0.000000000000000e+00
1.688337667533507e+00,0.000000000000000e+00
1.690338067613523e+00,0.000000000000000e+00
1.692338467693539e+00,0.000000000000000e+00
1.694338867773555e+00,0.000000000000000e+00
1.696339267853571e+00,0.000000000000000e+00
1.698339667933587e+00,0.000000000000000e+00
1.700340068013603e+00,0.000000000000000e+00
1.702340468093619e+00,0.000000000000000e+00
1.704340868173635e+00,0.000000000000000e+00
1.706341268253651e+00,0.000000000000000e+00
1.708341668333667e+00,0.000000000000000e+00
1.710342068413683e+00,0.000000000000000e+00
1.712342468493699e+00,0.000000000000000e+00
1.714342868573715e+00,0.000000000000000e+00
1.716343268653731e+00,0.000000000000000e+00
1.718343668733747e+00,0.000000000000000e+00
1.719343868773755e+00,0.000000000000000e+00
1.719593918783757e+00,0.000000000000000e+00
1.719718943788758e+00,0.000000000000000e+00
1.719734571914383e+00,0.000000000000000e+00
1.719742385977195e+00,0.000000000000000e+00
1.719746293008602e+00,0.000000000000000e+00
1.719748246524305e+00,0.000000000000000e+00
1.719750200040008e+00,1.000000000000000e+00
1.719781456291258e+00,1.000000000000000e+00
1.719843968793759e+00,1.000000000000000e+00
1.720344068813763e+00,1.000000000000000e+00
1.722344468893779e+00,1.000000000000000e+00
1.724344868973795e+00,1.000000000000000e+00
1.726345269053811e+00,1.000000000000000e+00
1.728345669133827e+00,1.000000000000000e+00
1.730346069213843e+00,1.000000000000000e+00
1.732346469293859e+00,1.000000000000000e+00
1.734346869373875e+00,1.000000000000000e+00
1.736347269453891e+00,1.000000000000000e+00
1.738347669533907e+00,1.000000000000000e+00
1.740348069613923e+00,1.000000000000000e+00
1.742348469693939e+00,1.000000000000000e+00
1.744348869773955e+00,1.000000000000000e+00
1.746349269853971e+00,1.000000000000000e+00
1.748349669933987e+00,1.000000000000000e+00
1.750350070014003e+00,1.000000000000000e+00
1.752350470094019e+00,1.000000000000000e+00
1.754350870174035e+00,1.000000000000000e+00
1.756351270254051e+00,1.000000000000000e+00
1.758351670334067e+00,1.000000000000000e+00
1.760352070414083e+00,1.000000000000000e+00
1.762352470494099e+00,1.000000000000000e+00
1.764352870574115e+00,1.000000000000000e+00
1.766353270654131e+00,1.000000000000000e+00
1.768353670734147e+00,1.000000000000000e+00
1.770354070814163e+00,1.000000000000000e+00
1.772354470894179e+00,1.000000000000000e+00
1.774354870974195e+00,1.000000000000000e+00
1.776355271054211e+00,1.000000000000000e+00
1.778355671134227e+00,1.000000000000000e+00
1.780356071214243e+00,1.000000000000000e+00
1.782356471294259e+00,1.000000000000000e+00
1.784356871374275e+00,1.000000000000000e+00
1.786357271454291e+00,1.000000000000000e+00
1.788357671534307e+00,1.000000000000000e+00
1.790358071614323e+00,1.000000000000000e+00
1.792358471694339e+00,1.000000000000000e+00
1.794358871774355e+00,1.000000000000000e+00
1.796359271854371e+00,1.000000000000000e+00
1.798359671934387e+00,1.000000000000000e+00
1.800360072014403e+00,1.000000000000000e+00
1.802360472094419e+00,1.000000000000000e+00
1.804360872174435e+00,1.000000000000000e+00
1.806361272254451e+00,1.000000000000000e+00
1.808361672334467e+00,1.000000000000000e+00
1.810362072414483e+00,1.000000000000000e+00
1.812362472494499e+00,1.000000000000000e+00
1.814362872574515e+00,1.000000000000000e+00
1.816363272654531e+00,1.000000000000000e+00
1.818363672734547e+00,1.000000000000000e+00
1.820364072814563e+00,1.000000000000000e+00
1.822364472894579e+00,1.000000000000000e+00
1.824364872974595e+00,1.000000000000000e+00
1.826365273054611e+00,1.000000000000000e+00
1.828365673134627e+00,1.000000000000000e+00
1.830366073214643e+00,1.000000000000000e+00
1.832366473294659e+00,1.000000000000000e+00
1.834366873374675e+00,1.000000000000000e+00
1.836367273454691e+00,1.000000000000000e+00
1.838367673534707e+00,1.000000000000000e+00
1.840368073614723e+00,1.000000000000000e+00
1.842368473694739e+00,1.000000000000000e+00
1.844368873774755e+00,1.000000000000000e+00
1.846369273854771e+00,1.000000000000000e+00
1.848369673934787e+00,1.000000000000000e+00
1.850370074014803e+00,1.000000000000000e+00
1.852370474094819e+00,1.000000000000000e+00
1.854370874174835e+00,1.000000000000000e+00
1.856371274254851e+00,1.000000000000000e+00
1.858371674334867e+00,1.000000000000000e+00
1.860372074414883e+00,1.000000000000000e+00
1.862372474494899e+00,1.000000000000000e+00
1.864372874574915e+00,1.000000000000000e+00
1.866373274654931e+00,1.000000000000000e+00
1.868373674734947e+00,1.000000000000000e+00
1.870374074814963e+00,1.000000000000000e+00
1.872374474894979e+00,1.000000000000000e+00
1.874374874974995e+00,1.000000000000000e+00
1.876375275055011e+00,1.000000000000000e+00
1.878375675135027e+00,1.000000000000000e+00
1.880376075215043e+00,1.000000000000000e+00
1.882376475295059e+00,1.000000000000000e+00
1.884376875375075e+00,1.000000000000000e+00
1.886377275455091e+00,1.000000000000000e+00
1.888377675535107e+00,1.000000000000000e+00
1.890378075615123e+00,1.000000000000000e+00
1.892378475695139e+00,1.000000000000000e+00
1.894378875775155e+00,1.000000000000000e+00
1.896379275855171e+00,1.000000000000000e+00
1.898379675935187e+00,1.000000000000000e+00
1.900380076015203e+00,1.000000000000000e+00
1.902380476095219e+00,1.000000000000000e+00
1.904380876175235e+00,1.000000000000000e+00
1.906381276255251e+00,1.000000000000000e+00
1.908381676335267e+00,1.000000000000000e+00
1.910382076415283e+00,1.000000000000000e+00
1.912382476495299e+00,1.000000000000000e+00
1.914382876575315e+00,1.000000000000000e+00
1.916383276655331e+00,1.000000000000000e+00
1.918383676735347e+00,1.000000000000000e+00
1.920384076815363e+00,1.000000000000000e+00
1.922384476895379e+00,1.000000000000000e+00
1.924384876975395e+00,1.000000000000000e+00
1.926385277055411e+00,1.000000000000000e+00
1.928385677135427e+00,1.000000000000000e+00
1.930386077215443e+00,1.000000000000000e+00
1.932386477295459e+00,1.000000000000000e+00
1.934386877375475e+00,1.000000000000000e+00
1.936387277455491e+00,1.000000000000000e+00
1.938387677535507e+00,1.000000000000000e+00
1.940388077615523e+00,1.000000000000000e+00
1.942388477695539e+00,1.000000000000000e+00
1.944388877775555e+00,1.000000000000000e+00
1.946389277855571e+00,1.000000000000000e+00
1.948389677935587e+00,1.000000000000000e+00
1.950390078015603e+00,1.000000000000000e+00
1.952390478095619e+00,1.000000000000000e+00
1.954390878175635e+00,1.000000000000000e+00
1.956391278255651e+00,1.000000000000000e+00
1.958391678335667e+00,1.000000000000000e+00
1.960392078415683e+00,1.000000000000000e+00
1.962392478495699e+00,1.000000000000000e+00
1.964392878575715e+00,1.000000000000000e+00
1.966393278655731e+00,1.000000000000000e+00
1.968393678735747e+00,1.000000000000000e+00
1.970394078815763e+00,1.000000000000000e+00
1.972394478895779e+00,1.000000000000000e+00
1.974394878975795e+00,1.000000000000000e+00
1.976395279055811e+00,1.000000000000000e+00
1.978395679135827e+00,1.000000000000000e+00
1.980396079215843e+00,1.000000000000000e+00
1.982396479295859e+00,1.000000000000000e+00
1.984396879375875e+00,1.000000000000000e+00
1.986397279455891e+00,1.000000000000000e+00
1.988397679535907e+00,1.000000000000000e+00
1.990398079615923e+00,1.000000000000000e+00
1.992398479695939e+00,1.000000000000000e+00
1.994398879775955e+00,1.000000000000000e+00
1.996399279855971e+00,1.000000000000000e+00
1.998399679935987e+00,1.000000000000000e+00
2.000400080016003e+00,1.000000000000000e+00
2.002400480096019e+00,1.000000000000000e+00
2.004400880176035e+00,1.000000000000000e+00
2.006401280256051e+00,1.000000000000000e+00
2.008401680336067e+00,1.000000000000000e+00
2.010402080416083e+00,1.000000000000000e+00
2.012402480496099e+00,1.000000000000000e+00
2.014402880576115e+00,1.000000000000000e+00
2.016403280656131e+00,1.000000000000000e+00
2.018403680736147e+00,1.000000000000000e+00
2.020404080816163e+00,1.000000000000000e+00
2.022404480896179e+00,1.000000000000000e+00
2.024404880976195e+00,1.000000000000000e+00
2.026405281056211e+00,1.000000000000000e+00
2.028405681136227e+00,1.000000000000000e+00
2.030406081216243e+00,1.000000000000000e+00
2.032406481296259e+00,1.000000000000000e+00
2.034406881376275e+00,1.000000000000000e+00
2.036407281456291e+00,1.000000000000000e+00
2.038407681536307e+00,1.000000000000000e+00
2.040408081616323e+00,1.000000000000000e+00
2.042408481696339e+00,1.000000000000000e+00
2.044408881776355e+00,1.000000000000000e+00
2.046409281856371e+00,1.000000000000000e+00
2.048409681936387e+00,1.000000000000000e+00
2.050410082016403e+00,1.000000000000000e+00
2.052410482096419e+00,1.000000000000000e+00
2.054410882176435e+00,1.000000000000000e+00
2.056411282256451e+00,1.000000000000000e+00
2.058411682336467e+00,1.000000000000000e+00
2.060412082416483e+00,1.000000000000000e+00
2.062412482496499e+00,1.000000000000000e+00
2.064412882576515e+00,1.000000000000000e+00
2.066413282656531e+00,1.000000000000000e+00
2.068413682736547e+00,1.000000000000000e+00
2.070414082816563e+00,1.000000000000000e+00
2.072414482896579e+00,1.000000000000000e+00
2.074414882976595e+00,1.000000000000000e+00
2.076415283056611e+00,1.000000000000000e+00
2.078415683136627e+00,1.000000000000000e+00
2.080416083216643e+00,1.000000000000000e+00
2.082416483296659e+00,1.000000000000000e+00
2.084416883376675e+00,1.000000000000000e+00
2.086417283456691e+00,1.000000000000000e+00
2.088417683536707e+00,1.000000000000000e+00
2.090418083616723e+00,1.000000000000000e+00
2.092418483696739e+00,1.000000000000000e+00
2.094418883776755e+00,1.000000000000000e+00
2.096419283856771e+00,1.000000000000000e+00
2.098419683936787e+00,1.000000000000000e+00
2.100420084016803e+00,1.000000000000000e+00
2.102420484096819e+00,1.000000000000000e+00
2.104420884176835e+00,1.000000000000000e+00
2.106421284256851e+00,1.000000000000000e+00
2.108421684336867e+00,1.000000000000000e+00
2.110422084416884e+00,1.000000000000000e+00
2.112422484496900e+00,1.000000000000000e+00
2.114422884576916e+00,1.000000000000000e+00
2.116423284656932e+00,1.000000000000000e+00
2.118423684736948e+00,1.000000000000000e+00
2.120424084816964e+00,1.000000000000000e+00
2.122424484896980e+00,1.000000000000000e+00
2.124424884976996e+00,1.000000000000000e+00
2.126425285057012e+00,1.000000000000000e+00
2.128425685137028e+00,1.000000000000000e+00
2.130426085217044e+00,1.000000000000000e+00
2.132426485297060e+00,1.000000000000000e+00
2.134426885377076e+00,1.000000000000000e+00
2.136427285457092e+00,1.000000000000000e+00
2.138427685537108e+00,1.000000000000000e+00
2.140428085617124e+00,1.000000000000000e+00
2.142428485697140e+00,1.000000000000000e+00
2.144428885777156e+00,1.000000000000000e+00
2.146429285857172e+00,1.000000000000000e+00
2.148429685937188e+00,1.000000000000000e+00
2.150430086017204e+00,1.000000000000000e+00
2.152430486097220e+00,1.000000000000000e+00
2.154430886177236e+00,1.000000000000000e+00
2.156431286257252e+00,1.000000000000000e+00
2.158431686337268e+00,1.000000000000000e+00
2.160432086417284e+00,1.000000000000000e+00
2.162432486497299e+00,1.000000000000000e+00
2.164432886577315e+00,1.000000000000000e+00
2.166433286657331e+00,1.000000000000000e+00
2.168433686737347e+00,1.000000000000000e+00
2.170434086817363e+00,1.000000000000000e+00
2.172434486897379e+00,1.000000000000000e+00
2.174434886977395e+00,1.000000000000000e+00
2.176435287057411e+00,1.000000000000000e+00
2.178435687137427e+00,1.000000000000000e+00
2.180436087217443e+00,1.000000000000000e+00
2.182436487297459e+00,1.000000000000000e+00
2.184436887377475e+00,1.000000000000000e+00
2.186437287457491e+00,1.000000000000000e+00
2.188437687537507e+00,1.000000000000000e+00
2.190438087617523e+00,1.000000000000000e+00
2.192438487697539e+00,1.000000000000000e+00
2.194438887777555e+00,1.000000000000000e+00
2.196439287857571e+00,1.000000000000000e+00
2.198439687937587e+00,1.000000000000000e+00
2.200440088017603e+00,1.000000000000000e+00
2.202440488097619e+00,1.000000000000000e+00
2.204440888177635e+00,1.000000000000000e+00
2.206441288257651e+00,1.000000000000000e+00
2.208441688337667e+00,1.000000000000000e+00
2.210442088417683e+00,1.000000000000000e+00
2.212442488497699e+00,1.000000000000000e+00
2.214442888577715e+00,1.000000000000000e+00
2.216443288657731e+00,1.000000000000000e+00
2.218443688737747e+00,1.000000000000000e+00
2.220444088817763e+00,1.000000000000000e+00
2.222444488897779e+00,1.000000000000000e+00
2.224444888977795e+00,1.000000000000000e+00
2.226445289057811e+00,1.000000000000000e+00
2.228445689137827e+00,1.000000000000000e+00
2.230446089217843e+00,1.000000000000000e+00
2.232446489297859e+00,1.000000000000000e+00
2.234446889377876e+00,1.000000000000000e+00
2.236447289457892e+00,1.000000000000000e+00
2.238447689537908e+00,1.000000000000000e+00
2.240448089617924e+00,1.000000000000000e+00
2.242448489697940e+00,1.000000000000000e+00
2.244448889777956e+00,1.000000000000000e+00
2.246449289857972e+00,1.000000000000000e+00
2.248449689937988e+00,1.000000000000000e+00
2.250450090018004e+00,1.000000000000000e+00
2.252450490098020e+00,1.000000000000000e+00
2.254450890178036e+00,1.000000000000000e+00
2.256451290258052e+00,1.000000000000000e+00
2.258451690338068e+00,1.000000000000000e+00
2.260452090418084e+00,1.000000000000000e+00
2.262452490498100e+00,1.000000000000000e+00
2.264452890578116e+00,1.000000000000000e+00
2.266453290658132e+00,1.000000000000000e+00
2.268453690738148e+00,1.000000000000000e+00
2.270454090818164e+00,1.000000000000000e+00
2.272454490898180e+00,1.000000000000000e+00
2.274454890978196e+00,1.000000000000000e+00
2.276455291058212e+00,1.000000000000000e+00
2.278455691138228e+00,1.000000000000000e+00
2.280456091218244e+00,1.000000000000000e+00
2.282456491298260e+00,1.000000000000000e+00
2.284456891378276e+00,1.000000000000000e+00
2.286457291458292e+00,1.000000000000000e+00
2.288457691538308e+00,1.000000000000000e+00
2.290458091618324e+00,1.000000000000000e+00
2.292458491698340e+00,1.000000000000000e+00
2.294458891778356e+00,1.000000000000000e+00
2.296459291858372e+00,1.000000000000000e+00
2.298459691938388e+00,1.000000000000000e+00
2.300460092018404e+00,1.000000000000000e+00
2.302460492098420e+00,1.000000000000000e+00
2.304460892178436e+00,1.000000000000000e+00
2.306461292258452e+00,1.000000000000000e+00
2.308461692338468e+00,1.000000000000000e+00
2.310462092418484e+00,1.000000000000000e+00
2.312462492498500e+00,1.000000000000000e+00
2.314462892578516e+00,1.000000000000000e+00
2.316463292658532e+00,1.000000000000000e+00
2.318463692738548e+00,1.000000000000000e+00
2.320464092818564e+00,1.000000000000000e+00
2.322464492898580e+00,1.000000000000000e+00
2.324464892978596e+00,1.000000000000000e+00
2.326465293058612e+00,1.000000000000000e+00
2.328465693138628e+00,1.000000000000000e+00
2.330466093218644e+00,1.000000000000000e+00
2.332466493298660e+00,1.000000000000000e+00
2.334466893378676e+00,1.000000000000000e+00
2.336467293458692e+00,1.000000000000000e+00
2.338467693538708e+00,1.000000000000000e+00
2.340468093618724e+00,1.000000000000000e+00
2.342468493698740e+00,1.000000000000000e+00
2.344468893778756e+00,1.000000000000000e+00
2.346469293858772e+00,1.000000000000000e+00
2.348469693938788e+00,1.000000000000000e+00
2.350470094018804e+00,1.000000000000000e+00
2.352470494098820e+00,1.000000000000000e+00
2.354470894178836e+00,1.000000000000000e+00
2.356471294258852e+00,1.000000000000000e+00
2.358471694338868e+00,1.000000000000000e+00
2.360472094418884e+00,1.000000000000000e+00
2.362472494498900e+00,1.000000000000000e+00
2.364472894578916e+00,1.000000000000000e+00
2.366473294658932e+00,1.000000000000000e+00
2.368473694738948e+00,1.000000000000000e+00
2.370474094818964e+00,1.000000000000000e+00
2.372474494898980e+00,1.000000000000000e+00
2.374474894978996e+00,1.000000000000000e+00
2.376475295059012e+00,1.000000000000000e+00
2.378475695139028e+00,1.000000000000000e+00
2.380476095219044e+00,1.000000000000000e+00
2.382476495299060e+00,1.000000000000000e+00
2.384476895379076e+00,1.000000000000000e+00
2.386477295459092e+00,1.000000000000000e+00
2.388477695539108e+00,1.000000000000000e+00
2.390478095619124e+00,1.000000000000000e+00
2.392478495699140e+00,1.000000000000000e+00
2.394478895779156e+00,1.000000000000000e+00
2.396479295859172e+00,1.000000000000000e+00
2.398479695939188e+00,1.000000000000000e+00
2.400480096019204e+00,1.000000000000000e+00
2.402480496099220e+00,1.000000000000000e+00
2.404480896179236e+00,1.000000000000000e+00
2.406481296259252e+00,1.000000000000000e+00
2.408481696339268e+00,1.000000000000000e+00
2.410482096419284e+00,1.000000000000000e+00
2.412482496499300e+00,1.000000000000000e+00
2.414482896579316e+00,1.000000000000000e+00
2.416483296659332e+00,1.000000000000000e+00
2.418483696739348e+00,1.000000000000000e+00
2.420484096819364e+00,1.000000000000000e+00
2.422484496899380e+00,1.000000000000000e+00
2.424484896979396e+00,1.000000000000000e+00
2.426485297059412e+00,1.000000000000000e+00
2.428485697139428e+00,1.000000000000000e+00
2.430486097219444e+00,1.000000000000000e+00
2.432486497299460e+00,1.000000000000000e+00
2.434486897379476e+00,1.000000000000000e+00
2.436487297459492e+00,1.000000000000000e+00
2.438487697539508e+00,1.000000000000000e+00
2.440488097619524e+00,1.000000000000000e+00
2.442488497699540e+00,1.000000000000000e+00
2.444488897779556e+00,1.000000000000000e+00
2.446489297859572e+00,1.000000000000000e+00
2.448489697939588e+00,1.000000000000000e+00
2.450490098019604e+00,1.000000000000000e+00
2.452490498099620e+00,1.000000000000000e+00
2.454490898179636e+00,1.000000000000000e+00
2.456491298259652e+00,1.000000000000000e+00
2.458491698339668e+00,1.000000000000000e+00
2.460492098419684e+00,1.000000000000000e+00
2.462492498499700e+00,1.000000000000000e+00
2.464492898579716e+00,1.000000000000000e+00
2.466493298659732e+00,1.000000000000000e+00
2.468493698739748e+00,1.000000000000000e+00
2.470494098819764e+00,1.000000000000000e+00
2.472494498899780e+00,1.000000000000000e+00
2.474494898979796e+00,1.000000000000000e+00
2.476495299059812e+00,1.000000000000000e+00
2.478495699139828e+00,1.000000000000000e+00
2.480496099219844e+00,1.000000000000000e+00
2.482496499299860e+00,1.000000000000000e+00
2.484496899379876e+00,1.000000000000000e+00
2.486497299459892e+00,1.000000000000000e+00
2.488497699539908e+00,1.000000000000000e+00
2.490498099619924e+00,1.000000000000000e+00
2.492498499699940e+00,1.000000000000000e+00
2.494498899779956e+00,1.000000000000000e+00
2.496499299859972e+00,1.000000000000000e+00
2.498499699939988e+00,1.000000000000000e+00
2.500500100020004e+00,1.000000000000000e+00
2.502500500100020e+00,1.000000000000000e+00
2.504500900180036e+00,1.000000000000000e+00
2.506501300260052e+00,1.000000000000000e+00
2.508501700340068e+00,1.000000000000000e+00
2.510502100420084e+00,1.000000000000000e+00
2.512502500500100e+00,1.000000000000000e+00
2.514502900580116e+00,1.000000000000000e+00
2.516503300660132e+00,1.000000000000000e+00
2.518503700740148e+00,1.000000000000000e+00
2.520504100820164e+00,1.000000000000000e+00
2.522504500900180e+00,1.000000000000000e+00
2.524504900980196e+00,1.000000000000000e+00
2.526505301060212e+00,1.000000000000000e+00
2.528505701140228e+00,1.000000000000000e+00
2.530506101220244e+00,1.000000000000000e+00
2.532506501300260e+00,1.000000000000000e+00
2.534506901380276e+00,1.000000000000000e+00
2.536507301460292e+00,1.000000000000000e+00
2.538507701540308e+00,1.000000000000000e+00
2.540508101620324e+00,1.000000000000000e+00
2.542508501700340e+00,1.000000000000000e+00
2.544508901780356e+00,1.000000000000000e+00
2.546509301860372e+00,1.000000000000000e+00
2.548509701940388e+00,1.000000000000000e+00
2.550510102020404e+00,1.000000000000000e+00
2.552510502100420e+00,1.000000000000000e+00
2.554510902180436e+00,1.000000000000000e+00
2.556511302260452e+00,1.000000000000000e+00
2.558511702340468e+00,1.000000000000000e+00
2.560512102420484e+00,1.000000000000000e+00
2.562512502500500e+00,1.000000000000000e+00
2.564512902580516e+00,1.000000000000000e+00
2.566513302660532e+00,1.000000000000000e+00
2.568513702740548e+00,1.000000000000000e+00
2.570514102820564e+00,1.000000000000000e+00
2.572514502900580e+00,1.000000000000000e+00
2.574514902980596e+00,1.000000000000000e+00
2.576515303060612e+00,1.000000000000000e+00
2.578515703140628e+00,1.000000000000000e+00
2.580516103220644e+00,1.000000000000000e+00
2.582516503300660e+00,1.000000000000000e+00
2.584516903380676e+00,1.000000000000000e+00
2.586517303460692e+00,1.000000000000000e+00
2.588517703540708e+00,1.000000000000000e+00
2.590518103620724e+00,1.000000000000000e+00
2.592518503700740e+00,1.000000000000000e+00
2.594518903780756e+00,1.000000000000000e+00
2.596519303860772e+00,1.000000000000000e+00
2.598519703940788e+00,1.000000000000000e+00
2.600520104020804e+00,1.000000000000000e+00
2.602520504100820e+00,1.000000000000000e+00
2.604520904180836e+00,1.000000000000000e+00
2.606521304260852e+00,1.000000000000000e+00
2.608521704340868e+00,1.000000000000000e+00
2.610522104420884e+00,1.000000000000000e+00
2.612522504500900e+00,1.000000000000000e+00
2.614522904580916e+00,1.000000000000000e+00
2.616523304660932e+00,1.000000000000000e+00
2.618523704740948e+00,1.000000000000000e+00
2.620524104820964e+00,1.000000000000000e+00
2.622524504900980e+00,1.000000000000000e+00
2.624524904980996e+00,1.000000000000000e+00
2.626525305061012e+00,1.000000000000000e+00
2.628525705141028e+00,1.000000000000000e+00
2.630526105221044e+00,1.000000000000000e+00
2.632526505301060e+00,1.000000000000000e+00
2.634526905381076e+00,1.000000000000000e+00
2.636527305461092e+00,1.000000000000000e+00
2.638527705541108e+00,1.000000000000000e+00
2.640528105621124e+00,1.000000000000000e+00
2.642528505701140e+00,1.000000000000000e+00
2.644528905781156e+00,1.000000000000000e+00
2.646529305861172e+00,1.000000000000000e+00
2.648529705941188e+00,1.000000000000000e+00
2.650530106021204e+00,1.000000000000000e+00
2.652530506101220e+00,1.000000000000000e+00
2.654530906181236e+00,1.000000000000000e+00
2.656531306261252e+00,1.000000000000000e+00
2.658531706341268e+00,1.000000000000000e+00
2.660532106421284e+00,1.000000000000000e+00
2.662532506501300e+00,1.000000000000000e+00
2.664532906581316e+00,1.000000000000000e+00
2.666533306661332e+00,1.000000000000000e+00
2.668533706741348e+00,1.000000000000000e+00
2.670534106821364e+00,1.000000000000000e+00
2.672534506901380e+00,1.000000000000000e+00
2.674534906981396e+00,1.000000000000000e+00
2.676535307061412e+00,1.000000000000000e+00
2.678535707141428e+00,1.000000000000000e+00
2.680536107221444e+00,1.000000000000000e+00
2.682536507301460e+00,1.000000000000000e+00
2.684536907381476e+00,1.000000000000000e+00
2.686537307461492e+00,1.000000000000000e+00
2.688537707541508e+00,1.000000000000000e+00
2.690538107621524e+00,1.000000000000000e+00
2.692538507701540e+00,1.000000000000000e+00
2.694538907781556e+00,1.000000000000000e+00
2.696539307861572e+00,1.000000000000000e+00
2.698539707941588e+00,1.000000000000000e+00
2.700540108021604e+00,1.000000000000000e+00
2.702540508101620e+00,1.000000000000000e+00
2.704540908181636e+00,1.000000000000000e+00
2.706541308261652e+00,1.000000000000000e+00
2.708541708341668e+00,1.000000000000000e+00
2.710542108421684e+00,1.000000000000000e+00
2.712542508501700e+00,1.000000000000000e+00
2.714542908581716e+00,1.000000000000000e+00
2.716543308661732e+00,1.000000000000000e+00
2.718543708741748e+00,1.000000000000000e+00
2.720544108821764e+00,1.000000000000000e+00
2.722544508901780e+00,1.000000000000000e+00
2.724544908981796e+00,1.000000000000000e+00
2.726545309061812e+00,1.000000000000000e+00
2.728545709141828e+00,1.000000000000000e+00
2.730546109221844e+00,1.000000000000000e+00
2.732546509301860e+00,1.000000000000000e+00
2.734546909381876e+00,1.000000000000000e+00
2.736547309461892e+00,1.000000000000000e+00
2.738547709541908e+00,1.000000000000000e+00
2.740548109621924e+00,1.000000000000000e+00
2.742548509701940e+00,1.000000000000000e+00
2.744548909781956e+00,1.000000000000000e+00
2.746549309861972e+00,1.000000000000000e+00
2.748549709941988e+00,1.000000000000000e+00
2.750550110022004e+00,1.000000000000000e+00
2.752550510102020e+00,1.000000000000000e+00
2.754550910182036e+00,1.000000000000000e+00
2.756551310262052e+00,1.000000000000000e+00
2.758551710342068e+00,1.000000000000000e+00
2.760552110422084e+00,1.000000000000000e+00
2.762552510502100e+00,1.000000000000000e+00
2.764552910582116e+00,1.000000000000000e+00
2.766553310662133e+00,1.000000000000000e+00
2.768553710742149e+00,1.000000000000000e+00
2.770554110822165e+00,1.000000000000000e+00
2.772554510902181e+00,1.000000000000000e+00
2.774554910982197e+00,1.000000000000000e+00
2.776555311062213e+00,1.000000000000000e+00
2.778555711142229e+00,1.000000000000000e+00
2.780556111222245e+00,1.000000000000000e+00
2.782556511302261e+00,1.000000000000000e+00
2.784556911382277e+00,1.000000000000000e+00
2.786557311462293e+00,1.000000000000000e+00
2.788557711542309e+00,1.000000000000000e+00
2.790558111622325e+00,1.000000000000000e+00
2.792558511702341e+00,1.000000000000000e+00
2.794558911782357e+00,1.000000000000000e+00
2.796559311862373e+00,1.000000000000000e+00
2.798559711942389e+00,1.000000000000000e+00
2.800560112022405e+00,1.000000000000000e+00
2.802560512102421e+00,1.000000000000000e+00
2.804560912182437e+00,1.000000000000000e+00
2.806561312262453e+00,1.000000000000000e+00
2.808561712342469e+00,1.000000000000000e+00
2.810562112422485e+00,1.000000000000000e+00
2.812562512502501e+00,1.000000000000000e+00
2.814562912582517e+00,1.000000000000000e+00
2.816563312662533e+00,1.000000000000000e+00
2.818563712742549e+00,1.000000000000000e+00
2.820564112822565e+00,1.000000000000000e+00
2.822564512902581e+00,1.000000000000000e+00
2.824564912982597e+00,1.000000000000000e+00
2.826565313062613e+00,1.000000000000000e+00
2.828565713142629e+00,1.000000000000000e+00
2.830566113222645e+00,1.000000000000000e+00
2.832566513302661e+00,1.000000000000000e+00
2.834566913382677e+00,1.000000000000000e+00
2.836567313462693e+00,1.000000000000000e+00
2.838567713542709e+00,1.000000000000000e+00
2.840568113622725e+00,1.000000000000000e+00
2.842568513702741e+00,1.000000000000000e+00
2.844568913782757e+00,1.000000000000000e+00
2.846569313862772e+00,1.000000000000000e+00
2.848569713942788e+00,1.000000000000000e+00
2.850570114022804e+00,1.000000000000000e+00
2.852570514102820e+00,1.000000000000000e+00
2.854570914182836e+00,1.000000000000000e+00
2.856571314262852e+00,1.000000000000000e+00
2.858571714342868e+00,1.000000000000000e+00
2.860572114422884e+00,1.000000000000000e+00
2.862572514502900e+00,1.000000000000000e+00
2.864572914582916e+00,1.000000000000000e+00
2.866573314662932e+00,1.000000000000000e+00
2.868573714742948e+00,1.000000000000000e+00
2.870574114822964e+00,1.000000000000000e+00
2.872574514902980e+00,1.000000000000000e+00
2.874574914982996e+00,1.000000000000000e+00
2.876575315063012e+00,1.000000000000000e+00
2.878575715143028e+00,1.000000000000000e+00
2.880576115223044e+00,1.000000000000000e+00
2.882576515303060e+00,1.000000000000000e+00
2.884576915383076e+00,1.000000000000000e+00
2.886577315463092e+00,1.000000000000000e+00
2.888577715543108e+00,1.000000000000000e+00
2.890578115623124e+00,1.000000000000000e+00
2.892578515703141e+00,1.000000000000000e+00
2.894578915783157e+00,1.000000000000000e+00
2.896579315863173e+00,1.000000000000000e+00
2.898579715943189e+00,1.000000000000000e+00
2.900580116023205e+00,1.000000000000000e+00
2.902580516103221e+00,1.000000000000000e+00
2.904580916183237e+00,1.000000000000000e+00
2.906581316263253e+00,1.000000000000000e+00
2.908581716343269e+00,1.000000000000000e+00
2.910582116423285e+00,1.000000000000000e+00
2.912582516503301e+00,1.000000000000000e+00
2.914582916583317e+00,1.000000000000000e+00
2.916583316663333e+00,1.000000000000000e+00
2.918583716743349e+00,1.000000000000000e+00
2.920584116823365e+00,1.000000000000000e+00
2.922584516903381e+00,1.000000000000000e+00
2.924584916983397e+00,1.000000000000000e+00
2.926585317063413e+00,1.000000000000000e+00
2.928585717143429e+00,1.000000000000000e+00
2.930586117223445e+00,1.000000000000000e+00
2.932586517303461e+00,1.000000000000000e+00
2.934586917383477e+00,1.000000000000000e+00
2.936587317463493e+00,1.000000000000000e+00
2.938587717543509e+00,1.000000000000000e+00
2.940588117623525e+00,1.000000000000000e+00
2.942588517703541e+00,1.000000000000000e+00
2.944588917783557e+00,1.000000000000000e+00
2.946589317863573e+00,1.000000000000000e+00
2.948589717943589e+00,1.000000000000000e+00
2.950590118023605e+00,1.000000000000000e+00
2.952590518103621e+00,1.000000000000000e+00
2.954590918183637e+00,1.000000000000000e+00
2.956591318263653e+00,1.000000000000000e+00
2.958591718343669e+00,1.000000000000000e+00
2.960592118423685e+00,1.000000000000000e+00
2.962592518503701e+00,1.000000000000000e+00
2.964592918583717e+00,1.000000000000000e+00
2.966593318663733e+00,1.000000000000000e+00
2.968593718743749e+00,1.000000000000000e+00
2.970594118823765e+00,1.000000000000000e+00
2.972594518903781e+00,1.000000000000000e+00
2.974594918983797e+00,1.000000000000000e+00
2.976595319063813e+00,1.000000000000000e+00
2.978595719143829e+00,1.000000000000000e+00
2.980596119223845e+00,1.000000000000000e+00
2.982596519303861e+00,1.000000000000000e+00
2.984596919383877e+00,1.000000000000000e+00
2.986597319463893e+00,1.000000000000000e+00
2.988597719543909e+00,1.000000000000000e+00
2.990598119623925e+00,1.000000000000000e+00
2.992598519703941e+00,1.000000000000000e+00
2.994598919783957e+00,1.000000000000000e+00
2.996599319863973e+00,1.000000000000000e+00
2.998599719943989e+00,1.000000000000000e+00
3.000600120024005e+00,1.000000000000000e+00
3.002600520104021e+00,1.000000000000000e+00
3.004600920184037e+00,1.000000000000000e+00
3.006601320264053e+00,1.000000000000000e+00
3.008601720344069e+00,1.000000000000000e+00
3.010602120424085e+00,1.000000000000000e+00
3.012602520504101e+00,1.000000000000000e+00
3.014602920584117e+00,1.000000000000000e+00
3.016603320664133e+00,1.000000000000000e+00
3.018603720744149e+00,1.000000000000000e+00
3.020604120824165e+00,1.000000000000000e+00
3.022604520904181e+00,1.000000000000000e+00
3.024604920984197e+00,1.000000000000000e+00
3.026605321064213e+00,1.000000000000000e+00
3.028605721144229e+00,1.000000000000000e+00
3.030606121224245e+00,1.000000000000000e+00
3.032606521304261e+00,1.000000000000000e+00
3.034606921384277e+00,1.000000000000000e+00
3.036607321464293e+00,1.000000000000000e+00
3.038607721544309e+00,1.000000000000000e+00
3.040608121624325e+00,1.000000000000000e+00
3.042608521704341e+00,1.000000000000000e+00
3.044608921784357e+00,1.000000000000000e+00
3.046609321864373e+00,1.000000000000000e+00
3.048609721944389e+00,1.000000000000000e+00
3.050610122024405e+00,1.000000000000000e+00
3.052610522104421e+00,1.000000000000000e+00
3.054610922184437e+00,1.000000000000000e+00
3.056611322264453e+00,1.000000000000000e+00
3.058611722344469e+00,1.000000000000000e+00
3.060612122424485e+00,1.000000000000000e+00
3.062612522504501e+00,1.000000000000000e+00
3.064612922584517e+00,1.000000000000000e+00
3.066613322664533e+00,1.000000000000000e+00
3.068613722744549e+00,1.000000000000000e+00
3.070614122824565e+00,1.000000000000000e+00
3.072614522904581e+00,1.000000000000000e+00
3.074614922984597e+00,1.000000000000000e+00
3.076615323064613e+00,1.000000000000000e+00
3.078615723144629e+00,1.000000000000000e+00
3.080616123224645e+00,1.000000000000000e+00
3.082616523304661e+00,1.000000000000000e+00
3.084616923384677e+00,1.000000000000000e+00
3.086617323464693e+00,1.000000000000000e+00
3.088617723544709e+00,1.000000000000000e+00
3.090618123624725e+00,1.000000000000000e+00
3.092618523704741e+00,1.000000000000000e+00
3.094618923784757e+00,1.000000000000000e+00
3.096619323864773e+00,1.000000000000000e+00
3.098619723944789e+00,1.000000000000000e+00
3.100620124024805e+00,1.000000000000000e+00
3.102620524104821e+00,1.000000000000000e+00
3.104620924184837e+00,1.000000000000000e+00
3.106621324264853e+00,1.000000000000000e+00
3.108621724344869e+00,1.000000000000000e+00
3.110622124424885e+00,1.000000000000000e+00
3.112622524504901e+00,1.000000000000000e+00
3.114622924584917e+00,1.000000000000000e+00
3.116623324664933e+00,1.000000000000000e+00
3.118623724744949e+00,1.000000000000000e+00
3.120624124824965e+00,1.000000000000000e+00
3.122624524904981e+00,1.000000000000000e+00
3.124624924984997e+00,1.000000000000000e+00
3.126625325065013e+00,1.000000000000000e+00
3.128625725145029e+00,1.000000000000000e+00
3.130626125225045e+00,1.000000000000000e+00
3.132626525305061e+00,1.000000000000000e+00
3.134626925385077e+00,1.000000000000000e+00
3.136627325465093e+00,1.000000000000000e+00
3.138627725545109e+00,1.000000000000000e+00
3.140628125625125e+00,1.000000000000000e+00
3.142628525705141e+00,1.000000000000000e+00
3.144628925785157e+00,1.000000000000000e+00
3.146629325865173e+00,1.000000000000000e+00
3.148629725945189e+00,1.000000000000000e+00
3.150630126025205e+00,1.000000000000000e+00
3.152630526105221e+00,1.000000000000000e+00
3.154630926185237e+00,1.000000000000000e+00
3.156631326265253e+00,1.000000000000000e+00
3.158631726345269e+00,1.000000000000000e+00
3.160632126425285e+00,1.000000000000000e+00
3.162632526505301e+00,1.000000000000000e+00
3.164632926585317e+00,1.000000000000000e+00
3.166633326665333e+00,1.000000000000000e+00
3.168633726745349e+00,1.000000000000000e+00
3.170634126825365e+00,1.000000000000000e+00
3.172634526905381e+00,1.000000000000000e+00
3.174634926985397e+00,1.000000000000000e+00
3.176635327065413e+00,1.000000000000000e+00
3.178635727145429e+00,1.000000000000000e+00
3.180636127225445e+00,1.000000000000000e+00
3.182636527305461e+00,1.000000000000000e+00
3.184636927385477e+00,1.000000000000000e+00
3.186637327465493e+00,1.000000000000000e+00
3.188637727545509e+00,1.000000000000000e+00
3.190638127625525e+00,1.000000000000000e+00
3.192638527705541e+00,1.000000000000000e+00
3.194638927785557e+00,1.000000000000000e+00
3.196639327865573e+00,1.000000000000000e+00
3.198639727945589e+00,1.000000000000000e+00
3.200640128025605e+00,1.000000000000000e+00
3.202640528105621e+00,1.000000000000000e+00
3.204640928185637e+00,1.000000000000000e+00
3.206641328265653e+00,1.000000000000000e+00
3.208641728345669e+00,1.000000000000000e+00
3.210642128425685e+00,1.000000000000000e+00
3.212642528505701e+00,1.000000000000000e+00
3.214642928585717e+00,1.000000000000000e+00
3.216643328665733e+00,1.000000000000000e+00
3.218643728745749e+00,1.000000000000000e+00
3.220644128825765e+00,1.000000000000000e+00
3.222644528905781e+00,1.000000000000000e+00
3.224644928985797e+00,1.000000000000000e+00
3.226645329065813e+00,1.000000000000000e+00
3.228645729145829e+00,1.000000000000000e+00
3.230646129225845e+00,1.000000000000000e+00
3.232646529305861e+00,1.000000000000000e+00
3.234646929385877e+00,1.000000000000000e+00
3.236647329465893e+00,1.000000000000000e+00
3.238647729545909e+00,1.000000000000000e+00
3.240648129625925e+00,1.000000000000000e+00
3.242648529705941e+00,1.000000000000000e+00
3.244648929785957e+00,1.000000000000000e+00
3.246649329865973e+00,1.000000000000000e+00
3.248649729945989e+00,1.000000000000000e+00
3.250650130026005e+00,1.000000000000000e+00
3.252650530106021e+00,1.000000000000000e+00
3.254650930186037e+00,1.000000000000000e+00
3.256651330266053e+00,1.000000000000000e+00
3.258651730346069e+00,1.000000000000000e+00
3.260652130426085e+00,1.000000000000000e+00
3.262652530506101e+00,1.000000000000000e+00
3.264652930586117e+00,1.000000000000000e+00
3.266653330666133e+00,1.000000000000000e+00
3.268653730746149e+00,1.000000000000000e+00
3.270654130826165e+00,1.000000000000000e+00
3.272654530906181e+00,1.000000000000000e+00
3.274654930986197e+00,1.000000000000000e+00
3.276655331066213e+00,1.000000000000000e+00
3.278655731146229e+00,1.000000000000000e+00
3.280656131226245e+00,1.000000000000000e+00
3.282656531306261e+00,1.000000000000000e+00
3.284656931386277e+00,1.000000000000000e+00
3.286657331466293e+00,1.000000000000000e+00
3.288657731546309e+00,1.000000000000000e+00
3.290658131626325e+00,1.000000000000000e+00
3.292658531706341e+00,1.000000000000000e+00
3.294658931786357e+00,1.000000000000000e+00
3.296659331866373e+00,1.000000000000000e+00
3.298659731946390e+00,1.000000000000000e+00
3.300660132026405e+00,1.000000000000000e+00
3.302660532106421e+00,1.000000000000000e+00
3.304660932186437e+00,1.000000000000000e+00
3.306661332266453e+00,1.000000000000000e+00
3.308661732346469e+00,1.000000000000000e+00
3.310662132426485e+00,1.000000000000000e+00
3.312662532506501e+00,1.000000000000000e+00
3.314662932586517e+00,1.000000000000000e+00
3.316663332666533e+00,1.000000000000000e+00
3.318663732746549e+00,1.000000000000000e+00
3.320664132826565e+00,1.000000000000000e+00
3.322664532906581e+00,1.000000000000000e+00
3.324664932986597e+00,1.000000000000000e+00
3.326665333066613e+00,1.000000000000000e+00
3.328665733146629e+00,1.000000000000000e+00
3.330666133226645e+00,1.000000000000000e+00
3.332666533306661e+00,1.000000000000000e+00
3.334666933386677e+00,1.000000000000000e+00
3.336667333466693e+00,1.000000000000000e+00
3.338667733546709e+00,1.000000000000000e+00
3.340668133626725e+00,1.000000000000000e+00
3.342668533706741e+00,1.000000000000000e+00
3.344668933786757e+00,1.000000000000000e+00
3.346669333866773e+00,1.000000000000000e+00
3.348669733946789e+00,1.000000000000000e+00
3.350670134026805e+00,1.000000000000000e+00
3.352670534106821e+00,1.000000000000000e+00
3.354670934186837e+00,1.000000000000000e+00
3.356671334266853e+00,1.000000000000000e+00
3.358671734346869e+00,1.000000000000000e+00
3.360672134426885e+00,1.000000000000000e+00
3.362672534506901e+00,1.000000000000000e+00
3.364672934586917e+00,1.000000000000000e+00
3.366673334666933e+00,1.000000000000000e+00
3.368673734746949e+00,1.000000000000000e+00
3.370674134826965e+00,1.000000000000000e+00
3.372674534906981e+00,1.000000000000000e+00
3.374674934986997e+00,1.000000000000000e+00
3.376675335067013e+00,1.000000000000000e+00
3.378675735147029e+00,1.000000000000000e+00
3.380676135227045e+00,1.000000000000000e+00
3.382676535307061e+00,1.000000000000000e+00
3.384676935387077e+00,1.000000000000000e+00
3.386677335467093e+00,1.000000000000000e+00
3.388677735547109e+00,1.000000000000000e+00
3.390678135627125e+00,1.000000000000000e+00
3.392678535707141e+00,1.000000000000000e+00
3.394678935787157e+00,1.000000000000000e+00
3.396679335867173e+00,1.000000000000000e+00
3.398679735947189e+00,1.000000000000000e+00
3.400680136027205e+00,1.000000000000000e+00
3.402680536107221e+00,1.000000000000000e+00
3.404680936187237e+00,1.000000000000000e+00
3.406681336267253e+00,1.000000000000000e+00
3.408681736347269e+00,1.000000000000000e+00
3.410682136427285e+00,1.000000000000000e+00
3.412682536507301e+00,1.000000000000000e+00
3.414682936587317e+00,1.000000000000000e+00
3.416683336667333e+00,1.000000000000000e+00
3.418683736747349e+00,1.000000000000000e+00
3.420684136827365e+00,1.000000000000000e+00
3.422684536907382e+00,1.000000000000000e+00
3.424684936987398e+00,1.000000000000000e+00
3.426685337067414e+00,1.000000000000000e+00
3.428685737147430e+00,1.000000000000000e+00
3.430686137227446e+00,1.000000000000000e+00
3.432686537307462e+00,1.000000000000000e+00
3.434686937387478e+00,1.000000000000000e+00
3.436687337467494e+00,1.000000000000000e+00
3.438687737547510e+00,1.000000000000000e+00
3.440688137627526e+00,1.000000000000000e+00
3.442688537707542e+00,1.000000000000000e+00
3.444688937787558e+00,1.000000000000000e+00
3.446689337867574e+00,1.000000000000000e+00
3.448689737947590e+00,1.000000000000000e+00
3.450690138027606e+00,1.000000000000000e+00
3.452690538107622e+00,1.000000000000000e+00
3.454690938187638e+00,1.000000000000000e+00
3.456691338267654e+00,1.000000000000000e+00
3.458691738347670e+00,1.000000000000000e+00
3.460692138427686e+00,1.000000000000000e+00
3.462692538507702e+00,1.000000000000000e+00
3.464692938587718e+00,1.000000000000000e+00
3.466693338667734e+00,1.000000000000000e+00
3.468693738747750e+00,1.000000000000000e+00
3.470694138827766e+00,1.000000000000000e+00
3.472694538907782e+00,1.000000000000000e+00
3.474694938987798e+00,1.000000000000000e+00
3.476695339067814e+00,1.000000000000000e+00
3.478695739147830e+00,1.000000000000000e+00
3.480696139227846e+00,1.000000000000000e+00
3.482696539307862e+00,1.000000000000000e+00
3.484696939387878e+00,1.000000000000000e+00
3.486697339467894e+00,1.000000000000000e+00
3.488697739547910e+00,1.000000000000000e+00
3.490698139627926e+00,1.000000000000000e+00
3.492698539707942e+00,1.000000000000000e+00
3.494698939787958e+00,1.000000000000000e+00
3.496699339867974e+00,1.000000000000000e+00
3.498699739947990e+00,1.000000000000000e+00
3.500700140028006e+00,1.000000000000000e+00
3.502700540108022e+00,1.000000000000000e+00
3.504700940188038e+00,1.000000000000000e+00
3.506701340268054e+00,1.000000000000000e+00
3.508701740348070e+00,1.000000000000000e+00
3.510702140428086e+00,1.000000000000000e+00
3.512702540508102e+00,1.000000000000000e+00
3.514702940588118e+00,1.000000000000000e+00
3.516703340668134e+00,1.000000000000000e+00
3.518703740748150e+00,1.000000000000000e+00
3.520704140828166e+00,1.000000000000000e+00
3.522704540908182e+00,1.000000000000000e+00
3.524704940988198e+00,1.000000000000000e+00
3.526705341068214e+00,1.000000000000000e+00
3.528705741148229e+00,1.000000000000000e+00
3.530706141228245e+00,1.000000000000000e+00
3.532706541308261e+00,1.000000000000000e+00
3.534706941388277e+00,1.000000000000000e+00
3.536707341468293e+00,1.000000000000000e+00
3.538707741548309e+00,1.000000000000000e+00
3.540708141628325e+00,1.000000000000000e+00
3.542708541708341e+00,1.000000000000000e+00
3.544708941788357e+00,1.000000000000000e+00
3.546709341868373e+00,1.000000000000000e+00
3.548709741948390e+00,1.000000000000000e+00
3.550710142028406e+00,1.000000000000000e+00
3.552710542108422e+00,1.000000000000000e+00
3.554710942188438e+00,1.000000000000000e+00
3.556711342268454e+00,1.000000000000000e+00
3.558711742348470e+00,1.000000000000000e+00
3.560712142428486e+00,1.000000000000000e+00
3.562712542508502e+00,1.000000000000000e+00
3.564712942588518e+00,1.000000000000000e+00
3.566713342668534e+00,1.000000000000000e+00
3.568713742748550e+00,1.000000000000000e+00
3.570714142828566e+00,1.000000000000000e+00
3.572714542908582e+00,1.000000000000000e+00
3.574714942988598e+00,1.000000000000000e+00
3.576715343068614e+00,1.000000000000000e+00
3.578715743148630e+00,1.000000000000000e+00
3.580716143228646e+00,1.000000000000000e+00
3.582716543308662e+00,1.000000000000000e+00
3.584716943388678e+00,1.000000000000000e+00
3.586717343468694e+00,1.000000000000000e+00
3.588717743548710e+00,1.000000000000000e+00
3.590718143628726e+00,1.000000000000000e+00
3.592718543708742e+00,1.000000000000000e+00
3.594718943788758e+00,1.000000000000000e+00
3.596719343868774e+00,1.000000000000000e+00
3.598719743948790e+00,1.000000000000000e+00
3.600720144028806e+00,1.000000000000000e+00
3.602720544108822e+00,1.000000000000000e+00
3.604720944188838e+00,1.000000000000000e+00
3.606721344268854e+00,1.000000000000000e+00
3.608721744348870e+00,1.000000000000000e+00
3.610722144428886e+00,1.000000000000000e+00
3.612722544508902e+00,1.000000000000000e+00
3.614722944588918e+00,1.000000000000000e+00
3.616723344668934e+00,1.000000000000000e+00
3.618723744748950e+00,1.000000000000000e+00
3.620724144828966e+00,1.000000000000000e+00
3.622724544908982e+00,1.000000000000000e+00
3.624724944988998e+00,1.000000000000000e+00
3.626725345069014e+00,1.000000000000000e+00
3.628725745149030e+00,1.000000000000000e+00
3.630726145229046e+00,1.000000000000000e+00
3.632726545309062e+00,1.000000000000000e+00
3.634726945389078e+00,1.000000000000000e+00
3.636727345469094e+00,1.000000000000000e+00
3.638727745549110e+00,1.000000000000000e+00
3.640728145629126e+00,1.000000000000000e+00
3.642728545709142e+00,1.000000000000000e+00
3.644728945789158e+00,1.000000000000000e+00
3.646729345869174e+00,1.000000000000000e+00
3.648729745949190e+00,1.000000000000000e+00
3.650730146029206e+00,1.000000000000000e+00
3.652730546109222e+00,1.000000000000000e+00
3.654730946189238e+00,1.000000000000000e+00
3.656731346269254e+00,1.000000000000000e+00
3.658731746349270e+00,1.000000000000000e+00
3.660732146429286e+00,1.000000000000000e+00
3.662732546509302e+00,1.000000000000000e+00
3.664732946589318e+00,1.000000000000000e+00
3.666733346669334e+00,1.000000000000000e+00
3.668733746749350e+00,1.000000000000000e+00
3.670734146829366e+00,1.000000000000000e+00
3.672734546909382e+00,1.000000000000000e+00
3.674734946989398e+00,1.000000000000000e+00
3.676735347069414e+00,1.000000000000000e+00
3.678735747149430e+00,1.000000000000000e+00
3.680736147229446e+00,1.000000000000000e+00
3.682736547309462e+00,1.000000000000000e+00
3.684736947389478e+00,1.000000000000000e+00
3.686737347469494e+00,1.000000000000000e+00
3.688737747549510e+00,1.000000000000000e+00
3.690738147629526e+00,1.000000000000000e+00
3.692738547709542e+00,1.000000000000000e+00
3.694738947789558e+00,1.000000000000000e+00
3.696739347869574e+00,1.000000000000000e+00
3.698739747949590e+00,1.000000000000000e+00
3.700740148029606e+00,1.000000000000000e+00
3.702740548109622e+00,1.000000000000000e+00
3.704740948189638e+00,1.000000000000000e+00
3.706741348269654e+00,1.000000000000000e+00
3.708741748349670e+00,1.000000000000000e+00
3.710742148429686e+00,1.000000000000000e+00
3.712742548509702e+00,1.000000000000000e+00
3.714742948589718e+00,1.000000000000000e+00
3.716743348669734e+00,1.000000000000000e+00
3.718743748749750e+00,1.000000000000000e+00
3.720744148829766e+00,1.000000000000000e+00
3.722744548909782e+00,1.000000000000000e+00
3.724744948989798e+00,1.000000000000000e+00
3.726745349069814e+00,1.000000000000000e+00
3.728745749149830e+00,1.000000000000000e+00
3.730746149229846e+00,1.000000000000000e+00
3.732746549309862e+00,1.000000000000000e+00
3.734746949389878e+00,1.000000000000000e+00
3.736747349469894e+00,1.000000000000000e+00
3.738747749549910e+00,1.000000000000000e+00
3.740748149629926e+00,1.000000000000000e+00
3.742748549709942e+00,1.000000000000000e+00
3.744748949789958e+00,1.000000000000000e+00
3.746749349869974e+00,1.000000000000000e+00
3.748749749949990e+00,1.000000000000000e+00
3.750750150030006e+00,1.000000000000000e+00
3.752750550110022e+00,1.000000000000000e+00
3.754750950190038e+00,1.000000000000000e+00
3.756751350270054e+00,1.000000000000000e+00
3.758751750350070e+00,1.000000000000000e+00
3.760752150430086e+00,1.000000000000000e+00
3.762752550510102e+00,1.000000000000000e+00
3.764752950590118e+00,1.000000000000000e+00
3.766753350670134e+00,1.000000000000000e+00
3.768753750750150e+00,1.000000000000000e+00
3.770754150830166e+00,1.000000000000000e+00
3.772754550910182e+00,1.000000000000000e+00
3.774754950990198e+00,1.000000000000000e+00
3.776755351070214e+00,1.000000000000000e+00
3.778755751150230e+00,1.000000000000000e+00
3.780756151230246e+00,1.000000000000000e+00
3.782756551310262e+00,1.000000000000000e+00
3.784756951390278e+00,1.000000000000000e+00
3.786757351470294e+00,1.000000000000000e+00
3.788757751550310e+00,1.000000000000000e+00
3.790758151630326e+00,1.000000000000000e+00
3.792758551710342e+00,1.000000000000000e+00
3.794758951790358e+00,1.000000000000000e+00
3.796759351870374e+00,1.000000000000000e+00
3.798759751950390e+00,1.000000000000000e+00
3.800760152030406e+00,1.000000000000000e+00
3.802760552110422e+00,1.000000000000000e+00
3.804760952190438e+00,1.000000000000000e+00
3.806761352270454e+00,1.000000000000000e+00
3.808761752350470e+00,1.000000000000000e+00
3.810762152430486e+00,1.000000000000000e+00
3.812762552510502e+00,1.000000000000000e+00
3.814762952590518e+00,1.000000000000000e+00
3.816763352670534e+00,1.000000000000000e+00
3.818763752750550e+00,1.000000000000000e+00
3.820764152830566e+00,1.000000000000000e+00
3.822764552910582e+00,1.000000000000000e+00
3.824764952990598e+00,1.000000000000000e+00
3.826765353070614e+00,1.000000000000000e+00
3.828765753150630e+00,1.000000000000000e+00
3.830766153230646e+00,1.000000000000000e+00
3.832766553310662e+00,1.000000000000000e+00
3.834766953390678e+00,1.000000000000000e+00
3.836767353470694e+00,1.000000000000000e+00
3.838767753550710e+00,1.000000000000000e+00
3.840768153630726e+00,1.000000000000000e+00
3.842768553710742e+00,1.000000000000000e+00
3.844768953790758e+00,1.000000000000000e+00
3.846769353870774e+00,1.000000000000000e+00
3.848769753950790e+00,1.000000000000000e+00
3.850770154030806e+00,1.000000000000000e+00
3.852770554110822e+00,1.000000000000000e+00
3.854770954190838e+00,1.000000000000000e+00
3.856771354270854e+00,1.000000000000000e+00
3.858771754350870e+00,1.000000000000000e+00
3.860772154430886e+00,1.000000000000000e+00
3.862772554510902e+00,1.000000000000000e+00
3.864772954590918e+00,1.000000000000000e+00
3.866773354670934e+00,1.000000000000000e+00
3.868773754750950e+00,1.000000000000000e+00
3.870774154830966e+00,1.000000000000000e+00
3.872774554910982e+00,1.000000000000000e+00
3.874774954990998e+00,1.000000000000000e+00
3.876775355071014e+00,1.000000000000000e+00
3.878775755151030e+00,1.000000000000000e+00
3.880776155231046e+00,1.000000000000000e+00
3.882776555311062e+00,1.000000000000000e+00
3.884776955391078e+00,1.000000000000000e+00
3.886777355471094e+00,1.000000000000000e+00
3.888777755551110e+00,1.000000000000000e+00
3.890778155631126e+00,1.000000000000000e+00
3.892778555711142e+00,1.000000000000000e+00
3.894778955791158e+00,1.000000000000000e+00
3.896779355871174e+00,1.000000000000000e+00
3.898779755951190e+00,1.000000000000000e+00
3.900780156031206e+00,1.000000000000000e+00
3.902780556111222e+00,1.000000000000000e+00
3.904780956191238e+00,1.000000000000000e+00
3.906781356271254e+00,1.000000000000000e+00
3.908781756351270e+00,1.000000000000000e+00
3.910782156431286e+00,1.000000000000000e+00
3.912782556511302e+00,1.000000000000000e+00
3.914782956591318e+00,1.000000000000000e+00
3.916783356671334e+00,1.000000000000000e+00
3.918783756751350e+00,1.000000000000000e+00
3.920784156831366e+00,1.000000000000000e+00
3.922784556911382e+00,1.000000000000000e+00
3.924784956991398e+00,1.000000000000000e+00
3.926785357071414e+00,1.000000000000000e+00
3.928785757151430e+00,1.000000000000000e+00
3.930786157231446e+00,1.000000000000000e+00
3.932786557311462e+00,1.000000000000000e+00
3.934786957391478e+00,1.000000000000000e+00
3.936787357471494e+00,1.000000000000000e+00
3.938787757551510e+00,1.000000000000000e+00
3.940788157631526e+00,1.000000000000000e+00
3.942788557711542e+00,1.000000000000000e+00
3.944788957791558e+00,1.000000000000000e+00
3.946789357871574e+00,1.000000000000000e+00
3.948789757951590e+00,1.000000000000000e+00
3.950790158031606e+00,1.000000000000000e+00
3.952790558111622e+00,1.000000000000000e+00
3.954790958191639e+00,1.000000000000000e+00
3.956791358271655e+00,1.000000000000000e+00
3.958791758351671e+00,1.000000000000000e+00
3.960792158431687e+00,1.000000000000000e+00
3.962792558511703e+00,1.000000000000000e+00
3.964792958591719e+00,1.000000000000000e+00
3.966793358671735e+00,1.000000000000000e+00
3.968793758751751e+00,1.000000000000000e+00
3.970794158831767e+00,1.000000000000000e+00
3.972794558911783e+00,1.000000000000000e+00
3.974794958991799e+00,1.000000000000000e+00
3.976795359071815e+00,1.000000000000000e+00
3.978795759151831e+00,1.000000000000000e+00
3.980796159231847e+00,1.000000000000000e+00
3.982796559311863e+00,1.000000000000000e+00
3.984796959391878e+00,1.000000000000000e+00
3.986797359471894e+00,1.000000000000000e+00
3.988797759551910e+00,1.000000000000000e+00
3.990798159631926e+00,1.000000000000000e+00
3.992798559711942e+00,1.000000000000000e+00
3.994798959791958e+00,1.000000000000000e+00
3.996799359871974e+00,1.000000000000000e+00
3.998799759951990e+00,1.000000000000000e+00
4.000800160032006e+00,1.000000000000000e+00
4.002800560112022e+00,1.000000000000000e+00
4.004800960192038e+00,1.000000000000000e+00
4.006801360272054e+00,1.000000000000000e+00
4.008801760352070e+00,1.000000000000000e+00
4.010802160432086e+00,1.000000000000000e+00
4.012802560512102e+00,1.000000000000000e+00
4.014802960592118e+00,1.000000000000000e+00
4.016803360672134e+00,1.000000000000000e+00
4.018803760752150e+00,1.000000000000000e+00
4.020804160832166e+00,1.000000000000000e+00
4.022804560912182e+00,1.000000000000000e+00
4.024804960992198e+00,1.000000000000000e+00
4.026805361072214e+00,1.000000000000000e+00
4.028805761152230e+00,1.000000000000000e+00
4.030806161232246e+00,1.000000000000000e+00
4.032806561312262e+00,1.000000000000000e+00
4.034806961392278e+00,1.000000000000000e+00
4.036807361472294e+00,1.000000000000000e+00
4.038807761552310e+00,1.000000000000000e+00
4.040808161632326e+00,1.000000000000000e+00
4.042808561712342e+00,1.000000000000000e+00
4.044808961792358e+00,1.000000000000000e+00
4.046809361872374e+00,1.000000000000000e+00
4.048809761952390e+00,1.000000000000000e+00
4.050810162032406e+00,1.000000000000000e+00
4.052810562112422e+00,1.000000000000000e+00
4.054810962192438e+00,1.000000000000000e+00
4.056811362272454e+00,1.000000000000000e+00
4.058811762352470e+00,1.000000000000000e+00
4.060812162432486e+00,1.000000000000000e+00
4.062812562512502e+00,1.000000000000000e+00
4.064812962592518e+00,1.000000000000000e+00
4.066813362672534e+00,1.000000000000000e+00
4.068813762752550e+00,1.000000000000000e+00
4.070814162832566e+00,1.000000000000000e+00
4.072814562912582e+00,1.000000000000000e+00
4.074814962992598e+00,1.000000000000000e+00
4.076815363072614e+00,1.000000000000000e+00
4.078815763152631e+00,1.000000000000000e+00
4.080816163232647e+00,1.000000000000000e+00
4.082816563312663e+00,1.000000000000000e+00
4.084816963392679e+00,1.000000000000000e+00
4.086817363472695e+00,1.000000000000000e+00
4.088817763552711e+00,1.000000000000000e+00
4.090818163632727e+00,1.000000000000000e+00
4.092818563712743e+00,1.000000000000000e+00
4.094818963792759e+00,1.000000000000000e+00
4.096819363872775e+00,1.000000000000000e+00
4.098819763952791e+00,1.000000000000000e+00
4.100820164032807e+00,1.000000000000000e+00
4.102820564112823e+00,1.000000000000000e+00
4.104820964192839e+00,1.000000000000000e+00
4.106821364272855e+00,1.000000000000000e+00
4.108821764352871e+00,1.000000000000000e+00
4.110822164432887e+00,1.000000000000000e+00
4.112822564512903e+00,1.000000000000000e+00
4.114822964592919e+00,1.000000000000000e+00
4.116823364672935e+00,1.000000000000000e+00
4.118823764752951e+00,1.000000000000000e+00
4.120824164832967e+00,1.000000000000000e+00
4.122824564912983e+00,1.000000000000000e+00
4.124824964992999e+00,1.000000000000000e+00
4.126825365073015e+00,1.000000000000000e+00
4.128825765153031e+00,1.000000000000000e+00
4.130826165233047e+00,1.000000000000000e+00
4.132826565313063e+00,1.000000000000000e+00
4.134826965393079e+00,1.000000000000000e+00
4.136827365473095e+00,1.000000000000000e+00
4.138827765553111e+00,1.000000000000000e+00
4.140828165633127e+00,1.000000000000000e+00
4.142828565713143e+00,1.000000000000000e+00
4.144828965793159e+00,1.000000000000000e+00
4.146829365873175e+00,1.000000000000000e+00
4.148829765953191e+00,1.000000000000000e+00
4.150830166033207e+00,1.000000000000000e+00
4.152830566113223e+00,1.000000000000000e+00
4.154830966193239e+00,1.000000000000000e+00
4.156831366273255e+00,1.000000000000000e+00
4.158831766353271e+00,1.000000000000000e+00
4.160832166433287e+00,1.000000000000000e+00
4.162832566513303e+00,1.000000000000000e+00
4.164832966593319e+00,1.000000000000000e+00
4.166833366673335e+00,1.000000000000000e+00
4.168833766753351e+00,1.000000000000000e+00
4.170834166833367e+00,1.000000000000000e+00
4.172834566913383e+00,1.000000000000000e+00
4.174834966993399e+00,1.000000000000000e+00
4.176835367073415e+00,1.000000000000000e+00
4.178835767153431e+00,1.000000000000000e+00
4.180836167233447e+00,1.000000000000000e+00
4.182836567313463e+00,1.000000000000000e+00
4.184836967393479e+00,1.000000000000000e+00
4.186837367473495e+00,1.000000000000000e+00
4.188837767553511e+00,1.000000000000000e+00
4.190838167633527e+00,1.000000000000000e+00
4.192838567713543e+00,1.000000000000000e+00
4.194838967793559e+00,1.000000000000000e+00
4.196839367873575e+00,1.000000000000000e+00
4.198839767953591e+00,1.000000000000000e+00
4.200840168033607e+00,1.000000000000000e+00
4.202840568113623e+00,1.000000000000000e+00
4.204840968193639e+00,1.000000000000000e+00
4.206841368273655e+00,1.000000000000000e+00
4.208841768353671e+00,1.000000000000000e+00
4.210842168433687e+00,1.000000000000000e+00
4.212842568513703e+00,1.000000000000000e+00
4.214842968593719e+00,1.000000000000000e+00
4.216843368673735e+00,1.000000000000000e+00
4.218843768753751e+00,1.000000000000000e+00
4.220844168833767e+00,1.000000000000000e+00
4.222844568913783e+00,1.000000000000000e+00
4.224844968993799e+00,1.000000000000000e+00
4.226845369073815e+00,1.000000000000000e+00
4.228845769153831e+00,1.000000000000000e+00
4.230846169233847e+00,1.000000000000000e+00
4.232846569313863e+00,1.000000000000000e+00
4.234846969393879e+00,1.000000000000000e+00
4.236847369473895e+00,1.000000000000000e+00
4.238847769553911e+00,1.000000000000000e+00
4.240848169633927e+00,1.000000000000000e+00
4.242848569713943e+00,1.000000000000000e+00
4.244848969793959e+00,1.000000000000000e+00
4.246849369873975e+00,1.000000000000000e+00
4.248849769953991e+00,1.000000000000000e+00
4.250850170034007e+00,1.000000000000000e+00
4.252850570114023e+00,1.000000000000000e+00
4.254850970194039e+00,1.000000000000000e+00
4.256851370274055e+00,1.000000000000000e+00
4.258851770354071e+00,1.000000000000000e+00
4.260852170434087e+00,1.000000000000000e+00
4.262852570514103e+00,1.000000000000000e+00
4.264852970594119e+00,1.000000000000000e+00
4.266853370674135e+00,1.000000000000000e+00
4.268853770754151e+00,1.000000000000000e+00
4.270854170834167e+00,1.000000000000000e+00
4.272854570914183e+00,1.000000000000000e+00
4.274854970994199e+00,1.000000000000000e+00
4.276855371074215e+00,1.000000000000000e+00
4.278855771154231e+00,1.000000000000000e+00
4.280856171234247e+00,1.000000000000000e+00
4.282856571314263e+00,1.000000000000000e+00
4.284856971394279e+00,1.000000000000000e+00
4.286857371474295e+00,1.000000000000000e+00
4.288857771554311e+00,1.000000000000000e+00
4.290858171634327e+00,1.000000000000000e+00
4.292858571714343e+00,1.000000000000000e+00
4.294858971794359e+00,1.000000000000000e+00
4.296859371874375e+00,1.000000000000000e+00
4.298859771954391e+00,1.000000000000000e+00
4.300860172034407e+00,1.000000000000000e+00
4.302860572114423e+00,1.000000000000000e+00
4.304860972194439e+00,1.000000000000000e+00
4.306861372274455e+00,1.000000000000000e+00
4.308861772354471e+00,1.000000000000000e+00
4.310862172434487e+00,1.000000000000000e+00
4.312862572514503e+00,1.000000000000000e+00
4.314862972594519e+00,1.000000000000000e+00
4.316863372674535e+00,1.000000000000000e+00
4.318863772754551e+00,1.000000000000000e+00
4.320864172834567e+00,1.000000000000000e+00
4.322864572914583e+00,1.000000000000000e+00
4.324864972994598e+00,1.000000000000000e+00
4.326865373074614e+00,1.000000000000000e+00
4.328865773154631e+00,1.000000000000000e+00
4.330866173234647e+00,1.000000000000000e+00
4.332866573314663e+00,1.000000000000000e+00
4.334866973394679e+00,1.000000000000000e+00
4.336867373474695e+00,1.000000000000000e+00
4.338867773554711e+00,1.000000000000000e+00
4.340868173634727e+00,1.000000000000000e+00
4.342868573714743e+00,1.000000000000000e+00
4.344868973794759e+00,1.000000000000000e+00
4.346869373874775e+00,1.000000000000000e+00
4.348869773954791e+00,1.000000000000000e+00
4.350870174034807e+00,1.000000000000000e+00
4.352870574114823e+00,1.000000000000000e+00
4.354870974194839e+00,1.000000000000000e+00
4.356871374274855e+00,1.000000000000000e+00
4.358871774354871e+00,1.000000000000000e+00
4.360872174434887e+00,1.000000000000000e+00
4.362872574514903e+00,1.000000000000000e+00
4.364872974594919e+00,1.000000000000000e+00
4.366873374674935e+00,1.000000000000000e+00
4.368873774754951e+00,1.000000000000000e+00
4.370874174834967e+00,1.000000000000000e+00
4.372874574914983e+00,1.000000000000000e+00
4.374874974994999e+00,1.000000000000000e+00
4.376875375075015e+00,1.000000000000000e+00
4.378875775155031e+00,1.000000000000000e+00
4.380876175235047e+00,1.000000000000000e+00
4.382876575315063e+00,1.000000000000000e+00
4.384876975395079e+00,1.000000000000000e+00
4.386877375475095e+00,1.000000000000000e+00
4.388877775555111e+00,1.000000000000000e+00
4.390878175635127e+00,1.000000000000000e+00
4.392878575715143e+00,1.000000000000000e+00
4.394878975795159e+00,1.000000000000000e+00
4.396879375875175e+00,1.000000000000000e+00
4.398879775955191e+00,1.000000000000000e+00
4.400880176035207e+00,1.000000000000000e+00
4.402880576115223e+00,1.000000000000000e+00
4.404880976195239e+00,1.000000000000000e+00
4.406881376275255e+00,1.000000000000000e+00
4.408881776355271e+00,1.000000000000000e+00
4.410882176435287e+00,1.000000000000000e+00
4.412882576515303e+00,1.000000000000000e+00
4.414882976595319e+00,1.000000000000000e+00
4.416883376675335e+00,1.000000000000000e+00
4.418883776755351e+00,1.000000000000000e+00
4.420884176835367e+00,1.000000000000000e+00
4.422884576915383e+00,1.000000000000000e+00
4.424884976995399e+00,1.000000000000000e+00
4.426885377075415e+00,1.000000000000000e+00
4.428885777155431e+00,1.000000000000000e+00
4.430886177235447e+00,1.000000000000000e+00
4.432886577315463e+00,1.000000000000000e+00
4.434886977395479e+00,1.000000000000000e+00
4.436887377475495e+00,1.000000000000000e+00
4.438887777555511e+00,1.000000000000000e+00
4.440888177635527e+00,1.000000000000000e+00
4.442888577715543e+00,1.000000000000000e+00
4.444888977795559e+00,1.000000000000000e+00
4.446889377875575e+00,1.000000000000000e+00
4.448889777955591e+00,1.000000000000000e+00
4.450890178035607e+00,1.000000000000000e+00
4.452890578115623e+00,1.000000000000000e+00
4.454890978195639e+00,1.000000000000000e+00
4.456891378275655e+00,1.000000000000000e+00
4.458891778355671e+00,1.000000000000000e+00
4.460892178435687e+00,1.000000000000000e+00
4.462892578515703e+00,1.000000000000000e+00
4.464892978595719e+00,1.000000000000000e+00
4.466893378675735e+00,1.000000000000000e+00
4.468893778755751e+00,1.000000000000000e+00
4.470894178835767e+00,1.000000000000000e+00
4.472894578915783e+00,1.000000000000000e+00
4.474894978995799e+00,1.000000000000000e+00
4.476895379075815e+00,1.000000000000000e+00
4.478895779155831e+00,1.000000000000000e+00
4.480896179235847e+00,1.000000000000000e+00
4.482896579315863e+00,1.000000000000000e+00
4.484896979395879e+00,1.000000000000000e+00
4.486897379475895e+00,1.000000000000000e+00
4.488897779555911e+00,1.000000000000000e+00
4.490898179635927e+00,1.000000000000000e+00
4.492898579715943e+00,1.000000000000000e+00
4.494898979795959e+00,1.000000000000000e+00
4.496899379875975e+00,1.000000000000000e+00
4.498899779955991e+00,1.000000000000000e+00
4.500900180036007e+00,1.000000000000000e+00
4.502900580116023e+00,1.000000000000000e+00
4.504900980196039e+00,1.000000000000000e+00
4.506901380276055e+00,1.000000000000000e+00
4.508901780356071e+00,1.000000000000000e+00
4.510902180436087e+00,1.000000000000000e+00
4.512902580516103e+00,1.000000000000000e+00
4.514902980596119e+00,1.000000000000000e+00
4.516903380676135e+00,1.000000000000000e+00
4.518903780756151e+00,1.000000000000000e+00
4.520904180836167e+00,1.000000000000000e+00
4.522904580916183e+00,1.000000000000000e+00
4.524904980996199e+00,1.000000000000000e+00
4.526905381076215e+00,1.000000000000000e+00
4.528905781156231e+00,1.000000000000000e+00
4.530906181236247e+00,1.000000000000000e+00
4.532906581316263e+00,1.000000000000000e+00
4.534906981396279e+00,1.000000000000000e+00
4.536907381476295e+00,1.000000000000000e+00
4.538907781556311e+00,1.000000000000000e+00
4.540908181636327e+00,1.000000000000000e+00
4.542908581716343e+00,1.000000000000000e+00
4.544908981796359e+00,1.000000000000000e+00
4.546909381876375e+00,1.000000000000000e+00
4.548909781956391e+00,1.000000000000000e+00
4.550910182036407e+00,1.000000000000000e+00
4.552910582116423e+00,1.000000000000000e+00
4.554910982196439e+00,1.000000000000000e+00
4.556911382276455e+00,1.000000000000000e+00
4.558911782356471e+00,1.000000000000000e+00
4.560912182436487e+00,1.000000000000000e+00
4.562912582516503e+00,1.000000000000000e+00
4.564912982596519e+00,1.000000000000000e+00
4.566913382676535e+00,1.000000000000000e+00
4.568913782756551e+00,1.000000000000000e+00
4.570914182836567e+00,1.000000000000000e+00
4.572914582916583e+00,1.000000000000000e+00
4.574914982996599e+00,1.000000000000000e+00
4.576915383076615e+00,1.000000000000000e+00
4.578915783156631e+00,1.000000000000000e+00
4.580916183236647e+00,1.000000000000000e+00
4.582916583316663e+00,1.000000000000000e+00
4.584916983396679e+00,1.000000000000000e+00
4.586917383476695e+00,1.000000000000000e+00
4.588917783556711e+00,1.000000000000000e+00
4.590918183636727e+00,1.000000000000000e+00
4.592918583716743e+00,1.000000000000000e+00
4.594918983796759e+00,1.000000000000000e+00
4.596919383876775e+00,1.000000000000000e+00
4.598919783956791e+00,1.000000000000000e+00
4.600920184036807e+00,1.000000000000000e+00
4.602920584116823e+00,1.000000000000000e+00
4.604920984196839e+00,1.000000000000000e+00
4.606921384276855e+00,1.000000000000000e+00
4.608921784356871e+00,1.000000000000000e+00
4.610922184436888e+00,1.000000000000000e+00
4.612922584516904e+00,1.000000000000000e+00
4.614922984596920e+00,1.000000000000000e+00
4.616923384676936e+00,1.000000000000000e+00
4.618923784756952e+00,1.000000000000000e+00
4.620924184836968e+00,1.000000000000000e+00
4.622924584916984e+00,1.000000000000000e+00
4.624924984997000e+00,1.000000000000000e+00
4.626925385077016e+00,1.000000000000000e+00
4.628925785157032e+00,1.000000000000000e+00
4.630926185237048e+00,1.000000000000000e+00
4.632926585317064e+00,1.000000000000000e+00
4.634926985397080e+00,1.000000000000000e+00
4.636927385477096e+00,1.000000000000000e+00
4.638927785557112e+00,1.000000000000000e+00
4.640928185637128e+00,1.000000000000000e+00
4.642928585717144e+00,1.000000000000000e+00
4.644928985797160e+00,1.000000000000000e+00
4.646929385877176e+00,1.000000000000000e+00
4.648929785957192e+00,1.000000000000000e+00
4.650930186037208e+00,1.000000000000000e+00
4.652930586117224e+00,1.000000000000000e+00
4.654930986197240e+00,1.000000000000000e+00
4.656931386277256e+00,1.000000000000000e+00
4.658931786357272e+00,1.000000000000000e+00
4.660932186437288e+00,1.000000000000000e+00
4.662932586517304e+00,1.000000000000000e+00
4.664932986597320e+00,1.000000000000000e+00
4.666933386677336e+00,1.000000000000000e+00
4.668933786757352e+00,1.000000000000000e+00
4.670934186837368e+00,1.000000000000000e+00
4.672934586917384e+00,1.000000000000000e+00
4.674934986997400e+00,1.000000000000000e+00
4.676935387077416e+00,1.000000000000000e+00
4.678935787157432e+00,1.000000000000000e+00
4.680936187237448e+00,1.000000000000000e+00
4.682936587317464e+00,1.000000000000000e+00
4.684936987397480e+00,1.000000000000000e+00
4.686937387477496e+00,1.000000000000000e+00
4.688937787557512e+00,1.000000000000000e+00
4.690938187637528e+00,1.000000000000000e+00
4.692938587717544e+00,1.000000000000000e+00
4.694938987797560e+00,1.000000000000000e+00
4.696939387877576e+00,1.000000000000000e+00
4.698939787957592e+00,1.000000000000000e+00
4.700940188037608e+00,1.000000000000000e+00
4.702940588117624e+00,1.000000000000000e+00
4.704940988197640e+00,1.000000000000000e+00
4.706941388277656e+00,1.000000000000000e+00
4.708941788357672e+00,1.000000000000000e+00
4.710942188437688e+00,1.000000000000000e+00
4.712942588517704e+00,1.000000000000000e+00
4.714942988597720e+00,1.000000000000000e+00
4.716943388677736e+00,1.000000000000000e+00
4.718943788757752e+00,1.000000000000000e+00
4.720944188837768e+00,1.000000000000000e+00
4.722944588917784e+00,1.000000000000000e+00
4.724944988997800e+00,1.000000000000000e+00
4.726945389077816e+00,1.000000000000000e+00
4.728945789157832e+00,1.000000000000000e+00
4.730946189237848e+00,1.000000000000000e+00
4.732946589317864e+00,1.000000000000000e+00
4.734946989397880e+00,1.000000000000000e+00
4.736947389477896e+00,1.000000000000000e+00
4.738947789557912e+00,1.000000000000000e+00
4.740948189637928e+00,1.000000000000000e+00
4.742948589717944e+00,1.000000000000000e+00
4.744948989797960e+00,1.000000000000000e+00
4.746949389877976e+00,1.000000000000000e+00
4.748949789957992e+00,1.000000000000000e+00
4.750950190038008e+00,1.000000000000000e+00
4.752950590118024e+00,1.000000000000000e+00
4.754950990198040e+00,1.000000000000000e+00
4.756951390278056e+00,1.000000000000000e+00
4.758951790358072e+00,1.000000000000000e+00
4.760952190438088e+00,1.000000000000000e+00
4.762952590518104e+00,1.000000000000000e+00
4.764952990598120e+00,1.000000000000000e+00
4.766953390678136e+00,1.000000000000000e+00
4.768953790758152e+00,1.000000000000000e+00
4.770954190838168e+00,1.000000000000000e+00
4.772954590918184e+00,1.000000000000000e+00
4.774954990998200e+00,1.000000000000000e+00
4.776955391078216e+00,1.000000000000000e+00
4.778955791158232e+00,1.000000000000000e+00
4.780956191238247e+00,1.000000000000000e+00
4.782956591318263e+00,1.000000000000000e+00
4.784956991398279e+00,1.000000000000000e+00
4.786957391478295e+00,1.000000000000000e+00
4.788957791558311e+00,1.000000000000000e+00
4.790958191638327e+00,1.000000000000000e+00
4.792958591718343e+00,1.000000000000000e+00
4.794958991798359e+00,1.000000000000000e+00
4.796959391878375e+00,1.000000000000000e+00
4.798959791958391e+00,1.000000000000000e+00
4.800960192038407e+00,1.000000000000000e+00
4.802960592118423e+00,1.000000000000000e+00
4.804960992198439e+00,1.000000000000000e+00
4.806961392278455e+00,1.000000000000000e+00
4.808961792358471e+00,1.000000000000000e+00
4.810962192438487e+00,1.000000000000000e+00
4.812962592518503e+00,1.000000000000000e+00
4.814962992598519e+00,1.000000000000000e+00
4.816963392678535e+00,1.000000000000000e+00
4.818963792758551e+00,1.000000000000000e+00
4.820964192838567e+00,1.000000000000000e+00
4.822964592918583e+00,1.000000000000000e+00
4.824964992998599e+00,1.000000000000000e+00
4.826965393078615e+00,1.000000000000000e+00
4.828965793158631e+00,1.000000000000000e+00
4.830966193238647e+00,1.000000000000000e+00
4.832966593318663e+00,1.000000000000000e+00
4.834966993398679e+00,1.000000000000000e+00
4.836967393478695e+00,1.000000000000000e+00
4.838967793558711e+00,1.000000000000000e+00
4.840968193638727e+00,1.000000000000000e+00
4.842968593718743e+00,1.000000000000000e+00
4.844968993798759e+00,1.000000000000000e+00
4.846969393878775e+00,1.000000000000000e+00
4.848969793958791e+00,1.000000000000000e+00
4.850970194038807e+00,1.000000000000000e+00
4.852970594118823e+00,1.000000000000000e+00
4.854970994198839e+00,1.000000000000000e+00
4.856971394278855e+00,1.000000000000000e+00
4.858971794358871e+00,1.000000000000000e+00
4.860972194438888e+00,1.000000000000000e+00
4.862972594518904e+00,1.000000000000000e+00
4.864972994598920e+00,1.000000000000000e+00
4.866973394678936e+00,1.000000000000000e+00
4.868973794758952e+00,1.000000000000000e+00
4.870974194838968e+00,1.000000000000000e+00
4.872974594918984e+00,1.000000000000000e+00
4.874974994999000e+00,1.000000000000000e+00
4.876975395079016e+00,1.000000000000000e+00
4.878975795159032e+00,1.000000000000000e+00
4.880976195239048e+00,1.000000000000000e+00
4.882976595319064e+00,1.000000000000000e+00
4.884976995399080e+00,1.000000000000000e+00
4.886977395479096e+00,1.000000000000000e+00
4.888977795559112e+00,1.000000000000000e+00
4.890978195639128e+00,1.000000000000000e+00
4.892978595719144e+00,1.000000000000000e+00
4.894978995799160e+00,1.000000000000000e+00
4.896979395879176e+00,1.000000000000000e+00
4.898979795959192e+00,1.000000000000000e+00
4.900980196039208e+00,1.000000000000000e+00
4.902980596119224e+00,1.000000000000000e+00
4.904980996199240e+00,1.000000000000000e+00
4.906981396279256e+00,1.000000000000000e+00
4.908981796359272e+00,1.000000000000000e+00
4.910982196439288e+00,1.000000000000000e+00
4.912982596519304e+00,1.000000000000000e+00
4.914982996599320e+00,1.000000000000000e+00
4.916983396679336e+00,1.000000000000000e+00
4.918983796759352e+00,1.000000000000000e+00
4.920984196839368e+00,1.000000000000000e+00
4.922984596919384e+00,1.000000000000000e+00
4.924984996999400e+00,1.000000000000000e+00
4.926985397079416e+00,1.000000000000000e+00
4.928985797159432e+00,1.000000000000000e+00
4.930986197239448e+00,1.000000000000000e+00
4.932986597319464e+00,1.000000000000000e+00
4.934986997399480e+00,1.000000000000000e+00
4.936987397479496e+00,1.000000000000000e+00
4.938987797559512e+00,1.000000000000000e+00
4.940988197639528e+00,1.000000000000000e+00
4.942988597719544e+00,1.000000000000000e+00
4.944988997799560e+00,1.000000000000000e+00
4.946989397879576e+00,1.000000000000000e+00
4.948989797959592e+00,1.000000000000000e+00
4.950990198039608e+00,1.000000000000000e+00
4.952990598119624e+00,1.000000000000000e+00
4.954990998199640e+00,1.000000000000000e+00
4.956991398279656e+00,1.000000000000000e+00
4.958991798359672e+00,1.000000000000000e+00
4.960992198439688e+00,1.000000000000000e+00
4.962992598519704e+00,1.000000000000000e+00
4.964992998599720e+00,1.000000000000000e+00
4.966993398679736e+00,1.000000000000000e+00
4.968993798759752e+00,1.000000000000000e+00
4.970994198839768e+00,1.000000000000000e+00
4.972994598919784e+00,1.000000000000000e+00
4.974994998999800e+00,1.000000000000000e+00
4.976995399079816e+00,1.000000000000000e+00
4.978995799159832e+00,1.000000000000000e+00
4.980996199239848e+00,1.000000000000000e+00
4.982996599319864e+00,1.000000000000000e+00
4.984996999399880e+00,1.000000000000000e+00
4.986997399479896e+00,1.000000000000000e+00
4.988997799559912e+00,1.000000000000000e+00
4.990998199639928e+00,1.000000000000000e+00
4.992998599719944e+00,1.000000000000000e+00
4.994998999799960e+00,1.000000000000000e+00
4.996999399879976e+00,1.000000000000000e+00
4.998999799959992e+00,1.000000000000000e+00
5.001000200040008e+00,1.000000000000000e+00
5.003000600120024e+00,1.000000000000000e+00
5.005001000200040e+00,1.000000000000000e+00
5.007001400280056e+00,1.000000000000000e+00
5.009001800360072e+00,1.000000000000000e+00
5.011002200440088e+00,1.000000000000000e+00
5.013002600520104e+00,1.000000000000000e+00
5.015003000600120e+00,1.000000000000000e+00
5.017003400680136e+00,1.000000000000000e+00
5.019003800760152e+00,1.000000000000000e+00
5.021004200840168e+00,1.000000000000000e+00
5.023004600920184e+00,1.000000000000000e+00
5.025005001000200e+00,1.000000000000000e+00
5.027005401080216e+00,1.000000000000000e+00
5.029005801160232e+00,1.000000000000000e+00
5.031006201240248e+00,1.000000000000000e+00
5.033006601320264e+00,1.000000000000000e+00
5.035007001400280e+00,1.000000000000000e+00
5.037007401480296e+00,1.000000000000000e+00
5.039007801560312e+00,1.000000000000000e+00
5.041008201640328e+00,1.000000000000000e+00
5.043008601720344e+00,1.000000000000000e+00
5.045009001800360e+00,1.000000000000000e+00
5.047009401880376e+00,1.000000000000000e+00
5.049009801960392e+00,1.000000000000000e+00
5.051010202040408e+00,1.000000000000000e+00
5.053010602120424e+00,1.000000000000000e+00
5.055011002200440e+00,1.000000000000000e+00
5.057011402280456e+00,1.000000000000000e+00
5.059011802360472e+00,1.000000000000000e+00
5.061012202440488e+00,1.000000000000000e+00
5.063012602520504e+00,1.000000000000000e+00
5.065013002600520e+00,1.000000000000000e+00
5.067013402680536e+00,1.000000000000000e+00
5.069013802760552e+00,1.000000000000000e+00
5.071014202840568e+00,1.000000000000000e+00
5.073014602920584e+00,1.000000000000000e+00
5.075015003000600e+00,1.000000000000000e+00
5.077015403080616e+00,1.000000000000000e+00
5.079015803160632e+00,1.000000000000000e+00
5.081016203240648e+00,1.000000000000000e+00
5.083016603320664e+00,1.000000000000000e+00
5.085017003400680e+00,1.000000000000000e+00
5.087017403480696e+00,1.000000000000000e+00
5.089017803560712e+00,1.000000000000000e+00
5.091018203640728e+00,1.000000000000000e+00
5.093018603720744e+00,1.000000000000000e+00
5.095019003800760e+00,1.000000000000000e+00
5.097019403880776e+00,1.000000000000000e+00
5.099019803960792e+00,1.000000000000000e+00
5.101020204040808e+00,1.000000000000000e+00
5.103020604120824e+00,1.000000000000000e+00
5.105021004200840e+00,1.000000000000000e+00
5.107021404280856e+00,1.000000000000000e+00
5.109021804360872e+00,1.000000000000000e+00
5.111022204440888e+00,1.000000000000000e+00
5.113022604520904e+00,1.000000000000000e+00
5.115023004600920e+00,1.000000000000000e+00
5.117023404680936e+00,1.000000000000000e+00
5.119023804760952e+00,1.000000000000000e+00
5.121024204840968e+00,1.000000000000000e+00
5.123024604920984e+00,1.000000000000000e+00
5.125025005001000e+00,1.000000000000000e+00
5.127025405081016e+00,1.000000000000000e+00
5.129025805161032e+00,1.000000000000000e+00
5.131026205241048e+00,1.000000000000000e+00
5.133026605321064e+00,1.000000000000000e+00
5.135027005401080e+00,1.000000000000000e+00
5.137027405481096e+00,1.000000000000000e+00
5.139027805561112e+00,1.000000000000000e+00
5.141028205641129e+00,1.000000000000000e+00
5.143028605721145e+00,1.000000000000000e+00
5.145029005801161e+00,1.000000000000000e+00
5.147029405881177e+00,1.000000000000000e+00
5.149029805961193e+00,1.000000000000000e+00
5.151030206041209e+00,1.000000000000000e+00
5.153030606121225e+00,1.000000000000000e+00
5.155031006201241e+00,1.000000000000000e+00
5.157031406281257e+00,1.000000000000000e+00
5.159031806361273e+00,1.000000000000000e+00
5.161032206441289e+00,1.000000000000000e+00
5.163032606521305e+00,1.000000000000000e+00
5.165033006601321e+00,1.000000000000000e+00
5.167033406681337e+00,1.000000000000000e+00
5.169033806761353e+00,1.000000000000000e+00
5.171034206841369e+00,1.000000000000000e+00
5.173034606921385e+00,1.000000000000000e+00
5.175035007001401e+00,1.000000000000000e+00
5.177035407081417e+00,1.000000000000000e+00
5.179035807161433e+00,1.000000000000000e+00
5.181036207241449e+00,1.000000000000000e+00
5.183036607321465e+00,1.000000000000000e+00
5.185037007401481e+00,1.000000000000000e+00
5.187037407481497e+00,1.000000000000000e+00
5.189037807561513e+00,1.000000000000000e+00
5.191038207641529e+00,1.000000000000000e+00
5.193038607721545e+00,1.000000000000000e+00
5.195039007801561e+00,1.000000000000000e+00
5.197039407881577e+00,1.000000000000000e+00
5.199039807961593e+00,1.000000000000000e+00
5.201040208041609e+00,1.000000000000000e+00
5.203040608121625e+00,1.000000000000000e+00
5.205041008201641e+00,1.000000000000000e+00
5.207041408281657e+00,1.000000000000000e+00
5.209041808361673e+00,1.000000000000000e+00
5.211042208441689e+00,1.000000000000000e+00
5.213042608521705e+00,1.000000000000000e+00
5.215043008601721e+00,1.000000000000000e+00
5.217043408681737e+00,1.000000000000000e+00
5.219043808761753e+00,1.000000000000000e+00
5.221044208841769e+00,1.000000000000000e+00
5.223044608921785e+00,1.000000000000000e+00
5.225045009001801e+00,1.000000000000000e+00
5.227045409081817e+00,1.000000000000000e+00
5.229045809161833e+00,1.000000000000000e+00
5.231046209241849e+00,1.000000000000000e+00
5.233046609321865e+00,1.000000000000000e+00
5.235047009401880e+00,1.000000000000000e+00
5.237047409481896e+00,1.000000000000000e+00
5.239047809561912e+00,1.000000000000000e+00
5.241048209641928e+00,1.000000000000000e+00
5.243048609721944e+00,1.000000000000000e+00
5.245049009801960e+00,1.000000000000000e+00
5.247049409881976e+00,1.000000000000000e+00
5.249049809961992e+00,1.000000000000000e+00
5.251050210042008e+00,1.000000000000000e+00
5.253050610122024e+00,1.000000000000000e+00
5.255051010202040e+00,1.000000000000000e+00
5.257051410282056e+00,1.000000000000000e+00
5.259051810362072e+00,1.000000000000000e+00
5.261052210442088e+00,1.000000000000000e+00
5.263052610522104e+00,1.000000000000000e+00
5.265053010602120e+00,1.000000000000000e+00
5.267053410682136e+00,1.000000000000000e+00
5.269053810762152e+00,1.000000000000000e+00
5.271054210842168e+00,1.000000000000000e+00
5.273054610922184e+00,1.000000000000000e+00
5.275055011002200e+00,1.000000000000000e+00
5.277055411082216e+00,1.000000000000000e+00
5.279055811162232e+00,1.000000000000000e+00
5.281056211242248e+00,1.000000000000000e+00
5.283056611322264e+00,1.000000000000000e+00
5.285057011402280e+00,1.000000000000000e+00
5.287057411482296e+00,1.000000000000000e+00
5.289057811562312e+00,1.000000000000000e+00
5.291058211642328e+00,1.000000000000000e+00
5.293058611722344e+00,1.000000000000000e+00
5.295059011802360e+00,1.000000000000000e+00
5.297059411882376e+00,1.000000000000000e+00
5.299059811962392e+00,1.000000000000000e+00
5.301060212042408e+00,1.000000000000000e+00
5.303060612122424e+00,1.000000000000000e+00
5.305061012202440e+00,1.000000000000000e+00
5.307061412282456e+00,1.000000000000000e+00
5.309061812362472e+00,1.000000000000000e+00
5.311062212442488e+00,1.000000000000000e+00
5.313062612522504e+00,1.000000000000000e+00
5.315063012602520e+00,1.000000000000000e+00
5.317063412682536e+00,1.000000000000000e+00
5.319063812762552e+00,1.000000000000000e+00
5.321064212842568e+00,1.000000000000000e+00
5.323064612922584e+00,1.000000000000000e+00
5.325065013002600e+00,1.000000000000000e+00
5.327065413082616e+00,1.000000000000000e+00
5.329065813162632e+00,1.000000000000000e+00
5.331066213242648e+00,1.000000000000000e+00
5.333066613322664e+00,1.000000000000000e+00
5.335067013402680e+00,1.000000000000000e+00
5.337067413482696e+00,1.000000000000000e+00
5.339067813562712e+00,1.000000000000000e+00
5.341068213642728e+00,1.000000000000000e+00
5.343068613722744e+00,1.000000000000000e+00
5.345069013802760e+00,1.000000000000000e+00
5.347069413882776e+00,1.000000000000000e+00
5.349069813962792e+00,1.000000000000000e+00
5.351070214042808e+00,1.000000000000000e+00
5.353070614122824e+00,1.000000000000000e+00
5.355071014202840e+00,1.000000000000000e+00
5.357071414282856e+00,1.000000000000000e+00
5.359071814362872e+00,1.000000000000000e+00
5.361072214442888e+00,1.000000000000000e+00
5.363072614522904e+00,1.000000000000000e+00
5.365073014602920e+00,1.000000000000000e+00
5.367073414682936e+00,1.000000000000000e+00
5.369073814762952e+00,1.000000000000000e+00
5.371074214842968e+00,1.000000000000000e+00
5.373074614922984e+00,1.000000000000000e+00
5.375075015003000e+00,1.000000000000000e+00
5.377075415083016e+00,1.000000000000000e+00
5.379075815163032e+00,1.000000000000000e+00
5.381076215243048e+00,1.000000000000000e+00
5.383076615323064e+00,1.000000000000000e+00
5.385077015403080e+00,1.000000000000000e+00
5.387077415483096e+00,1.000000000000000e+00
5.389077815563112e+00,1.000000000000000e+00
5.391078215643129e+00,1.000000000000000e+00
5.393078615723145e+00,1.000000000000000e+00
5.395079015803161e+00,1.000000000000000e+00
5.397079415883177e+00,1.000000000000000e+00
5.399079815963193e+00,1.000000000000000e+00
5.401080216043209e+00,1.000000000000000e+00
5.403080616123225e+00,1.000000000000000e+00
5.405081016203241e+00,1.000000000000000e+00
5.407081416283257e+00,1.000000000000000e+00
5.409081816363273e+00,1.000000000000000e+00
5.411082216443289e+00,1.000000000000000e+00
5.413082616523305e+00,1.000000000000000e+00
5.415083016603321e+00,1.000000000000000e+00
5.417083416683337e+00,1.000000000000000e+00
5.419083816763353e+00,1.000000000000000e+00
5.421084216843369e+00,1.000000000000000e+00
5.423084616923385e+00,1.000000000000000e+00
5.425085017003401e+00,1.000000000000000e+00
5.427085417083417e+00,1.000000000000000e+00
5.429085817163433e+00,1.000000000000000e+00
5.431086217243449e+00,1.000000000000000e+00
5.433086617323465e+00,1.000000000000000e+00
5.435087017403481e+00,1.000000000000000e+00
5.437087417483497e+00,1.000000000000000e+00
5.439087817563513e+00,1.000000000000000e+00
5.441088217643529e+00,1.000000000000000e+00
5.443088617723545e+00,1.000000000000000e+00
5.445089017803561e+00,1.000000000000000e+00
5.447089417883577e+00,1.000000000000000e+00
5.449089817963593e+00,1.000000000000000e+00
5.451090218043609e+00,1.000000000000000e+00
5.453090618123625e+00,1.000000000000000e+00
5.455091018203641e+00,1.000000000000000e+00
5.457091418283657e+00,1.000000000000000e+00
5.459091818363673e+00,1.000000000000000e+00
5.461092218443689e+00,1.000000000000000e+00
5.463092618523705e+00,1.000000000000000e+00
5.465093018603721e+00,1.000000000000000e+00
5.467093418683737e+00,1.000000000000000e+00
5.469093818763753e+00,1.000000000000000e+00
5.471094218843769e+00,1.000000000000000e+00
5.473094618923785e+00,1.000000000000000e+00
5.475095019003801e+00,1.000000000000000e+00
5.477095419083817e+00,1.000000000000000e+00
5.479095819163833e+00,1.000000000000000e+00
5.481096219243849e+00,1.000000000000000e+00
5.483096619323865e+00,1.000000000000000e+00
5.485097019403881e+00,1.000000000000000e+00
5.487097419483897e+00,1.000000000000000e+00
5.489097819563913e+00,1.000000000000000e+00
5.491098219643929e+00,1.000000000000000e+00
5.493098619723945e+00,1.000000000000000e+00
5.495099019803961e+00,1.000000000000000e+00
5.497099419883977e+00,1.000000000000000e+00
5.499099819963993e+00,1.000000000000000e+00
5.501100220044009e+00,1.000000000000000e+00
5.503100620124025e+00,1.000000000000000e+00
5.505101020204041e+00,1.000000000000000e+00
5.507101420284057e+00,1.000000000000000e+00
5.509101820364073e+00,1.000000000000000e+00
5.511102220444089e+00,1.000000000000000e+00
5.513102620524105e+00,1.000000000000000e+00
5.515103020604121e+00,1.000000000000000e+00
5.517103420684137e+00,1.000000000000000e+00
5.519103820764153e+00,1.000000000000000e+00
5.521104220844169e+00,1.000000000000000e+00
5.523104620924185e+00,1.000000000000000e+00
5.525105021004201e+00,1.000000000000000e+00
5.527105421084217e+00,1.000000000000000e+00
5.529105821164233e+00,1.000000000000000e+00
5.531106221244249e+00,1.000000000000000e+00
5.533106621324265e+00,1.000000000000000e+00
5.535107021404281e+00,1.000000000000000e+00
5.537107421484297e+00,1.000000000000000e+00
5.539107821564313e+00,1.000000000000000e+00
5.541108221644329e+00,1.000000000000000e+00
5.543108621724345e+00,1.000000000000000e+00
5.545109021804361e+00,1.000000000000000e+00
5.547109421884377e+00,1.000000000000000e+00
5.549109821964393e+00,1.000000000000000e+00
5.551110222044409e+00,1.000000000000000e+00
5.553110622124425e+00,1.000000000000000e+00
5.555111022204441e+00,1.000000000000000e+00
5.557111422284457e+00,1.000000000000000e+00
5.559111822364473e+00,1.000000000000000e+00
5.561112222444489e+00,1.000000000000000e+00
5.563112622524505e+00,1.000000000000000e+00
5.565113022604521e+00,1.000000000000000e+00
5.567113422684537e+00,1.000000000000000e+00
5.569113822764553e+00,1.000000000000000e+00
5.571114222844569e+00,1.000000000000000e+00
5.573114622924585e+00,1.000000000000000e+00
5.575115023004601e+00,1.000000000000000e+00
5.577115423084617e+00,1.000000000000000e+00
5.579115823164633e+00,1.000000000000000e+00
5.581116223244649e+00,1.000000000000000e+00
5.583116623324665e+00,1.000000000000000e+00
5.585117023404681e+00,1.000000000000000e+00
5.587117423484697e+00,1.000000000000000e+00
5.589117823564713e+00,1.000000000000000e+00
5.591118223644729e+00,1.000000000000000e+00
5.593118623724745e+00,1.000000000000000e+00
5.595119023804761e+00,1.000000000000000e+00
5.597119423884777e+00,1.000000000000000e+00
5.599119823964793e+00,1.000000000000000e+00
5.601120224044809e+00,1.000000000000000e+00
5.603120624124825e+00,1.000000000000000e+00
5.605121024204841e+00,1.000000000000000e+00
5.607121424284857e+00,1.000000000000000e+00
5.609121824364873e+00,1.000000000000000e+00
5.611122224444889e+00,1.000000000000000e+00
5.613122624524905e+00,1.000000000000000e+00
5.615123024604921e+00,1.000000000000000e+00
5.617123424684937e+00,1.000000000000000e+00
5.619123824764953e+00,1.000000000000000e+00
5.621124224844969e+00,1.000000000000000e+00
5.623124624924985e+00,1.000000000000000e+00
5.625125025005001e+00,1.000000000000000e+00
5.627125425085017e+00,1.000000000000000e+00
5.629125825165033e+00,1.000000000000000e+00
5.631126225245049e+00,1.000000000000000e+00
5.633126625325065e+00,1.000000000000000e+00
5.635127025405081e+00,1.000000000000000e+00
5.637127425485097e+00,1.000000000000000e+00
5.639127825565113e+00,1.000000000000000e+00
5.641128225645129e+00,1.000000000000000e+00
5.643128625725145e+00,1.000000000000000e+00
5.645129025805161e+00,1.000000000000000e+00
5.647129425885177e+00,1.000000000000000e+00
5.649129825965193e+00,1.000000000000000e+00
5.651130226045209e+00,1.000000000000000e+00
5.653130626125225e+00,1.000000000000000e+00
5.655131026205241e+00,1.000000000000000e+00
5.657131426285257e+00,1.000000000000000e+00
5.659131826365273e+00,1.000000000000000e+00
5.661132226445289e+00,1.000000000000000e+00
5.663132626525305e+00,1.000000000000000e+00
5.665133026605321e+00,1.000000000000000e+00
5.667133426685337e+00,1.000000000000000e+00
5.669133826765353e+00,1.000000000000000e+00
5.671134226845369e+00,1.000000000000000e+00
5.673134626925386e+00,1.000000000000000e+00
5.675135027005402e+00,1.000000000000000e+00
5.677135427085418e+00,1.000000000000000e+00
5.679135827165434e+00,1.000000000000000e+00
5.681136227245450e+00,1.000000000000000e+00
5.683136627325466e+00,1.000000000000000e+00
5.685137027405482e+00,1.000000000000000e+00
5.687137427485498e+00,1.000000000000000e+00
5.689137827565514e+00,1.000000000000000e+00
5.691138227645529e+00,1.000000000000000e+00
5.693138627725545e+00,1.000000000000000e+00
5.695139027805561e+00,1.000000000000000e+00
5.697139427885577e+00,1.000000000000000e+00
5.699139827965593e+00,1.000000000000000e+00
5.701140228045609e+00,1.000000000000000e+00
5.703140628125625e+00,1.000000000000000e+00
5.705141028205641e+00,1.000000000000000e+00
5.707141428285657e+00,1.000000000000000e+00
5.709141828365673e+00,1.000000000000000e+00
5.711142228445689e+00,1.000000000000000e+00
5.713142628525705e+00,1.000000000000000e+00
5.715143028605721e+00,1.000000000000000e+00
5.717143428685737e+00,1.000000000000000e+00
5.719143828765753e+00,1.000000000000000e+00
5.721144228845769e+00,1.000000000000000e+00
5.723144628925785e+00,1.000000000000000e+00
5.725145029005801e+00,1.000000000000000e+00
5.727145429085817e+00,1.000000000000000e+00
5.729145829165833e+00,1.000000000000000e+00
5.731146229245849e+00,1.000000000000000e+00
5.733146629325865e+00,1.000000000000000e+00
5.735147029405881e+00,1.000000000000000e+00
5.737147429485897e+00,1.000000000000000e+00
5.739147829565913e+00,1.000000000000000e+00
5.741148229645929e+00,1.000000000000000e+00
5.743148629725945e+00,1.000000000000000e+00
5.745149029805961e+00,1.000000000000000e+00
5.747149429885977e+00,1.000000000000000e+00
5.749149829965993e+00,1.000000000000000e+00
5.751150230046009e+00,1.000000000000000e+00
5.753150630126025e+00,1.000000000000000e+00
5.755151030206041e+00,1.000000000000000e+00
5.757151430286057e+00,1.000000000000000e+00
5.759151830366073e+00,1.000000000000000e+00
5.761152230446089e+00,1.000000000000000e+00
5.763152630526105e+00,1.000000000000000e+00
5.765153030606121e+00,1.000000000000000e+00
5.767153430686137e+00,1.000000000000000e+00
5.769153830766153e+00,1.000000000000000e+00
5.771154230846169e+00,1.000000000000000e+00
5.773154630926185e+00,1.000000000000000e+00
5.775155031006201e+00,1.000000000000000e+00
5.777155431086217e+00,1.000000000000000e+00
5.779155831166233e+00,1.000000000000000e+00
5.781156231246249e+00,1.000000000000000e+00
5.783156631326265e+00,1.000000000000000e+00
5.785157031406281e+00,1.000000000000000e+00
5.787157431486297e+00,1.000000000000000e+00
5.789157831566313e+00,1.000000000000000e+00
5.791158231646329e+00,1.000000000000000e+00
5.793158631726345e+00,1.000000000000000e+00
5.795159031806361e+00,1.000000000000000e+00
5.797159431886377e+00,1.000000000000000e+00
5.799159831966393e+00,1.000000000000000e+00
5.801160232046409e+00,1.000000000000000e+00
5.803160632126425e+00,1.000000000000000e+00
5.805161032206441e+00,1.000000000000000e+00
5.807161432286457e+00,1.000000000000000e+00
5.809161832366473e+00,1.000000000000000e+00
5.811162232446489e+00,1.000000000000000e+00
5.813162632526505e+00,1.000000000000000e+00
5.815163032606521e+00,1.000000000000000e+00
5.817163432686537e+00,1.000000000000000e+00
5.819163832766553e+00,1.000000000000000e+00
5.821164232846569e+00,1.000000000000000e+00
5.823164632926585e+00,1.000000000000000e+00
5.825165033006601e+00,1.000000000000000e+00
5.827165433086617e+00,1.000000000000000e+00
5.829165833166633e+00,1.000000000000000e+00
5.831166233246649e+00,1.000000000000000e+00
5.833166633326665e+00,1.000000000000000e+00
5.835167033406681e+00,1.000000000000000e+00
5.837167433486697e+00,1.000000000000000e+00
5.839167833566713e+00,1.000000000000000e+00
5.841168233646729e+00,1.000000000000000e+00
5.843168633726745e+00,1.000000000000000e+00
5.845169033806761e+00,1.000000000000000e+00
5.847169433886777e+00,1.000000000000000e+00
5.849169833966793e+00,1.000000000000000e+00
5.851170234046809e+00,1.000000000000000e+00
5.853170634126825e+00,1.000000000000000e+00
5.855171034206841e+00,1.000000000000000e+00
5.857171434286857e+00,1.000000000000000e+00
5.859171834366873e+00,1.000000000000000e+00
5.861172234446889e+00,1.000000000000000e+00
5.863172634526905e+00,1.000000000000000e+00
5.865173034606921e+00,1.000000000000000e+00
5.867173434686937e+00,1.000000000000000e+00
5.869173834766953e+00,1.000000000000000e+00
5.871174234846969e+00,1.000000000000000e+00
5.873174634926985e+00,1.000000000000000e+00
5.875175035007001e+00,1.000000000000000e+00
5.877175435087017e+00,1.000000000000000e+00
5.879175835167033e+00,1.000000000000000e+00
5.881176235247049e+00,1.000000000000000e+00
5.883176635327065e+00,1.000000000000000e+00
5.885177035407081e+00,1.000000000000000e+00
5.887177435487097e+00,1.000000000000000e+00
5.889177835567113e+00,1.000000000000000e+00
5.891178235647129e+00,1.000000000000000e+00
5.893178635727145e+00,1.000000000000000e+00
5.895179035807161e+00,1.000000000000000e+00
5.897179435887177e+00,1.000000000000000e+00
5.899179835967193e+00,1.000000000000000e+00
5.901180236047209e+00,1.000000000000000e+00
5.903180636127225e+00,1.000000000000000e+00
5.905181036207241e+00,1.000000000000000e+00
5.907181436287257e+00,1.000000000000000e+00
5.909181836367273e+00,1.000000000000000e+00
5.911182236447289e+00,1.000000000000000e+00
5.913182636527305e+00,1.000000000000000e+00
5.915183036607321e+00,1.000000000000000e+00
5.917183436687337e+00,1.000000000000000e+00
5.919183836767353e+00,1.000000000000000e+00
5.921184236847369e+00,1.000000000000000e+00
5.923184636927386e+00,1.000000000000000e+00
5.925185037007402e+00,1.000000000000000e+00
5.927185437087418e+00,1.000000000000000e+00
5.929185837167434e+00,1.000000000000000e+00
5.931186237247450e+00,1.000000000000000e+00
5.933186637327466e+00,1.000000000000000e+00
5.935187037407482e+00,1.000000000000000e+00
5.937187437487498e+00,1.000000000000000e+00
5.939187837567514e+00,1.000000000000000e+00
5.941188237647530e+00,1.000000000000000e+00
5.943188637727546e+00,1.000000000000000e+00
5.945189037807562e+00,1.000000000000000e+00
5.947189437887578e+00,1.000000000000000e+00
5.949189837967594e+00,1.000000000000000e+00
5.951190238047610e+00,1.000000000000000e+00
5.953190638127626e+00,1.000000000000000e+00
5.955191038207642e+00,1.000000000000000e+00
5.957191438287658e+00,1.000000000000000e+00
5.959191838367674e+00,1.000000000000000e+00
5.961192238447690e+00,1.000000000000000e+00
5.963192638527706e+00,1.000000000000000e+00
5.965193038607722e+00,1.000000000000000e+00
5.967193438687738e+00,1.000000000000000e+00
5.969193838767754e+00,1.000000000000000e+00
5.971194238847770e+00,1.000000000000000e+00
5.973194638927786e+00,1.000000000000000e+00
5.975195039007802e+00,1.000000000000000e+00
5.977195439087818e+00,1.000000000000000e+00
5.979195839167834e+00,1.000000000000000e+00
5.981196239247850e+00,1.000000000000000e+00
5.983196639327866e+00,1.000000000000000e+00
5.985197039407882e+00,1.000000000000000e+00
5.987197439487898e+00,1.000000000000000e+00
5.989197839567914e+00,1.000000000000000e+00
5.991198239647930e+00,1.000000000000000e+00
5.993198639727946e+00,1.000000000000000e+00
5.995199039807962e+00,1.000000000000000e+00
5.997199439887978e+00,1.000000000000000e+00
5.999199839967994e+00,1.000000000000000e+00
6.001200240048010e+00,1.000000000000000e+00
6.003200640128026e+00,1.000000000000000e+00
6.005201040208042e+00,1.000000000000000e+00
6.007201440288058e+00,1.000000000000000e+00
6.009201840368074e+00,1.000000000000000e+00
6.011202240448090e+00,1.000000000000000e+00
6.013202640528106e+00,1.000000000000000e+00
6.015203040608122e+00,1.000000000000000e+00
6.017203440688138e+00,1.000000000000000e+00
6.019203840768154e+00,1.000000000000000e+00
6.021204240848170e+00,1.000000000000000e+00
6.023204640928186e+00,1.000000000000000e+00
6.025205041008202e+00,1.000000000000000e+00
6.027205441088218e+00,1.000000000000000e+00
6.029205841168234e+00,1.000000000000000e+00
6.031206241248250e+00,1.000000000000000e+00
6.033206641328266e+00,1.000000000000000e+00
6.035207041408282e+00,1.000000000000000e+00
6.037207441488298e+00,1.000000000000000e+00
6.039207841568314e+00,1.000000000000000e+00
6.041208241648330e+00,1.000000000000000e+00
6.043208641728346e+00,1.000000000000000e+00
6.045209041808362e+00,1.000000000000000e+00
6.047209441888378e+00,1.000000000000000e+00
6.049209841968394e+00,1.000000000000000e+00
6.051210242048410e+00,1.000000000000000e+00
6.053210642128426e+00,1.000000000000000e+00
6.055211042208442e+00,1.000000000000000e+00
6.057211442288458e+00,1.000000000000000e+00
6.059211842368474e+00,1.000000000000000e+00
6.061212242448490e+00,1.000000000000000e+00
6.063212642528506e+00,1.000000000000000e+00
6.065213042608522e+00,1.000000000000000e+00
6.067213442688538e+00,1.000000000000000e+00
6.069213842768554e+00,1.000000000000000e+00
6.071214242848570e+00,1.000000000000000e+00
6.073214642928586e+00,1.000000000000000e+00
6.075215043008602e+00,1.000000000000000e+00
6.077215443088618e+00,1.000000000000000e+00
6.079215843168634e+00,1.000000000000000e+00
6.081216243248650e+00,1.000000000000000e+00
6.083216643328666e+00,1.000000000000000e+00
6.085217043408682e+00,1.000000000000000e+00
6.087217443488698e+00,1.000000000000000e+00
6.089217843568714e+00,1.000000000000000e+00
6.091218243648730e+00,1.000000000000000e+00
6.093218643728746e+00,1.000000000000000e+00
6.095219043808762e+00,1.000000000000000e+00
6.097219443888778e+00,1.000000000000000e+00
6.099219843968794e+00,1.000000000000000e+00
6.101220244048810e+00,1.000000000000000e+00
6.103220644128826e+00,1.000000000000000e+00
6.105221044208842e+00,1.000000000000000e+00
6.107221444288858e+00,1.000000000000000e+00
6.109221844368874e+00,1.000000000000000e+00
6.111222244448890e+00,1.000000000000000e+00
6.113222644528906e+00,1.000000000000000e+00
6.115223044608922e+00,1.000000000000000e+00
6.117223444688938e+00,1.000000000000000e+00
6.119223844768954e+00,1.000000000000000e+00
6.121224244848970e+00,1.000000000000000e+00
6.123224644928986e+00,1.000000000000000e+00
6.125225045009002e+00,1.000000000000000e+00
6.127225445089018e+00,1.000000000000000e+00
6.129225845169034e+00,1.000000000000000e+00
6.131226245249050e+00,1.000000000000000e+00
6.133226645329066e+00,1.000000000000000e+00
6.135227045409082e+00,1.000000000000000e+00
6.137227445489098e+00,1.000000000000000e+00
6.139227845569114e+00,1.000000000000000e+00
6.141228245649130e+00,1.000000000000000e+00
6.143228645729146e+00,1.000000000000000e+00
6.145229045809161e+00,1.000000000000000e+00
6.147229445889177e+00,1.000000000000000e+00
6.149229845969193e+00,1.000000000000000e+00
6.151230246049209e+00,1.000000000000000e+00
6.153230646129225e+00,1.000000000000000e+00
6.155231046209241e+00,1.000000000000000e+00
6.157231446289257e+00,1.000000000000000e+00
6.159231846369273e+00,1.000000000000000e+00
6.161232246449289e+00,1.000000000000000e+00
6.163232646529305e+00,1.000000000000000e+00
6.165233046609321e+00,1.000000000000000e+00
6.167233446689337e+00,1.000000000000000e+00
6.169233846769353e+00,1.000000000000000e+00
6.171234246849369e+00,1.000000000000000e+00
6.173234646929386e+00,1.000000000000000e+00
6.175235047009402e+00,1.000000000000000e+00
6.177235447089418e+00,1.000000000000000e+00
6.179235847169434e+00,1.000000000000000e+00
6.181236247249450e+00,1.000000000000000e+00
6.183236647329466e+00,1.000000000000000e+00
6.185237047409482e+00,1.000000000000000e+00
6.187237447489498e+00,1.000000000000000e+00
6.189237847569514e+00,1.000000000000000e+00
6.191238247649530e+00,1.000000000000000e+00
6.193238647729546e+00,1.000000000000000e+00
6.195239047809562e+00,1.000000000000000e+00
6.197239447889578e+00,1.000000000000000e+00
6.199239847969594e+00,1.000000000000000e+00
6.201240248049610e+00,1.000000000000000e+00
6.203240648129626e+00,1.000000000000000e+00
6.205241048209642e+00,1.000000000000000e+00
6.207241448289658e+00,1.000000000000000e+00
6.209241848369674e+00,1.000000000000000e+00
6.211242248449690e+00,1.000000000000000e+00
6.213242648529706e+00,1.000000000000000e+00
6.215243048609722e+00,1.000000000000000e+00
6.217243448689738e+00,1.000000000000000e+00
6.219243848769754e+00,1.000000000000000e+00
6.221244248849770e+00,1.000000000000000e+00
6.223244648929786e+00,1.000000000000000e+00
6.225245049009802e+00,1.000000000000000e+00
6.227245449089818e+00,1.000000000000000e+00
6.229245849169834e+00,1.000000000000000e+00
6.231246249249850e+00,1.000000000000000e+00
6.233246649329866e+00,1.000000000000000e+00
6.235247049409882e+00,1.000000000000000e+00
6.237247449489898e+00,1.000000000000000e+00
6.239247849569914e+00,1.000000000000000e+00
6.241248249649930e+00,1.000000000000000e+00
6.243248649729946e+00,1.000000000000000e+00
6.245249049809962e+00,1.000000000000000e+00
6.247249449889978e+00,1.000000000000000e+00
6.249249849969994e+00,1.000000000000000e+00
6.251250250050010e+00,1.000000000000000e+00
6.253250650130026e+00,1.000000000000000e+00
6.255251050210042e+00,1.000000000000000e+00
6.257251450290058e+00,1.000000000000000e+00
6.259251850370074e+00,1.000000000000000e+00
6.261252250450090e+00,1.000000000000000e+00
6.263252650530106e+00,1.000000000000000e+00
6.265253050610122e+00,1.000000000000000e+00
6.267253450690138e+00,1.000000000000000e+00
6.269253850770154e+00,1.000000000000000e+00
6.271254250850170e+00,1.000000000000000e+00
6.273254650930186e+00,1.000000000000000e+00
6.275255051010202e+00,1.000000000000000e+00
6.277255451090218e+00,1.000000000000000e+00
6.279255851170234e+00,1.000000000000000e+00
6.281256251250250e+00,1.000000000000000e+00
6.283256651330266e+00,1.000000000000000e+00
6.285257051410282e+00,1.000000000000000e+00
6.287257451490298e+00,1.000000000000000e+00
6.289257851570314e+00,1.000000000000000e+00
6.291258251650330e+00,1.000000000000000e+00
6.293258651730346e+00,1.000000000000000e+00
6.295259051810362e+00,1.000000000000000e+00
6.297259451890378e+00,1.000000000000000e+00
6.299259851970394e+00,1.000000000000000e+00
6.301260252050410e+00,1.000000000000000e+00
6.303260652130426e+00,1.000000000000000e+00
6.305261052210442e+00,1.000000000000000e+00
6.307261452290458e+00,1.000000000000000e+00
6.309261852370474e+00,1.000000000000000e+00
6.311262252450490e+00,1.000000000000000e+00
6.313262652530506e+00,1.000000000000000e+00
6.315263052610522e+00,1.000000000000000e+00
6.317263452690538e+00,1.000000000000000e+00
6.319263852770554e+00,1.000000000000000e+00
6.321264252850570e+00,1.000000000000000e+00
6.323264652930586e+00,1.000000000000000e+00
6.325265053010602e+00,1.000000000000000e+00
6.327265453090618e+00,1.000000000000000e+00
6.329265853170634e+00,1.000000000000000e+00
6.331266253250650e+00,1.000000000000000e+00
6.333266653330666e+00,1.000000000000000e+00
6.335267053410682e+00,1.000000000000000e+00
6.337267453490698e+00,1.000000000000000e+00
6.339267853570714e+00,1.000000000000000e+00
6.341268253650730e+00,1.000000000000000e+00
6.343268653730746e+00,1.000000000000000e+00
6.345269053810762e+00,1.000000000000000e+00
6.347269453890778e+00,1.000000000000000e+00
6.349269853970794e+00,1.000000000000000e+00
6.351270254050810e+00,1.000000000000000e+00
6.353270654130826e+00,1.000000000000000e+00
6.355271054210842e+00,1.000000000000000e+00
6.357271454290858e+00,1.000000000000000e+00
6.359271854370874e+00,1.000000000000000e+00
6.361272254450890e+00,1.000000000000000e+00
6.363272654530906e+00,1.000000000000000e+00
6.365273054610922e+00,1.000000000000000e+00
6.367273454690938e+00,1.000000000000000e+00
6.369273854770954e+00,1.000000000000000e+00
6.371274254850970e+00,1.000000000000000e+00
6.373274654930986e+00,1.000000000000000e+00
6.375275055011002e+00,1.000000000000000e+00
6.377275455091018e+00,1.000000000000000e+00
6.379275855171034e+00,1.000000000000000e+00
6.381276255251050e+00,1.000000000000000e+00
6.383276655331066e+00,1.000000000000000e+00
6.385277055411082e+00,1.000000000000000e+00
6.387277455491098e+00,1.000000000000000e+00
6.389277855571114e+00,1.000000000000000e+00
6.391278255651130e+00,1.000000000000000e+00
6.393278655731146e+00,1.000000000000000e+00
6.395279055811162e+00,1.000000000000000e+00
6.397279455891178e+00,1.000000000000000e+00
6.399279855971194e+00,1.000000000000000e+00
6.401280256051210e+00,1.000000000000000e+00
6.403280656131226e+00,1.000000000000000e+00
6.405281056211242e+00,1.000000000000000e+00
6.407281456291258e+00,1.000000000000000e+00
6.409281856371274e+00,1.000000000000000e+00
6.411282256451290e+00,1.000000000000000e+00
6.413282656531306e+00,1.000000000000000e+00
6.415283056611322e+00,1.000000000000000e+00
6.417283456691338e+00,1.000000000000000e+00
6.419283856771354e+00,1.000000000000000e+00
6.421284256851370e+00,1.000000000000000e+00
6.423284656931386e+00,1.000000000000000e+00
6.425285057011402e+00,1.000000000000000e+00
6.427285457091418e+00,1.000000000000000e+00
6.429285857171434e+00,1.000000000000000e+00
6.431286257251450e+00,1.000000000000000e+00
6.433286657331466e+00,1.000000000000000e+00
6.435287057411482e+00,1.000000000000000e+00
6.437287457491498e+00,1.000000000000000e+00
6.439287857571514e+00,1.000000000000000e+00
6.441288257651530e+00,1.000000000000000e+00
6.443288657731546e+00,1.000000000000000e+00
6.445289057811562e+00,1.000000000000000e+00
6.447289457891578e+00,1.000000000000000e+00
6.449289857971594e+00,1.000000000000000e+00
6.451290258051610e+00,1.000000000000000e+00
6.453290658131627e+00,1.000000000000000e+00
6.455291058211643e+00,1.000000000000000e+00
6.457291458291659e+00,1.000000000000000e+00
6.459291858371675e+00,1.000000000000000e+00
6.461292258451691e+00,1.000000000000000e+00
6.463292658531707e+00,1.000000000000000e+00
6.465293058611723e+00,1.000000000000000e+00
6.467293458691739e+00,1.000000000000000e+00
6.469293858771755e+00,1.000000000000000e+00
6.471294258851771e+00,1.000000000000000e+00
6.473294658931787e+00,1.000000000000000e+00
6.475295059011803e+00,1.000000000000000e+00
6.477295459091819e+00,1.000000000000000e+00
6.479295859171835e+00,1.000000000000000e+00
6.481296259251851e+00,1.000000000000000e+00
6.483296659331867e+00,1.000000000000000e+00
6.485297059411883e+00,1.000000000000000e+00
6.487297459491899e+00,1.000000000000000e+00
6.489297859571915e+00,1.000000000000000e+00
6.491298259651931e+00,1.000000000000000e+00
6.493298659731947e+00,1.000000000000000e+00
6.495299059811963e+00,1.000000000000000e+00
6.497299459891979e+00,1.000000000000000e+00
6.499299859971995e+00,1.000000000000000e+00
6.501300260052011e+00,1.000000000000000e+00
6.503300660132027e+00,1.000000000000000e+00
6.505301060212043e+00,1.000000000000000e+00
6.507301460292059e+00,1.000000000000000e+00
6.509301860372075e+00,1.000000000000000e+00
6.511302260452091e+00,1.000000000000000e+00
6.513302660532107e+00,1.000000000000000e+00
6.515303060612123e+00,1.000000000000000e+00
6.517303460692139e+00,1.000000000000000e+00
6.519303860772155e+00,1.000000000000000e+00
6.521304260852171e+00,1.000000000000000e+00
6.523304660932187e+00,1.000000000000000e+00
6.525305061012203e+00,1.000000000000000e+00
6.527305461092219e+00,1.000000000000000e+00
6.529305861172235e+00,1.000000000000000e+00
6.531306261252251e+00,1.000000000000000e+00
6.533306661332267e+00,1.000000000000000e+00
6.535307061412283e+00,1.000000000000000e+00
6.537307461492299e+00,1.000000000000000e+00
6.539307861572315e+00,1.000000000000000e+00
6.541308261652331e+00,1.000000000000000e+00
6.543308661732347e+00,1.000000000000000e+00
6.545309061812363e+00,1.000000000000000e+00
6.547309461892379e+00,1.000000000000000e+00
6.549309861972395e+00,1.000000000000000e+00
6.551310262052411e+00,1.000000000000000e+00
6.553310662132427e+00,1.000000000000000e+00
6.555311062212443e+00,1.000000000000000e+00
6.557311462292459e+00,1.000000000000000e+00
6.559311862372475e+00,1.000000000000000e+00
6.561312262452491e+00,1.000000000000000e+00
6.563312662532507e+00,1.000000000000000e+00
6.565313062612523e+00,1.000000000000000e+00
6.567313462692539e+00,1.000000000000000e+00
6.569313862772555e+00,1.000000000000000e+00
6.571314262852571e+00,1.000000000000000e+00
6.573314662932587e+00,1.000000000000000e+00
6.575315063012603e+00,1.000000000000000e+00
6.577315463092619e+00,1.000000000000000e+00
6.579315863172635e+00,1.000000000000000e+00
6.581316263252651e+00,1.000000000000000e+00
6.583316663332667e+00,1.000000000000000e+00
6.585317063412683e+00,1.000000000000000e+00
6.587317463492699e+00,1.000000000000000e+00
6.589317863572715e+00,1.000000000000000e+00
6.591318263652731e+00,1.000000000000000e+00
6.593318663732747e+00,1.000000000000000e+00
6.595319063812763e+00,1.000000000000000e+00
6.597319463892779e+00,1.000000000000000e+00
6.599319863972795e+00,1.000000000000000e+00
6.601320264052810e+00,1.000000000000000e+00
6.603320664132826e+00,1.000000000000000e+00
6.605321064212842e+00,1.000000000000000e+00
6.607321464292858e+00,1.000000000000000e+00
6.609321864372874e+00,1.000000000000000e+00
6.611322264452890e+00,1.000000000000000e+00
6.613322664532906e+00,1.000000000000000e+00
6.615323064612922e+00,1.000000000000000e+00
6.617323464692938e+00,1.000000000000000e+00
6.619323864772954e+00,1.000000000000000e+00
6.621324264852970e+00,1.000000000000000e+00
6.623324664932986e+00,1.000000000000000e+00
6.625325065013002e+00,1.000000000000000e+00
6.627325465093018e+00,1.000000000000000e+00
6.629325865173034e+00,1.000000000000000e+00
6.631326265253050e+00,1.000000000000000e+00
6.633326665333066e+00,1.000000000000000e+00
6.635327065413082e+00,1.000000000000000e+00
6.637327465493098e+00,1.000000000000000e+00
6.639327865573114e+00,1.000000000000000e+00
6.641328265653130e+00,1.000000000000000e+00
6.643328665733146e+00,1.000000000000000e+00
6.645329065813162e+00,1.000000000000000e+00
6.647329465893178e+00,1.000000000000000e+00
6.649329865973194e+00,1.000000000000000e+00
6.651330266053210e+00,1.000000000000000e+00
6.653330666133226e+00,1.000000000000000e+00
6.655331066213242e+00,1.000000000000000e+00
6.657331466293258e+00,1.000000000000000e+00
6.659331866373274e+00,1.000000000000000e+00
6.661332266453290e+00,1.000000000000000e+00
6.663332666533306e+00,1.000000000000000e+00
6.665333066613322e+00,1.000000000000000e+00
6.667333466693338e+00,1.000000000000000e+00
6.669333866773354e+00,1.000000000000000e+00
6.671334266853370e+00,1.000000000000000e+00
6.673334666933386e+00,1.000000000000000e+00
6.675335067013402e+00,1.000000000000000e+00
6.677335467093418e+00,1.000000000000000e+00
6.679335867173434e+00,1.000000000000000e+00
6.681336267253450e+00,1.000000000000000e+00
6.683336667333466e+00,1.000000000000000e+00
6.685337067413482e+00,1.000000000000000e+00
6.687337467493498e+00,1.000000000000000e+00
6.689337867573514e+00,1.000000000000000e+00
6.691338267653530e+00,1.000000000000000e+00
6.693338667733546e+00,1.000000000000000e+00
6.695339067813562e+00,1.000000000000000e+00
6.697339467893578e+00,1.000000000000000e+00
6.699339867973594e+00,1.000000000000000e+00
6.701340268053610e+00,1.000000000000000e+00
6.703340668133627e+00,1.000000000000000e+00
6.705341068213643e+00,1.000000000000000e+00
6.707341468293659e+00,1.000000000000000e+00
6.709341868373675e+00,1.000000000000000e+00
6.711342268453691e+00,1.000000000000000e+00
6.713342668533707e+00,1.000000000000000e+00
6.715343068613723e+00,1.000000000000000e+00
6.717343468693739e+00,1.000000000000000e+00
6.719343868773755e+00,1.000000000000000e+00
6.721344268853771e+00,1.000000000000000e+00
6.723344668933787e+00,1.000000000000000e+00
6.725345069013803e+00,1.000000000000000e+00
6.727345469093819e+00,1.000000000000000e+00
6.729345869173835e+00,1.000000000000000e+00
6.731346269253851e+00,1.000000000000000e+00
6.733346669333867e+00,1.000000000000000e+00
6.735347069413883e+00,1.000000000000000e+00
6.737347469493899e+00,1.000000000000000e+00
6.739347869573915e+00,1.000000000000000e+00
6.741348269653931e+00,1.000000000000000e+00
6.743348669733947e+00,1.000000000000000e+00
6.745349069813963e+00,1.000000000000000e+00
6.747349469893979e+00,1.000000000000000e+00
6.749349869973995e+00,1.000000000000000e+00
6.751350270054011e+00,1.000000000000000e+00
6.753350670134027e+00,1.000000000000000e+00
6.755351070214043e+00,1.000000000000000e+00
6.757351470294059e+00,1.000000000000000e+00
6.759351870374075e+00,1.000000000000000e+00
6.761352270454091e+00,1.000000000000000e+00
6.763352670534107e+00,1.000000000000000e+00
6.765353070614123e+00,1.000000000000000e+00
6.767353470694139e+00,1.000000000000000e+00
6.769353870774155e+00,1.000000000000000e+00
6.771354270854171e+00,1.000000000000000e+00
6.773354670934187e+00,1.000000000000000e+00
6.775355071014203e+00,1.000000000000000e+00
6.777355471094219e+00,1.000000000000000e+00
6.779355871174235e+00,1.000000000000000e+00
6.781356271254251e+00,1.000000000000000e+00
6.783356671334267e+00,1.000000000000000e+00
6.785357071414283e+00,1.000000000000000e+00
6.787357471494299e+00,1.000000000000000e+00
6.789357871574315e+00,1.000000000000000e+00
6.791358271654331e+00,1.000000000000000e+00
6.793358671734347e+00,1.000000000000000e+00
6.795359071814363e+00,1.000000000000000e+00
6.797359471894379e+00,1.000000000000000e+00
6.799359871974395e+00,1.000000000000000e+00
6.801360272054411e+00,1.000000000000000e+00
6.803360672134427e+00,1.000000000000000e+00
6.805361072214443e+00,1.000000000000000e+00
6.807361472294459e+00,1.000000000000000e+00
6.809361872374475e+00,1.000000000000000e+00
6.811362272454491e+00,1.000000000000000e+00
6.813362672534507e+00,1.000000000000000e+00
6.815363072614523e+00,1.000000000000000e+00
6.817363472694539e+00,1.000000000000000e+00
6.819363872774555e+00,1.000000000000000e+00
6.821364272854571e+00,1.000000000000000e+00
6.823364672934587e+00,1.000000000000000e+00
6.825365073014603e+00,1.000000000000000e+00
6.827365473094619e+00,1.000000000000000e+00
6.829365873174635e+00,1.000000000000000e+00
6.831366273254651e+00,1.000000000000000e+00
6.833366673334667e+00,1.000000000000000e+00
6.835367073414683e+00,1.000000000000000e+00
6.837367473494699e+00,1.000000000000000e+00
6.839367873574715e+00,1.000000000000000e+00
6.841368273654731e+00,1.000000000000000e+00
6.843368673734747e+00,1.000000000000000e+00
6.845369073814763e+00,1.000000000000000e+00
6.847369473894779e+00,1.000000000000000e+00
6.849369873974795e+00,1.000000000000000e+00
6.851370274054811e+00,1.000000000000000e+00
6.853370674134827e+00,1.000000000000000e+00
6.855371074214843e+00,1.000000000000000e+00
6.857371474294859e+00,1.000000000000000e+00
6.859371874374875e+00,1.000000000000000e+00
6.861372274454891e+00,1.000000000000000e+00
6.863372674534907e+00,1.000000000000000e+00
6.865373074614923e+00,1.000000000000000e+00
6.867373474694939e+00,1.000000000000000e+00
6.869373874774955e+00,1.000000000000000e+00
6.871374274854971e+00,1.000000000000000e+00
6.873374674934987e+00,1.000000000000000e+00
6.875375075015003e+00,1.000000000000000e+00
6.877375475095019e+00,1.000000000000000e+00
6.879375875175035e+00,1.000000000000000e+00
6.881376275255051e+00,1.000000000000000e+00
6.883376675335067e+00,1.000000000000000e+00
6.885377075415083e+00,1.000000000000000e+00
6.887377475495099e+00,1.000000000000000e+00
6.889377875575115e+00,1.000000000000000e+00
6.891378275655131e+00,1.000000000000000e+00
6.893378675735147e+00,1.000000000000000e+00
6.895379075815163e+00,1.000000000000000e+00
6.897379475895179e+00,1.000000000000000e+00
6.899379875975195e+00,1.000000000000000e+00
6.901380276055211e+00,1.000000000000000e+00
6.903380676135227e+00,1.000000000000000e+00
6.905381076215243e+00,1.000000000000000e+00
6.907381476295259e+00,1.000000000000000e+00
6.909381876375275e+00,1.000000000000000e+00
6.911382276455291e+00,1.000000000000000e+00
6.913382676535307e+00,1.000000000000000e+00
6.915383076615323e+00,1.000000000000000e+00
6.917383476695339e+00,1.000000000000000e+00
6.919383876775355e+00,1.000000000000000e+00
6.921384276855371e+00,1.000000000000000e+00
6.923384676935387e+00,1.000000000000000e+00
6.925385077015403e+00,1.000000000000000e+00
6.927385477095419e+00,1.000000000000000e+00
6.929385877175435e+00,1.000000000000000e+00
6.931386277255451e+00,1.000000000000000e+00
6.933386677335467e+00,1.000000000000000e+00
6.935387077415483e+00,1.000000000000000e+00
6.937387477495499e+00,1.000000000000000e+00
6.939387877575515e+00,1.000000000000000e+00
6.941388277655531e+00,1.000000000000000e+00
6.943388677735547e+00,1.000000000000000e+00
6.945389077815563e+00,1.000000000000000e+00
6.947389477895579e+00,1.000000000000000e+00
6.949389877975595e+00,1.000000000000000e+00
6.951390278055611e+00,1.000000000000000e+00
6.953390678135627e+00,1.000000000000000e+00
6.955391078215643e+00,1.000000000000000e+00
6.957391478295659e+00,1.000000000000000e+00
6.959391878375675e+00,1.000000000000000e+00
6.961392278455691e+00,1.000000000000000e+00
6.963392678535707e+00,1.000000000000000e+00
6.965393078615723e+00,1.000000000000000e+00
6.967393478695739e+00,1.000000000000000e+00
6.969393878775755e+00,1.000000000000000e+00
6.971394278855771e+00,1.000000000000000e+00
6.973394678935787e+00,1.000000000000000e+00
6.975395079015803e+00,1.000000000000000e+00
6.977395479095819e+00,1.000000000000000e+00
6.979395879175835e+00,1.000000000000000e+00
6.981396279255851e+00,1.000000000000000e+00
6.983396679335867e+00,1.000000000000000e+00
6.985397079415884e+00,1.000000000000000e+00
6.987397479495900e+00,1.000000000000000e+00
6.989397879575916e+00,1.000000000000000e+00
6.991398279655932e+00,1.000000000000000e+00
6.993398679735948e+00,1.000000000000000e+00
6.995399079815964e+00,1.000000000000000e+00
6.997399479895980e+00,1.000000000000000e+00
6.999399879975996e+00,1.000000000000000e+00
7.001400280056012e+00,1.000000000000000e+00
7.003400680136028e+00,1.000000000000000e+00
7.005401080216044e+00,1.000000000000000e+00
7.007401480296060e+00,1.000000000000000e+00
7.009401880376076e+00,1.000000000000000e+00
7.011402280456092e+00,1.000000000000000e+00
7.013402680536108e+00,1.000000000000000e+00
7.015403080616124e+00,1.000000000000000e+00
7.017403480696140e+00,1.000000000000000e+00
7.019403880776156e+00,1.000000000000000e+00
7.021404280856172e+00,1.000000000000000e+00
7.023404680936188e+00,1.000000000000000e+00
7.025405081016204e+00,1.000000000000000e+00
7.027405481096220e+00,1.000000000000000e+00
7.029405881176236e+00,1.000000000000000e+00
7.031406281256252e+00,1.000000000000000e+00
7.033406681336268e+00,1.000000000000000e+00
7.035407081416284e+00,1.000000000000000e+00
7.037407481496300e+00,1.000000000000000e+00
7.039407881576316e+00,1.000000000000000e+00
7.041408281656332e+00,1.000000000000000e+00
7.043408681736348e+00,1.000000000000000e+00
7.045409081816364e+00,1.000000000000000e+00
7.047409481896380e+00,1.000000000000000e+00
7.049409881976396e+00,1.000000000000000e+00
7.051410282056412e+00,1.000000000000000e+00
7.053410682136428e+00,1.000000000000000e+00
7.055411082216444e+00,1.000000000000000e+00
7.057411482296459e+00,1.000000000000000e+00
7.059411882376475e+00,1.000000000000000e+00
7.061412282456491e+00,1.000000000000000e+00
7.063412682536507e+00,1.000000000000000e+00
7.065413082616523e+00,1.000000000000000e+00
7.067413482696539e+00,1.000000000000000e+00
7.069413882776555e+00,1.000000000000000e+00
7.071414282856571e+00,1.000000000000000e+00
7.073414682936587e+00,1.000000000000000e+00
7.075415083016603e+00,1.000000000000000e+00
7.077415483096619e+00,1.000000000000000e+00
7.079415883176635e+00,1.000000000000000e+00
7.081416283256651e+00,1.000000000000000e+00
7.083416683336667e+00,1.000000000000000e+00
7.085417083416683e+00,1.000000000000000e+00
7.087417483496699e+00,1.000000000000000e+00
7.089417883576715e+00,1.000000000000000e+00
7.091418283656731e+00,1.000000000000000e+00
7.093418683736747e+00,1.000000000000000e+00
7.095419083816763e+00,1.000000000000000e+00
7.097419483896779e+00,1.000000000000000e+00
7.099419883976795e+00,1.000000000000000e+00
7.101420284056811e+00,1.000000000000000e+00
7.103420684136827e+00,1.000000000000000e+00
7.105421084216843e+00,1.000000000000000e+00
7.107421484296859e+00,1.000000000000000e+00
7.109421884376875e+00,1.000000000000000e+00
7.111422284456891e+00,1.000000000000000e+00
7.113422684536907e+00,1.000000000000000e+00
7.115423084616923e+00,1.000000000000000e+00
7.117423484696939e+00,1.000000000000000e+00
7.119423884776955e+00,1.000000000000000e+00
7.121424284856971e+00,1.000000000000000e+00
7.123424684936987e+00,1.000000000000000e+00
7.125425085017003e+00,1.000000000000000e+00
7.127425485097019e+00,1.000000000000000e+00
7.129425885177035e+00,1.000000000000000e+00
7.131426285257051e+00,1.000000000000000e+00
7.133426685337067e+00,1.000000000000000e+00
7.135427085417083e+00,1.000000000000000e+00
7.137427485497099e+00,1.000000000000000e+00
7.139427885577115e+00,1.000000000000000e+00
7.141428285657131e+00,1.000000000000000e+00
7.143428685737147e+00,1.000000000000000e+00
7.145429085817163e+00,1.000000000000000e+00
7.147429485897179e+00,1.000000000000000e+00
7.149429885977195e+00,1.000000000000000e+00
7.151430286057211e+00,1.000000000000000e+00
7.153430686137227e+00,1.000000000000000e+00
7.155431086217243e+00,1.000000000000000e+00
7.157431486297259e+00,1.000000000000000e+00
7.159431886377275e+00,1.000000000000000e+00
7.161432286457291e+00,1.000000000000000e+00
7.163432686537307e+00,1.000000000000000e+00
7.165433086617323e+00,1.000000000000000e+00
7.167433486697339e+00,1.000000000000000e+00
7.169433886777355e+00,1.000000000000000e+00
7.171434286857371e+00,1.000000000000000e+00
7.173434686937387e+00,1.000000000000000e+00
7.175435087017403e+00,1.000000000000000e+00
7.177435487097419e+00,1.000000000000000e+00
7.179435887177435e+00,1.000000000000000e+00
7.181436287257451e+00,1.000000000000000e+00
7.183436687337467e+00,1.000000000000000e+00
7.185437087417483e+00,1.000000000000000e+00
7.187437487497499e+00,1.000000000000000e+00
7.189437887577515e+00,1.000000000000000e+00
7.191438287657531e+00,1.000000000000000e+00
7.193438687737547e+00,1.000000000000000e+00
7.195439087817563e+00,1.000000000000000e+00
7.197439487897579e+00,1.000000000000000e+00
7.199439887977595e+00,1.000000000000000e+00
7.201440288057611e+00,1.000000000000000e+00
7.203440688137627e+00,1.000000000000000e+00
7.205441088217643e+00,1.000000000000000e+00
7.207441488297659e+00,1.000000000000000e+00
7.209441888377675e+00,1.000000000000000e+00
7.211442288457691e+00,1.000000000000000e+00
7.213442688537707e+00,1.000000000000000e+00
7.215443088617723e+00,1.000000000000000e+00
7.217443488697739e+00,1.000000000000000e+00
7.219443888777755e+00,1.000000000000000e+00
7.221444288857771e+00,1.000000000000000e+00
7.223444688937787e+00,1.000000000000000e+00
7.225445089017803e+00,1.000000000000000e+00
7.227445489097819e+00,1.000000000000000e+00
7.229445889177835e+00,1.000000000000000e+00
7.231446289257851e+00,1.000000000000000e+00
7.233446689337867e+00,1.000000000000000e+00
7.235447089417884e+00,1.000000000000000e+00
7.237447489497900e+00,1.000000000000000e+00
7.239447889577916e+00,1.000000000000000e+00
7.241448289657932e+00,1.000000000000000e+00
7.243448689737948e+00,1.000000000000000e+00
7.245449089817964e+00,1.000000000000000e+00
7.247449489897980e+00,1.000000000000000e+00
7.249449889977996e+00,1.000000000000000e+00
7.251450290058012e+00,1.000000000000000e+00
7.253450690138028e+00,1.000000000000000e+00
7.255451090218044e+00,1.000000000000000e+00
7.257451490298060e+00,1.000000000000000e+00
7.259451890378076e+00,1.000000000000000e+00
7.261452290458092e+00,1.000000000000000e+00
7.263452690538108e+00,1.000000000000000e+00
7.265453090618124e+00,1.000000000000000e+00
7.267453490698140e+00,1.000000000000000e+00
7.269453890778156e+00,1.000000000000000e+00
7.271454290858172e+00,1.000000000000000e+00
7.273454690938188e+00,1.000000000000000e+00
7.275455091018204e+00,1.000000000000000e+00
7.277455491098220e+00,1.000000000000000e+00
7.279455891178236e+00,1.000000000000000e+00
7.281456291258252e+00,1.000000000000000e+00
7.283456691338268e+00,1.000000000000000e+00
7.285457091418284e+00,1.000000000000000e+00
7.287457491498300e+00,1.000000000000000e+00
7.289457891578316e+00,1.000000000000000e+00
7.291458291658332e+00,1.000000000000000e+00
7.293458691738348e+00,1.000000000000000e+00
7.295459091818364e+00,1.000000000000000e+00
7.297459491898380e+00,1.000000000000000e+00
7.299459891978396e+00,1.000000000000000e+00
7.301460292058412e+00,1.000000000000000e+00
7.303460692138428e+00,1.000000000000000e+00
7.305461092218444e+00,1.000000000000000e+00
7.307461492298460e+00,1.000000000000000e+00
7.309461892378476e+00,1.000000000000000e+00
7.311462292458492e+00,1.000000000000000e+00
7.313462692538508e+00,1.000000000000000e+00
7.315463092618524e+00,1.000000000000000e+00
7.317463492698540e+00,1.000000000000000e+00
7.319463892778556e+00,1.000000000000000e+00
7.321464292858572e+00,1.000000000000000e+00
7.323464692938588e+00,1.000000000000000e+00
7.325465093018604e+00,1.000000000000000e+00
7.327465493098620e+00,1.000000000000000e+00
7.329465893178636e+00,1.000000000000000e+00
7.331466293258652e+00,1.000000000000000e+00
7.333466693338668e+00,1.000000000000000e+00
7.335467093418684e+00,1.000000000000000e+00
7.337467493498700e+00,1.000000000000000e+00
7.339467893578716e+00,1.000000000000000e+00
7.341468293658732e+00,1.000000000000000e+00
7.343468693738748e+00,1.000000000000000e+00
7.345469093818764e+00,1.000000000000000e+00
7.347469493898780e+00,1.000000000000000e+00
7.349469893978796e+00,1.000000000000000e+00
7.351470294058812e+00,1.000000000000000e+00
7.353470694138828e+00,1.000000000000000e+00
7.355471094218844e+00,1.000000000000000e+00
7.357471494298860e+00,1.000000000000000e+00
7.359471894378876e+00,1.000000000000000e+00
7.361472294458892e+00,1.000000000000000e+00
7.363472694538908e+00,1.000000000000000e+00
7.365473094618924e+00,1.000000000000000e+00
7.367473494698940e+00,1.000000000000000e+00
7.369473894778956e+00,1.000000000000000e+00
7.371474294858972e+00,1.000000000000000e+00
7.373474694938988e+00,1.000000000000000e+00
7.375475095019004e+00,1.000000000000000e+00
7.377475495099020e+00,1.000000000000000e+00
7.379475895179036e+00,1.000000000000000e+00
7.381476295259052e+00,1.000000000000000e+00
7.383476695339068e+00,1.000000000000000e+00
7.385477095419084e+00,1.000000000000000e+00
7.387477495499100e+00,1.000000000000000e+00
7.389477895579116e+00,1.000000000000000e+00
7.391478295659132e+00,1.000000000000000e+00
7.393478695739148e+00,1.000000000000000e+00
7.395479095819164e+00,1.000000000000000e+00
7.397479495899180e+00,1.000000000000000e+00
7.399479895979196e+00,1.000000000000000e+00
7.401480296059212e+00,1.000000000000000e+00
7.403480696139228e+00,1.000000000000000e+00
7.405481096219244e+00,1.000000000000000e+00
7.407481496299260e+00,1.000000000000000e+00
7.409481896379276e+00,1.000000000000000e+00
7.411482296459292e+00,1.000000000000000e+00
7.413482696539308e+00,1.000000000000000e+00
7.415483096619324e+00,1.000000000000000e+00
7.417483496699340e+00,1.000000000000000e+00
7.419483896779356e+00,1.000000000000000e+00
7.421484296859372e+00,1.000000000000000e+00
7.423484696939388e+00,1.000000000000000e+00
7.425485097019404e+00,1.000000000000000e+00
7.427485497099420e+00,1.000000000000000e+00
7.429485897179436e+00,1.000000000000000e+00
7.431486297259452e+00,1.000000000000000e+00
7.433486697339468e+00,1.000000000000000e+00
7.435487097419484e+00,1.000000000000000e+00
7.437487497499500e+00,1.000000000000000e+00
7.439487897579516e+00,1.000000000000000e+00
7.441488297659532e+00,1.000000000000000e+00
7.443488697739548e+00,1.000000000000000e+00
7.445489097819564e+00,1.000000000000000e+00
7.447489497899580e+00,1.000000000000000e+00
7.449489897979596e+00,1.000000000000000e+00
7.451490298059612e+00,1.000000000000000e+00
7.453490698139628e+00,1.000000000000000e+00
7.455491098219644e+00,1.000000000000000e+00
7.457491498299660e+00,1.000000000000000e+00
7.459491898379676e+00,1.000000000000000e+00
7.461492298459692e+00,1.000000000000000e+00
7.463492698539708e+00,1.000000000000000e+00
7.465493098619724e+00,1.000000000000000e+00
7.467493498699740e+00,1.000000000000000e+00
7.469493898779756e+00,1.000000000000000e+00
7.471494298859772e+00,1.000000000000000e+00
7.473494698939788e+00,1.000000000000000e+00
7.475495099019804e+00,1.000000000000000e+00
7.477495499099820e+00,1.000000000000000e+00
7.479495899179836e+00,1.000000000000000e+00
7.481496299259852e+00,1.000000000000000e+00
7.483496699339868e+00,1.000000000000000e+00
7.485497099419884e+00,1.000000000000000e+00
7.487497499499900e+00,1.000000000000000e+00
7.489497899579916e+00,1.000000000000000e+00
7.491498299659932e+00,1.000000000000000e+00
7.493498699739948e+00,1.000000000000000e+00
7.495499099819964e+00,1.000000000000000e+00
7.497499499899980e+00,1.000000000000000e+00
7.499499899979996e+00,1.000000000000000e+00
7.501500300060012e+00,1.000000000000000e+00
7.503500700140028e+00,1.000000000000000e+00
7.505501100220044e+00,1.000000000000000e+00
7.507501500300060e+00,1.000000000000000e+00
7.509501900380076e+00,1.000000000000000e+00
7.511502300460092e+00,1.000000000000000e+00
7.513502700540108e+00,1.000000000000000e+00
7.515503100620124e+00,1.000000000000000e+00
7.517503500700140e+00,1.000000000000000e+00
7.519503900780156e+00,1.000000000000000e+00
7.521504300860172e+00,1.000000000000000e+00
7.523504700940188e+00,1.000000000000000e+00
7.525505101020204e+00,1.000000000000000e+00
7.527505501100220e+00,1.000000000000000e+00
7.529505901180236e+00,1.000000000000000e+00
7.531506301260252e+00,1.000000000000000e+00
7.533506701340268e+00,1.000000000000000e+00
7.535507101420284e+00,1.000000000000000e+00
7.537507501500300e+00,1.000000000000000e+00
7.539507901580316e+00,1.000000000000000e+00
7.541508301660332e+00,1.000000000000000e+00
7.543508701740348e+00,1.000000000000000e+00
7.545509101820364e+00,1.000000000000000e+00
7.547509501900380e+00,1.000000000000000e+00
7.549509901980396e+00,1.000000000000000e+00
7.551510302060412e+00,1.000000000000000e+00
7.553510702140428e+00,1.000000000000000e+00
7.555511102220444e+00,1.000000000000000e+00
7.557511502300460e+00,1.000000000000000e+00
7.559511902380476e+00,1.000000000000000e+00
7.561512302460492e+00,1.000000000000000e+00
7.563512702540508e+00,1.000000000000000e+00
7.565513102620524e+00,1.000000000000000e+00
7.567513502700540e+00,1.000000000000000e+00
7.569513902780556e+00,1.000000000000000e+00
7.571514302860572e+00,1.000000000000000e+00
7.573514702940588e+00,1.000000000000000e+00
7.575515103020604e+00,1.000000000000000e+00
7.577515503100620e+00,1.000000000000000e+00
7.579515903180636e+00,1.000000000000000e+00
7.581516303260652e+00,1.000000000000000e+00
7.583516703340668e+00,1.000000000000000e+00
7.585517103420684e+00,1.000000000000000e+00
7.587517503500700e+00,1.000000000000000e+00
7.589517903580716e+00,1.000000000000000e+00
7.591518303660732e+00,1.000000000000000e+00
7.593518703740748e+00,1.000000000000000e+00
7.595519103820764e+00,1.000000000000000e+00
7.597519503900780e+00,1.000000000000000e+00
7.599519903980796e+00,1.000000000000000e+00
7.601520304060812e+00,1.000000000000000e+00
7.603520704140828e+00,1.000000000000000e+00
7.605521104220844e+00,1.000000000000000e+00
7.607521504300860e+00,1.000000000000000e+00
7.609521904380876e+00,1.000000000000000e+00
7.611522304460892e+00,1.000000000000000e+00
7.613522704540908e+00,1.000000000000000e+00
7.615523104620924e+00,1.000000000000000e+00
7.617523504700940e+00,1.000000000000000e+00
7.619523904780956e+00,1.000000000000000e+00
7.621524304860972e+00,1.000000000000000e+00
7.623524704940988e+00,1.000000000000000e+00
7.625525105021004e+00,1.000000000000000e+00
7.627525505101020e+00,1.000000000000000e+00
7.629525905181036e+00,1.000000000000000e+00
7.631526305261052e+00,1.000000000000000e+00
7.633526705341068e+00,1.000000000000000e+00
7.635527105421084e+00,1.000000000000000e+00
7.637527505501100e+00,1.000000000000000e+00
7.639527905581116e+00,1.000000000000000e+00
7.641528305661132e+00,1.000000000000000e+00
7.643528705741148e+00,1.000000000000000e+00
7.645529105821164e+00,1.000000000000000e+00
7.647529505901180e+00,1.000000000000000e+00
7.649529905981196e+00,1.000000000000000e+00
7.651530306061212e+00,1.000000000000000e+00
7.653530706141228e+00,1.000000000000000e+00
7.655531106221244e+00,1.000000000000000e+00
7.657531506301260e+00,1.000000000000000e+00
7.659531906381276e+00,1.000000000000000e+00
7.661532306461292e+00,1.000000000000000e+00
7.663532706541308e+00,1.000000000000000e+00
7.665533106621324e+00,1.000000000000000e+00
7.667533506701340e+00,1.000000000000000e+00
7.669533906781356e+00,1.000000000000000e+00
7.671534306861372e+00,1.000000000000000e+00
7.673534706941388e+00,1.000000000000000e+00
7.675535107021404e+00,1.000000000000000e+00
7.677535507101420e+00,1.000000000000000e+00
7.679535907181436e+00,1.000000000000000e+00
7.681536307261452e+00,1.000000000000000e+00
7.683536707341468e+00,1.000000000000000e+00
7.685537107421484e+00,1.000000000000000e+00
7.687537507501500e+00,1.000000000000000e+00
7.689537907581516e+00,1.000000000000000e+00
7.691538307661532e+00,1.000000000000000e+00
7.693538707741548e+00,1.000000000000000e+00
7.695539107821564e+00,1.000000000000000e+00
7.697539507901580e+00,1.000000000000000e+00
7.699539907981596e+00,1.000000000000000e+00
7.701540308061612e+00,1.000000000000000e+00
7.703540708141628e+00,1.000000000000000e+00
7.705541108221644e+00,1.000000000000000e+00
7.707541508301660e+00,1.000000000000000e+00
7.709541908381676e+00,1.000000000000000e+00
7.711542308461692e+00,1.000000000000000e+00
7.713542708541708e+00,1.000000000000000e+00
7.715543108621724e+00,1.000000000000000e+00
7.717543508701740e+00,1.000000000000000e+00
7.719543908781756e+00,1.000000000000000e+00
7.721544308861772e+00,1.000000000000000e+00
7.723544708941788e+00,1.000000000000000e+00
7.725545109021804e+00,1.000000000000000e+00
7.727545509101820e+00,1.000000000000000e+00
7.729545909181836e+00,1.000000000000000e+00
7.731546309261852e+00,1.000000000000000e+00
7.733546709341868e+00,1.000000000000000e+00
7.735547109421884e+00,1.000000000000000e+00
7.737547509501900e+00,1.000000000000000e+00
7.739547909581916e+00,1.000000000000000e+00
7.741548309661932e+00,1.000000000000000e+00
7.743548709741948e+00,1.000000000000000e+00
7.745549109821964e+00,1.000000000000000e+00
7.747549509901980e+00,1.000000000000000e+00
7.749549909981996e+00,1.000000000000000e+00
7.751550310062012e+00,1.000000000000000e+00
7.753550710142028e+00,1.000000000000000e+00
7.755551110222044e+00,1.000000000000000e+00
7.757551510302060e+00,1.000000000000000e+00
7.759551910382076e+00,1.000000000000000e+00
7.761552310462092e+00,1.000000000000000e+00
7.763552710542108e+00,1.000000000000000e+00
7.765553110622124e+00,1.000000000000000e+00
7.767553510702141e+00,1.000000000000000e+00
7.769553910782157e+00,1.000000000000000e+00
7.771554310862173e+00,1.000000000000000e+00
7.773554710942189e+00,1.000000000000000e+00
7.775555111022205e+00,1.000000000000000e+00
7.777555511102221e+00,1.000000000000000e+00
7.779555911182237e+00,1.000000000000000e+00
7.781556311262253e+00,1.000000000000000e+00
7.783556711342269e+00,1.000000000000000e+00
7.785557111422285e+00,1.000000000000000e+00
7.787557511502301e+00,1.000000000000000e+00
7.789557911582317e+00,1.000000000000000e+00
7.791558311662333e+00,1.000000000000000e+00
7.793558711742349e+00,1.000000000000000e+00
7.795559111822365e+00,1.000000000000000e+00
7.797559511902381e+00,1.000000000000000e+00
7.799559911982397e+00,1.000000000000000e+00
7.801560312062413e+00,1.000000000000000e+00
7.803560712142429e+00,1.000000000000000e+00
7.805561112222445e+00,1.000000000000000e+00
7.807561512302461e+00,1.000000000000000e+00
7.809561912382477e+00,1.000000000000000e+00
7.811562312462493e+00,1.000000000000000e+00
7.813562712542509e+00,1.000000000000000e+00
7.815563112622525e+00,1.000000000000000e+00
7.817563512702541e+00,1.000000000000000e+00
7.819563912782557e+00,1.000000000000000e+00
7.821564312862573e+00,1.000000000000000e+00
7.823564712942589e+00,1.000000000000000e+00
7.825565113022605e+00,1.000000000000000e+00
7.827565513102621e+00,1.000000000000000e+00
7.829565913182637e+00,1.000000000000000e+00
7.831566313262653e+00,1.000000000000000e+00
7.833566713342669e+00,1.000000000000000e+00
7.835567113422685e+00,1.000000000000000e+00
7.837567513502701e+00,1.000000000000000e+00
7.839567913582717e+00,1.000000000000000e+00
7.841568313662733e+00,1.000000000000000e+00
7.843568713742749e+00,1.000000000000000e+00
7.845569113822765e+00,1.000000000000000e+00
7.847569513902781e+00,1.000000000000000e+00
7.849569913982797e+00,1.000000000000000e+00
7.851570314062813e+00,1.000000000000000e+00
7.853570714142829e+00,1.000000000000000e+00
7.855571114222845e+00,1.000000000000000e+00
7.857571514302861e+00,1.000000000000000e+00
7.859571914382877e+00,1.000000000000000e+00
7.861572314462893e+00,1.000000000000000e+00
7.863572714542909e+00,1.000000000000000e+00
7.865573114622925e+00,1.000000000000000e+00
7.867573514702941e+00,1.000000000000000e+00
7.869573914782957e+00,1.000000000000000e+00
7.871574314862973e+00,1.000000000000000e+00
7.873574714942989e+00,1.000000000000000e+00
7.875575115023005e+00,1.000000000000000e+00
7.877575515103021e+00,1.000000000000000e+00
7.879575915183037e+00,1.000000000000000e+00
7.881576315263053e+00,1.000000000000000e+00
7.883576715343069e+00,1.000000000000000e+00
7.885577115423085e+00,1.000000000000000e+00
7.887577515503101e+00,1.000000000000000e+00
7.889577915583117e+00,1.000000000000000e+00
7.891578315663133e+00,1.000000000000000e+00
7.893578715743149e+00,1.000000000000000e+00
7.895579115823165e+00,1.000000000000000e+00
7.897579515903181e+00,1.000000000000000e+00
7.899579915983197e+00,1.000000000000000e+00
7.901580316063213e+00,1.000000000000000e+00
7.903580716143229e+00,1.000000000000000e+00
7.905581116223245e+00,1.000000000000000e+00
7.907581516303261e+00,1.000000000000000e+00
7.909581916383277e+00,1.000000000000000e+00
7.911582316463293e+00,1.000000000000000e+00
7.913582716543309e+00,1.000000000000000e+00
7.915583116623325e+00,1.000000000000000e+00
7.917583516703341e+00,1.000000000000000e+00
7.919583916783357e+00,1.000000000000000e+00
7.921584316863373e+00,1.000000000000000e+00
7.923584716943389e+00,1.000000000000000e+00
7.925585117023405e+00,1.000000000000000e+00
7.927585517103421e+00,1.000000000000000e+00
7.929585917183437e+00,1.000000000000000e+00
7.931586317263453e+00,1.000000000000000e+00
7.933586717343469e+00,1.000000000000000e+00
7.935587117423485e+00,1.000000000000000e+00
7.937587517503501e+00,1.000000000000000e+00
7.939587917583517e+00,1.000000000000000e+00
7.941588317663533e+00,1.000000000000000e+00
7.943588717743549e+00,1.000000000000000e+00
7.945589117823565e+00,1.000000000000000e+00
7.947589517903581e+00,1.000000000000000e+00
7.949589917983597e+00,1.000000000000000e+00
7.951590318063613e+00,1.000000000000000e+00
7.953590718143629e+00,1.000000000000000e+00
7.955591118223645e+00,1.000000000000000e+00
7.957591518303661e+00,1.000000000000000e+00
7.959591918383677e+00,1.000000000000000e+00
7.961592318463693e+00,1.000000000000000e+00
7.963592718543709e+00,1.000000000000000e+00
7.965593118623725e+00,1.000000000000000e+00
7.967593518703740e+00,1.000000000000000e+00
7.969593918783756e+00,1.000000000000000e+00
7.971594318863772e+00,1.000000000000000e+00
7.973594718943788e+00,1.000000000000000e+00
7.975595119023804e+00,1.000000000000000e+00
7.977595519103820e+00,1.000000000000000e+00
7.979595919183836e+00,1.000000000000000e+00
7.981596319263852e+00,1.000000000000000e+00
7.983596719343868e+00,1.000000000000000e+00
7.985597119423884e+00,1.000000000000000e+00
7.987597519503900e+00,1.000000000000000e+00
7.989597919583916e+00,1.000000000000000e+00
7.991598319663932e+00,1.000000000000000e+00
7.993598719743948e+00,1.000000000000000e+00
7.995599119823964e+00,1.000000000000000e+00
7.997599519903980e+00,1.000000000000000e+00
7.999599919983996e+00,1.000000000000000e+00
8.001600320064012e+00,1.000000000000000e+00
8.003600720144028e+00,1.000000000000000e+00
8.005601120224044e+00,1.000000000000000e+00
8.007601520304060e+00,1.000000000000000e+00
8.009601920384076e+00,1.000000000000000e+00
8.011602320464092e+00,1.000000000000000e+00
8.013602720544108e+00,1.000000000000000e+00
8.015603120624125e+00,1.000000000000000e+00
8.017603520704141e+00,1.000000000000000e+00
8.019603920784157e+00,1.000000000000000e+00
8.021604320864173e+00,1.000000000000000e+00
8.023604720944189e+00,1.000000000000000e+00
8.025605121024205e+00,1.000000000000000e+00
8.027605521104221e+00,1.000000000000000e+00
8.029605921184237e+00,1.000000000000000e+00
8.031606321264253e+00,1.000000000000000e+00
8.033606721344269e+00,1.000000000000000e+00
8.035607121424285e+00,1.000000000000000e+00
8.037607521504301e+00,1.000000000000000e+00
8.039607921584317e+00,1.000000000000000e+00
8.041608321664333e+00,1.000000000000000e+00
8.043608721744349e+00,1.000000000000000e+00
8.045609121824365e+00,1.000000000000000e+00
8.047609521904381e+00,1.000000000000000e+00
8.049609921984397e+00,1.000000000000000e+00
8.051610322064413e+00,1.000000000000000e+00
8.053610722144429e+00,1.000000000000000e+00
8.055611122224445e+00,1.000000000000000e+00
8.057611522304461e+00,1.000000000000000e+00
8.059611922384477e+00,1.000000000000000e+00
8.061612322464493e+00,1.000000000000000e+00
8.063612722544509e+00,1.000000000000000e+00
8.065613122624525e+00,1.000000000000000e+00
8.067613522704541e+00,1.000000000000000e+00
8.069613922784557e+00,1.000000000000000e+00
8.071614322864573e+00,1.000000000000000e+00
8.073614722944589e+00,1.000000000000000e+00
8.075615123024605e+00,1.000000000000000e+00
8.077615523104621e+00,1.000000000000000e+00
8.079615923184637e+00,1.000000000000000e+00
8.081616323264653e+00,1.000000000000000e+00
8.083616723344669e+00,1.000000000000000e+00
8.085617123424685e+00,1.000000000000000e+00
8.087617523504701e+00,1.000000000000000e+00
8.089617923584717e+00,1.000000000000000e+00
8.091618323664733e+00,1.000000000000000e+00
8.093618723744749e+00,1.000000000000000e+00
8.095619123824765e+00,1.000000000000000e+00
8.097619523904781e+00,1.000000000000000e+00
8.099619923984797e+00,1.000000000000000e+00
8.101620324064813e+00,1.000000000000000e+00
8.103620724144829e+00,1.000000000000000e+00
8.105621124224845e+00,1.000000000000000e+00
8.107621524304861e+00,1.000000000000000e+00
8.109621924384877e+00,1.000000000000000e+00
8.111622324464893e+00,1.000000000000000e+00
8.113622724544909e+00,1.000000000000000e+00
8.115623124624925e+00,1.000000000000000e+00
8.117623524704941e+00,1.000000000000000e+00
8.119623924784957e+00,1.000000000000000e+00
8.121624324864973e+00,1.000000000000000e+00
8.123624724944989e+00,1.000000000000000e+00
8.125625125025005e+00,1.000000000000000e+00
8.127625525105021e+00,1.000000000000000e+00
8.129625925185037e+00,1.000000000000000e+00
8.131626325265053e+00,1.000000000000000e+00
8.133626725345069e+00,1.000000000000000e+00
8.135627125425085e+00,1.000000000000000e+00
8.137627525505101e+00,1.000000000000000e+00
8.139627925585117e+00,1.000000000000000e+00
8.141628325665133e+00,1.000000000000000e+00
8.143628725745149e+00,1.000000000000000e+00
8.145629125825165e+00,1.000000000000000e+00
8.147629525905181e+00,1.000000000000000e+00
8.149629925985197e+00,1.000000000000000e+00
8.151630326065213e+00,1.000000000000000e+00
8.153630726145229e+00,1.000000000000000e+00
8.155631126225245e+00,1.000000000000000e+00
8.157631526305261e+00,1.000000000000000e+00
8.159631926385277e+00,1.000000000000000e+00
8.161632326465293e+00,1.000000000000000e+00
8.163632726545309e+00,1.000000000000000e+00
8.165633126625325e+00,1.000000000000000e+00
8.167633526705341e+00,1.000000000000000e+00
8.169633926785357e+00,1.000000000000000e+00
8.171634326865373e+00,1.000000000000000e+00
8.173634726945389e+00,1.000000000000000e+00
8.175635127025405e+00,1.000000000000000e+00
8.177635527105421e+00,1.000000000000000e+00
8.179635927185437e+00,1.000000000000000e+00
8.181636327265453e+00,1.000000000000000e+00
8.183636727345469e+00,1.000000000000000e+00
8.185637127425485e+00,1.000000000000000e+00
8.187637527505501e+00,1.000000000000000e+00
8.189637927585517e+00,1.000000000000000e+00
8.191638327665533e+00,1.000000000000000e+00
8.193638727745549e+00,1.000000000000000e+00
8.195639127825565e+00,1.000000000000000e+00
8.197639527905581e+00,1.000000000000000e+00
8.199639927985597e+00,1.000000000000000e+00
8.201640328065613e+00,1.000000000000000e+00
8.203640728145629e+00,1.000000000000000e+00
8.205641128225645e+00,1.000000000000000e+00
8.207641528305661e+00,1.000000000000000e+00
8.209641928385677e+00,1.000000000000000e+00
8.211642328465693e+00,1.000000000000000e+00
8.213642728545709e+00,1.000000000000000e+00
8.215643128625725e+00,1.000000000000000e+00
8.217643528705741e+00,1.000000000000000e+00
8.219643928785757e+00,1.000000000000000e+00
8.221644328865773e+00,1.000000000000000e+00
8.223644728945789e+00,1.000000000000000e+00
8.225645129025805e+00,1.000000000000000e+00
8.227645529105821e+00,1.000000000000000e+00
8.229645929185837e+00,1.000000000000000e+00
8.231646329265853e+00,1.000000000000000e+00
8.233646729345869e+00,1.000000000000000e+00
8.235647129425885e+00,1.000000000000000e+00
8.237647529505901e+00,1.000000000000000e+00
8.239647929585917e+00,1.000000000000000e+00
8.241648329665933e+00,1.000000000000000e+00
8.243648729745949e+00,1.000000000000000e+00
8.245649129825965e+00,1.000000000000000e+00
8.247649529905981e+00,1.000000000000000e+00
8.249649929985997e+00,1.000000000000000e+00
8.251650330066013e+00,1.000000000000000e+00
8.253650730146029e+00,1.000000000000000e+00
8.255651130226045e+00,1.000000000000000e+00
8.257651530306061e+00,1.000000000000000e+00
8.259651930386077e+00,1.000000000000000e+00
8.261652330466093e+00,1.000000000000000e+00
8.263652730546109e+00,1.000000000000000e+00
8.265653130626125e+00,1.000000000000000e+00
8.267653530706141e+00,1.000000000000000e+00
8.269653930786157e+00,1.000000000000000e+00
8.271654330866173e+00,1.000000000000000e+00
8.273654730946189e+00,1.000000000000000e+00
8.275655131026205e+00,1.000000000000000e+00
8.277655531106221e+00,1.000000000000000e+00
8.279655931186237e+00,1.000000000000000e+00
8.281656331266253e+00,1.000000000000000e+00
8.283656731346269e+00,1.000000000000000e+00
8.285657131426285e+00,1.000000000000000e+00
8.287657531506301e+00,1.000000000000000e+00
8.289657931586317e+00,1.000000000000000e+00
8.291658331666333e+00,1.000000000000000e+00
8.293658731746349e+00,1.000000000000000e+00
8.295659131826365e+00,1.000000000000000e+00
8.297659531906382e+00,1.000000000000000e+00
8.299659931986398e+00,1.000000000000000e+00
8.301660332066414e+00,1.000000000000000e+00
8.303660732146430e+00,1.000000000000000e+00
8.305661132226446e+00,1.000000000000000e+00
8.307661532306462e+00,1.000000000000000e+00
8.309661932386478e+00,1.000000000000000e+00
8.311662332466494e+00,1.000000000000000e+00
8.313662732546510e+00,1.000000000000000e+00
8.315663132626526e+00,1.000000000000000e+00
8.317663532706542e+00,1.000000000000000e+00
8.319663932786558e+00,1.000000000000000e+00
8.321664332866574e+00,1.000000000000000e+00
8.323664732946590e+00,1.000000000000000e+00
8.325665133026606e+00,1.000000000000000e+00
8.327665533106622e+00,1.000000000000000e+00
8.329665933186638e+00,1.000000000000000e+00
8.331666333266654e+00,1.000000000000000e+00
8.333666733346670e+00,1.000000000000000e+00
8.335667133426686e+00,1.000000000000000e+00
8.337667533506702e+00,1.000000000000000e+00
8.339667933586718e+00,1.000000000000000e+00
8.341668333666734e+00,1.000000000000000e+00
8.343668733746750e+00,1.000000000000000e+00
8.345669133826766e+00,1.000000000000000e+00
8.347669533906782e+00,1.000000000000000e+00
8.349669933986798e+00,1.000000000000000e+00
8.351670334066814e+00,1.000000000000000e+00
8.353670734146830e+00,1.000000000000000e+00
8.355671134226846e+00,1.000000000000000e+00
8.357671534306862e+00,1.000000000000000e+00
8.359671934386878e+00,1.000000000000000e+00
8.361672334466894e+00,1.000000000000000e+00
8.363672734546910e+00,1.000000000000000e+00
8.365673134626926e+00,1.000000000000000e+00
8.367673534706942e+00,1.000000000000000e+00
8.369673934786958e+00,1.000000000000000e+00
8.371674334866974e+00,1.000000000000000e+00
8.373674734946990e+00,1.000000000000000e+00
8.375675135027006e+00,1.000000000000000e+00
8.377675535107022e+00,1.000000000000000e+00
8.379675935187038e+00,1.000000000000000e+00
8.381676335267054e+00,1.000000000000000e+00
8.383676735347070e+00,1.000000000000000e+00
8.385677135427086e+00,1.000000000000000e+00
8.387677535507102e+00,1.000000000000000e+00
8.389677935587118e+00,1.000000000000000e+00
8.391678335667134e+00,1.000000000000000e+00
8.393678735747150e+00,1.000000000000000e+00
8.395679135827166e+00,1.000000000000000e+00
8.397679535907182e+00,1.000000000000000e+00
8.399679935987198e+00,1.000000000000000e+00
8.401680336067214e+00,1.000000000000000e+00
8.403680736147230e+00,1.000000000000000e+00
8.405681136227246e+00,1.000000000000000e+00
8.407681536307262e+00,1.000000000000000e+00
8.409681936387278e+00,1.000000000000000e+00
8.411682336467294e+00,1.000000000000000e+00
8.413682736547310e+00,1.000000000000000e+00
8.415683136627326e+00,1.000000000000000e+00
8.417683536707342e+00,1.000000000000000e+00
8.419683936787358e+00,1.000000000000000e+00
8.421684336867374e+00,1.000000000000000e+00
8.423684736947390e+00,1.000000000000000e+00
8.425685137027406e+00,1.000000000000000e+00
8.427685537107422e+00,1.000000000000000e+00
8.429685937187438e+00,1.000000000000000e+00
8.431686337267454e+00,1.000000000000000e+00
8.433686737347470e+00,1.000000000000000e+00
8.435687137427486e+00,1.000000000000000e+00
8.437687537507502e+00,1.000000000000000e+00
8.439687937587518e+00,1.000000000000000e+00
8.441688337667534e+00,1.000000000000000e+00
8.443688737747550e+00,1.000000000000000e+00
8.445689137827566e+00,1.000000000000000e+00
8.447689537907582e+00,1.000000000000000e+00
8.449689937987598e+00,1.000000000000000e+00
8.451690338067614e+00,1.000000000000000e+00
8.453690738147630e+00,1.000000000000000e+00
8.455691138227646e+00,1.000000000000000e+00
8.457691538307662e+00,1.000000000000000e+00
8.459691938387678e+00,1.000000000000000e+00
8.461692338467694e+00,1.000000000000000e+00
8.463692738547710e+00,1.000000000000000e+00
8.465693138627726e+00,1.000000000000000e+00
8.467693538707742e+00,1.000000000000000e+00
8.469693938787758e+00,1.000000000000000e+00
8.471694338867774e+00,1.000000000000000e+00
8.473694738947790e+00,1.000000000000000e+00
8.475695139027806e+00,1.000000000000000e+00
8.477695539107822e+00,1.000000000000000e+00
8.479695939187838e+00,1.000000000000000e+00
8.481696339267854e+00,1.000000000000000e+00
8.483696739347870e+00,1.000000000000000e+00
8.485697139427886e+00,1.000000000000000e+00
8.487697539507902e+00,1.000000000000000e+00
8.489697939587918e+00,1.000000000000000e+00
8.491698339667934e+00,1.000000000000000e+00
8.493698739747950e+00,1.000000000000000e+00
8.495699139827966e+00,1.000000000000000e+00
8.497699539907982e+00,1.000000000000000e+00
8.499699939987998e+00,1.000000000000000e+00
8.501700340068014e+00,1.000000000000000e+00
8.503700740148030e+00,1.000000000000000e+00
8.505701140228046e+00,1.000000000000000e+00
8.507701540308062e+00,1.000000000000000e+00
8.509701940388078e+00,1.000000000000000e+00
8.511702340468094e+00,1.000000000000000e+00
8.513702740548110e+00,1.000000000000000e+00
8.515703140628126e+00,1.000000000000000e+00
8.517703540708142e+00,1.000000000000000e+00
8.519703940788158e+00,1.000000000000000e+00
8.521704340868174e+00,1.000000000000000e+00
8.523704740948190e+00,1.000000000000000e+00
8.525705141028206e+00,1.000000000000000e+00
8.527705541108222e+00,1.000000000000000e+00
8.529705941188238e+00,1.000000000000000e+00
8.531706341268254e+00,1.000000000000000e+00
8.533706741348270e+00,1.000000000000000e+00
8.535707141428286e+00,1.000000000000000e+00
8.537707541508302e+00,1.000000000000000e+00
8.539707941588318e+00,1.000000000000000e+00
8.541708341668334e+00,1.000000000000000e+00
8.543708741748350e+00,1.000000000000000e+00
8.545709141828366e+00,1.000000000000000e+00
8.547709541908382e+00,1.000000000000000e+00
8.549709941988398e+00,1.000000000000000e+00
8.551710342068414e+00,1.000000000000000e+00
8.553710742148430e+00,1.000000000000000e+00
8.555711142228446e+00,1.000000000000000e+00
8.557711542308462e+00,1.000000000000000e+00
8.559711942388478e+00,1.000000000000000e+00
8.561712342468494e+00,1.000000000000000e+00
8.563712742548510e+00,1.000000000000000e+00
8.565713142628526e+00,1.000000000000000e+00
8.567713542708542e+00,1.000000000000000e+00
8.569713942788558e+00,1.000000000000000e+00
8.571714342868574e+00,1.000000000000000e+00
8.573714742948590e+00,1.000000000000000e+00
8.575715143028606e+00,1.000000000000000e+00
8.577715543108622e+00,1.000000000000000e+00
8.579715943188639e+00,1.000000000000000e+00
8.581716343268655e+00,1.000000000000000e+00
8.583716743348671e+00,1.000000000000000e+00
8.585717143428687e+00,1.000000000000000e+00
8.587717543508703e+00,1.000000000000000e+00
8.589717943588719e+00,1.000000000000000e+00
8.591718343668735e+00,1.000000000000000e+00
8.593718743748751e+00,1.000000000000000e+00
8.595719143828767e+00,1.000000000000000e+00
8.597719543908783e+00,1.000000000000000e+00
8.599719943988799e+00,1.000000000000000e+00
8.601720344068815e+00,1.000000000000000e+00
8.603720744148831e+00,1.000000000000000e+00
8.605721144228847e+00,1.000000000000000e+00
8.607721544308863e+00,1.000000000000000e+00
8.609721944388879e+00,1.000000000000000e+00
8.611722344468895e+00,1.000000000000000e+00
8.613722744548911e+00,1.000000000000000e+00
8.615723144628927e+00,1.000000000000000e+00
8.617723544708943e+00,1.000000000000000e+00
8.619723944788959e+00,1.000000000000000e+00
8.621724344868975e+00,1.000000000000000e+00
8.623724744948991e+00,1.000000000000000e+00
8.625725145029007e+00,1.000000000000000e+00
8.627725545109023e+00,1.000000000000000e+00
8.629725945189039e+00,1.000000000000000e+00
8.631726345269055e+00,1.000000000000000e+00
8.633726745349071e+00,1.000000000000000e+00
8.635727145429087e+00,1.000000000000000e+00
8.637727545509103e+00,1.000000000000000e+00
8.639727945589119e+00,1.000000000000000e+00
8.641728345669135e+00,1.000000000000000e+00
8.643728745749151e+00,1.000000000000000e+00
8.645729145829167e+00,1.000000000000000e+00
8.647729545909183e+00,1.000000000000000e+00
8.649729945989197e+00,1.000000000000000e+00
8.651730346069213e+00,1.000000000000000e+00
8.653730746149229e+00,1.000000000000000e+00
8.655731146229245e+00,1.000000000000000e+00
8.657731546309261e+00,1.000000000000000e+00
8.659731946389277e+00,1.000000000000000e+00
8.661732346469293e+00,1.000000000000000e+00
8.663732746549309e+00,1.000000000000000e+00
8.665733146629325e+00,1.000000000000000e+00
8.667733546709341e+00,1.000000000000000e+00
8.669733946789357e+00,1.000000000000000e+00
8.671734346869373e+00,1.000000000000000e+00
8.673734746949389e+00,1.000000000000000e+00
8.675735147029405e+00,1.000000000000000e+00
8.677735547109421e+00,1.000000000000000e+00
8.679735947189437e+00,1.000000000000000e+00
8.681736347269453e+00,1.000000000000000e+00
8.683736747349469e+00,1.000000000000000e+00
8.685737147429485e+00,1.000000000000000e+00
8.687737547509501e+00,1.000000000000000e+00
8.689737947589517e+00,1.000000000000000e+00
8.691738347669533e+00,1.000000000000000e+00
8.693738747749549e+00,1.000000000000000e+00
8.695739147829565e+00,1.000000000000000e+00
8.697739547909581e+00,1.000000000000000e+00
8.699739947989597e+00,1.000000000000000e+00
8.701740348069613e+00,1.000000000000000e+00
8.703740748149629e+00,1.000000000000000e+00
8.705741148229645e+00,1.000000000000000e+00
8.707741548309661e+00,1.000000000000000e+00
8.709741948389677e+00,1.000000000000000e+00
8.711742348469693e+00,1.000000000000000e+00
8.713742748549709e+00,1.000000000000000e+00
8.715743148629725e+00,1.000000000000000e+00
8.717743548709741e+00,1.000000000000000e+00
8.719743948789757e+00,1.000000000000000e+00
8.721744348869773e+00,1.000000000000000e+00
8.723744748949789e+00,1.000000000000000e+00
8.725745149029805e+00,1.000000000000000e+00
8.727745549109821e+00,1.000000000000000e+00
8.729745949189837e+00,1.000000000000000e+00
8.731746349269853e+00,1.000000000000000e+00
8.733746749349869e+00,1.000000000000000e+00
8.735747149429885e+00,1.000000000000000e+00
8.737747549509901e+00,1.000000000000000e+00
8.739747949589917e+00,1.000000000000000e+00
8.741748349669933e+00,1.000000000000000e+00
8.743748749749949e+00,1.000000000000000e+00
8.745749149829965e+00,1.000000000000000e+00
8.747749549909981e+00,1.000000000000000e+00
8.749749949989997e+00,1.000000000000000e+00
8.751750350070013e+00,1.000000000000000e+00
8.753750750150029e+00,1.000000000000000e+00
8.755751150230045e+00,1.000000000000000e+00
8.757751550310061e+00,1.000000000000000e+00
8.759751950390077e+00,1.000000000000000e+00
8.761752350470093e+00,1.000000000000000e+00
8.763752750550109e+00,1.000000000000000e+00
8.765753150630125e+00,1.000000000000000e+00
8.767753550710141e+00,1.000000000000000e+00
8.769753950790157e+00,1.000000000000000e+00
8.771754350870173e+00,1.000000000000000e+00
8.773754750950189e+00,1.000000000000000e+00
8.775755151030205e+00,1.000000000000000e+00
8.777755551110221e+00,1.000000000000000e+00
8.779755951190237e+00,1.000000000000000e+00
8.781756351270253e+00,1.000000000000000e+00
8.783756751350269e+00,1.000000000000000e+00
8.785757151430285e+00,1.000000000000000e+00
8.787757551510301e+00,1.000000000000000e+00
8.789757951590317e+00,1.000000000000000e+00
8.791758351670333e+00,1.000000000000000e+00
8.793758751750349e+00,1.000000000000000e+00
8.795759151830365e+00,1.000000000000000e+00
8.797759551910382e+00,1.000000000000000e+00
8.799759951990398e+00,1.000000000000000e+00
8.801760352070414e+00,1.000000000000000e+00
8.803760752150430e+00,1.000000000000000e+00
8.805761152230446e+00,1.000000000000000e+00
8.807761552310462e+00,1.000000000000000e+00
8.809761952390478e+00,1.000000000000000e+00
8.811762352470494e+00,1.000000000000000e+00
8.813762752550510e+00,1.000000000000000e+00
8.815763152630526e+00,1.000000000000000e+00
8.817763552710542e+00,1.000000000000000e+00
8.819763952790558e+00,1.000000000000000e+00
8.821764352870574e+00,1.000000000000000e+00
8.823764752950590e+00,1.000000000000000e+00
8.825765153030606e+00,1.000000000000000e+00
8.827765553110622e+00,1.000000000000000e+00
8.829765953190638e+00,1.000000000000000e+00
8.831766353270654e+00,1.000000000000000e+00
8.833766753350670e+00,1.000000000000000e+00
8.835767153430686e+00,1.000000000000000e+00
8.837767553510702e+00,1.000000000000000e+00
8.839767953590718e+00,1.000000000000000e+00
8.841768353670734e+00,1.000000000000000e+00
8.843768753750750e+00,1.000000000000000e+00
8.845769153830766e+00,1.000000000000000e+00
8.847769553910782e+00,1.000000000000000e+00
8.849769953990798e+00,1.000000000000000e+00
8.851770354070814e+00,1.000000000000000e+00
8.853770754150830e+00,1.000000000000000e+00
8.855771154230846e+00,1.000000000000000e+00
8.857771554310862e+00,1.000000000000000e+00
8.859771954390878e+00,1.000000000000000e+00
8.861772354470894e+00,1.000000000000000e+00
8.863772754550910e+00,1.000000000000000e+00
8.865773154630926e+00,1.000000000000000e+00
8.867773554710942e+00,1.000000000000000e+00
8.869773954790958e+00,1.000000000000000e+00
8.871774354870974e+00,1.000000000000000e+00
8.873774754950990e+00,1.000000000000000e+00
8.875775155031006e+00,1.000000000000000e+00
8.877775555111022e+00,1.000000000000000e+00
8.879775955191038e+00,1.000000000000000e+00
8.881776355271054e+00,1.000000000000000e+00
8.883776755351070e+00,1.000000000000000e+00
8.885777155431086e+00,1.000000000000000e+00
8.887777555511102e+00,1.000000000000000e+00
8.889777955591118e+00,1.000000000000000e+00
8.891778355671134e+00,1.000000000000000e+00
8.893778755751150e+00,1.000000000000000e+00
8.895779155831166e+00,1.000000000000000e+00
8.897779555911182e+00,1.000000000000000e+00
8.899779955991198e+00,1.000000000000000e+00
8.901780356071214e+00,1.000000000000000e+00
8.903780756151230e+00,1.000000000000000e+00
8.905781156231246e+00,1.000000000000000e+00
8.907781556311262e+00,1.000000000000000e+00
8.909781956391278e+00,1.000000000000000e+00
8.911782356471294e+00,1.000000000000000e+00
8.913782756551310e+00,1.000000000000000e+00
8.915783156631326e+00,1.000000000000000e+00
8.917783556711342e+00,1.000000000000000e+00
8.919783956791358e+00,1.000000000000000e+00
8.921784356871374e+00,1.000000000000000e+00
8.923784756951390e+00,1.000000000000000e+00
8.925785157031406e+00,1.000000000000000e+00
8.927785557111422e+00,1.000000000000000e+00
8.929785957191438e+00,1.000000000000000e+00
8.931786357271454e+00,1.000000000000000e+00
8.933786757351470e+00,1.000000000000000e+00
8.935787157431486e+00,1.000000000000000e+00
8.937787557511502e+00,1.000000000000000e+00
8.939787957591518e+00,1.000000000000000e+00
8.941788357671534e+00,1.000000000000000e+00
8.943788757751550e+00,1.000000000000000e+00
8.945789157831566e+00,1.000000000000000e+00
8.947789557911582e+00,1.000000000000000e+00
8.949789957991598e+00,1.000000000000000e+00
8.951790358071614e+00,1.000000000000000e+00
8.953790758151630e+00,1.000000000000000e+00
8.955791158231646e+00,1.000000000000000e+00
8.957791558311662e+00,1.000000000000000e+00
8.959791958391678e+00,1.000000000000000e+00
8.961792358471694e+00,1.000000000000000e+00
8.963792758551710e+00,1.000000000000000e+00
8.965793158631726e+00,1.000000000000000e+00
8.967793558711742e+00,1.000000000000000e+00
8.969793958791758e+00,1.000000000000000e+00
8.971794358871774e+00,1.000000000000000e+00
8.973794758951790e+00,1.000000000000000e+00
8.975795159031806e+00,1.000000000000000e+00
8.977795559111822e+00,1.000000000000000e+00
8.979795959191838e+00,1.000000000000000e+00
8.981796359271854e+00,1.000000000000000e+00
8.983796759351870e+00,1.000000000000000e+00
8.985797159431886e+00,1.000000000000000e+00
8.987797559511902e+00,1.000000000000000e+00
8.989797959591918e+00,1.000000000000000e+00
8.991798359671934e+00,1.000000000000000e+00
8.993798759751950e+00,1.000000000000000e+00
8.995799159831966e+00,1.000000000000000e+00
8.997799559911982e+00,1.000000000000000e+00
8.999799959991998e+00,1.000000000000000e+00
9.001800360072014e+00,1.000000000000000e+00
9.003800760152030e+00,1.000000000000000e+00
9.005801160232046e+00,1.000000000000000e+00
9.007801560312062e+00,1.000000000000000e+00
9.009801960392078e+00,1.000000000000000e+00
9.011802360472094e+00,1.000000000000000e+00
9.013802760552110e+00,1.000000000000000e+00
9.015803160632126e+00,1.000000000000000e+00
9.017803560712142e+00,1.000000000000000e+00
9.019803960792158e+00,1.000000000000000e+00
9.021804360872174e+00,1.000000000000000e+00
9.023804760952190e+00,1.000000000000000e+00
9.025805161032206e+00,1.000000000000000e+00
9.027805561112222e+00,1.000000000000000e+00
9.029805961192238e+00,1.000000000000000e+00
9.031806361272254e+00,1.000000000000000e+00
9.033806761352270e+00,1.000000000000000e+00
9.035807161432286e+00,1.000000000000000e+00
9.037807561512302e+00,1.000000000000000e+00
9.039807961592318e+00,1.000000000000000e+00
9.041808361672334e+00,1.000000000000000e+00
9.043808761752350e+00,1.000000000000000e+00
9.045809161832366e+00,1.000000000000000e+00
9.047809561912382e+00,1.000000000000000e+00
9.049809961992398e+00,1.000000000000000e+00
9.051810362072414e+00,1.000000000000000e+00
9.053810762152430e+00,1.000000000000000e+00
9.055811162232446e+00,1.000000000000000e+00
9.057811562312462e+00,1.000000000000000e+00
9.059811962392478e+00,1.000000000000000e+00
9.061812362472494e+00,1.000000000000000e+00
9.063812762552510e+00,1.000000000000000e+00
9.065813162632526e+00,1.000000000000000e+00
9.067813562712542e+00,1.000000000000000e+00
9.069813962792558e+00,1.000000000000000e+00
9.071814362872574e+00,1.000000000000000e+00
9.073814762952590e+00,1.000000000000000e+00
9.075815163032606e+00,1.000000000000000e+00
9.077815563112622e+00,1.000000000000000e+00
9.079815963192639e+00,1.000000000000000e+00
9.081816363272655e+00,1.000000000000000e+00
9.083816763352671e+00,1.000000000000000e+00
9.085817163432687e+00,1.000000000000000e+00
9.087817563512703e+00,1.000000000000000e+00
9.089817963592719e+00,1.000000000000000e+00
9.091818363672735e+00,1.000000000000000e+00
9.093818763752751e+00,1.000000000000000e+00
9.095819163832767e+00,1.000000000000000e+00
9.097819563912783e+00,1.000000000000000e+00
9.099819963992799e+00,1.000000000000000e+00
9.101820364072815e+00,1.000000000000000e+00
9.103820764152831e+00,1.000000000000000e+00
9.105821164232847e+00,1.000000000000000e+00
9.107821564312863e+00,1.000000000000000e+00
9.109821964392879e+00,1.000000000000000e+00
9.111822364472895e+00,1.000000000000000e+00
9.113822764552911e+00,1.000000000000000e+00
9.115823164632927e+00,1.000000000000000e+00
9.117823564712943e+00,1.000000000000000e+00
9.119823964792959e+00,1.000000000000000e+00
9.121824364872975e+00,1.000000000000000e+00
9.123824764952991e+00,1.000000000000000e+00
9.125825165033007e+00,1.000000000000000e+00
9.127825565113023e+00,1.000000000000000e+00
9.129825965193039e+00,1.000000000000000e+00
9.131826365273055e+00,1.000000000000000e+00
9.133826765353071e+00,1.000000000000000e+00
9.135827165433087e+00,1.000000000000000e+00
9.137827565513103e+00,1.000000000000000e+00
9.139827965593119e+00,1.000000000000000e+00
9.141828365673135e+00,1.000000000000000e+00
9.143828765753151e+00,1.000000000000000e+00
9.145829165833167e+00,1.000000000000000e+00
9.147829565913183e+00,1.000000000000000e+00
9.149829965993199e+00,1.000000000000000e+00
9.151830366073215e+00,1.000000000000000e+00
9.153830766153231e+00,1.000000000000000e+00
9.155831166233247e+00,1.000000000000000e+00
9.157831566313263e+00,1.000000000000000e+00
9.159831966393279e+00,1.000000000000000e+00
9.161832366473295e+00,1.000000000000000e+00
9.163832766553311e+00,1.000000000000000e+00
9.165833166633327e+00,1.000000000000000e+00
9.167833566713343e+00,1.000000000000000e+00
9.169833966793359e+00,1.000000000000000e+00
9.171834366873375e+00,1.000000000000000e+00
9.173834766953391e+00,1.000000000000000e+00
9.175835167033407e+00,1.000000000000000e+00
9.177835567113423e+00,1.000000000000000e+00
9.179835967193439e+00,1.000000000000000e+00
9.181836367273455e+00,1.000000000000000e+00
9.183836767353471e+00,1.000000000000000e+00
9.185837167433487e+00,1.000000000000000e+00
9.187837567513503e+00,1.000000000000000e+00
9.189837967593519e+00,1.000000000000000e+00
9.191838367673535e+00,1.000000000000000e+00
9.193838767753551e+00,1.000000000000000e+00
9.195839167833567e+00,1.000000000000000e+00
9.197839567913583e+00,1.000000000000000e+00
9.199839967993599e+00,1.000000000000000e+00
9.201840368073615e+00,1.000000000000000e+00
9.203840768153631e+00,1.000000000000000e+00
9.205841168233647e+00,1.000000000000000e+00
9.207841568313663e+00,1.000000000000000e+00
9.209841968393679e+00,1.000000000000000e+00
9.211842368473695e+00,1.000000000000000e+00
9.213842768553711e+00,1.000000000000000e+00
9.215843168633727e+00,1.000000000000000e+00
9.217843568713743e+00,1.000000000000000e+00
9.219843968793759e+00,1.000000000000000e+00
9.221844368873775e+00,1.000000000000000e+00
9.223844768953791e+00,1.000000000000000e+00
9.225845169033807e+00,1.000000000000000e+00
9.227845569113823e+00,1.000000000000000e+00
9.229845969193839e+00,1.000000000000000e+00
9.231846369273855e+00,1.000000000000000e+00
9.233846769353871e+00,1.000000000000000e+00
9.235847169433887e+00,1.000000000000000e+00
9.237847569513903e+00,1.000000000000000e+00
9.239847969593919e+00,1.000000000000000e+00
9.241848369673935e+00,1.000000000000000e+00
9.243848769753951e+00,1.000000000000000e+00
9.245849169833967e+00,1.000000000000000e+00
9.247849569913983e+00,1.000000000000000e+00
9.249849969993999e+00,1.000000000000000e+00
9.251850370074015e+00,1.000000000000000e+00
9.253850770154031e+00,1.000000000000000e+00
9.255851170234047e+00,1.000000000000000e+00
9.257851570314063e+00,1.000000000000000e+00
9.259851970394079e+00,1.000000000000000e+00
9.261852370474095e+00,1.000000000000000e+00
9.263852770554111e+00,1.000000000000000e+00
9.265853170634127e+00,1.000000000000000e+00
9.267853570714143e+00,1.000000000000000e+00
9.269853970794159e+00,1.000000000000000e+00
9.271854370874175e+00,1.000000000000000e+00
9.273854770954191e+00,1.000000000000000e+00
9.275855171034207e+00,1.000000000000000e+00
9.277855571114223e+00,1.000000000000000e+00
9.279855971194239e+00,1.000000000000000e+00
9.281856371274255e+00,1.000000000000000e+00
9.283856771354271e+00,1.000000000000000e+00
9.285857171434287e+00,1.000000000000000e+00
9.287857571514303e+00,1.000000000000000e+00
9.289857971594319e+00,1.000000000000000e+00
9.291858371674335e+00,1.000000000000000e+00
9.293858771754351e+00,1.000000000000000e+00
9.295859171834367e+00,1.000000000000000e+00
9.297859571914383e+00,1.000000000000000e+00
9.299859971994399e+00,1.000000000000000e+00
9.301860372074415e+00,1.000000000000000e+00
9.303860772154431e+00,1.000000000000000e+00
9.305861172234447e+00,1.000000000000000e+00
9.307861572314463e+00,1.000000000000000e+00
9.309861972394479e+00,1.000000000000000e+00
9.311862372474495e+00,1.000000000000000e+00
9.313862772554511e+00,1.000000000000000e+00
9.315863172634527e+00,1.000000000000000e+00
9.317863572714543e+00,1.000000000000000e+00
9.319863972794559e+00,1.000000000000000e+00
9.321864372874575e+00,1.000000000000000e+00
9.323864772954591e+00,1.000000000000000e+00
9.325865173034607e+00,1.000000000000000e+00
9.327865573114623e+00,1.000000000000000e+00
9.329865973194639e+00,1.000000000000000e+00
9.331866373274655e+00,1.000000000000000e+00
9.333866773354671e+00,1.000000000000000e+00
9.335867173434687e+00,1.000000000000000e+00
9.337867573514703e+00,1.000000000000000e+00
9.339867973594719e+00,1.000000000000000e+00
9.341868373674735e+00,1.000000000000000e+00
9.343868773754751e+00,1.000000000000000e+00
9.345869173834767e+00,1.000000000000000e+00
9.347869573914783e+00,1.000000000000000e+00
9.349869973994799e+00,1.000000000000000e+00
9.351870374074815e+00,1.000000000000000e+00
9.353870774154831e+00,1.000000000000000e+00
9.355871174234847e+00,1.000000000000000e+00
9.357871574314863e+00,1.000000000000000e+00
9.359871974394880e+00,1.000000000000000e+00
9.361872374474896e+00,1.000000000000000e+00
9.363872774554912e+00,1.000000000000000e+00
9.365873174634928e+00,1.000000000000000e+00
9.367873574714944e+00,1.000000000000000e+00
9.369873974794960e+00,1.000000000000000e+00
9.371874374874976e+00,1.000000000000000e+00
9.373874774954992e+00,1.000000000000000e+00
9.375875175035008e+00,1.000000000000000e+00
9.377875575115024e+00,1.000000000000000e+00
9.379875975195040e+00,1.000000000000000e+00
9.381876375275056e+00,1.000000000000000e+00
9.383876775355072e+00,1.000000000000000e+00
9.385877175435088e+00,1.000000000000000e+00
9.387877575515104e+00,1.000000000000000e+00
9.389877975595120e+00,1.000000000000000e+00
9.391878375675136e+00,1.000000000000000e+00
9.393878775755152e+00,1.000000000000000e+00
9.395879175835168e+00,1.000000000000000e+00
9.397879575915184e+00,1.000000000000000e+00
9.399879975995200e+00,1.000000000000000e+00
9.401880376075216e+00,1.000000000000000e+00
9.403880776155232e+00,1.000000000000000e+00
9.405881176235248e+00,1.000000000000000e+00
9.407881576315264e+00,1.000000000000000e+00
9.409881976395280e+00,1.000000000000000e+00
9.411882376475296e+00,1.000000000000000e+00
9.413882776555312e+00,1.000000000000000e+00
9.415883176635328e+00,1.000000000000000e+00
9.417883576715344e+00,1.000000000000000e+00
9.419883976795360e+00,1.000000000000000e+00
9.421884376875376e+00,1.000000000000000e+00
9.423884776955392e+00,1.000000000000000e+00
9.425885177035408e+00,1.000000000000000e+00
9.427885577115424e+00,1.000000000000000e+00
9.429885977195440e+00,1.000000000000000e+00
9.431886377275456e+00,1.000000000000000e+00
9.433886777355472e+00,1.000000000000000e+00
9.435887177435488e+00,1.000000000000000e+00
9.437887577515504e+00,1.000000000000000e+00
9.439887977595520e+00,1.000000000000000e+00
9.441888377675536e+00,1.000000000000000e+00
9.443888777755552e+00,1.000000000000000e+00
9.445889177835568e+00,1.000000000000000e+00
9.447889577915584e+00,1.000000000000000e+00
9.449889977995600e+00,1.000000000000000e+00
9.451890378075616e+00,1.000000000000000e+00
9.453890778155632e+00,1.000000000000000e+00
9.455891178235648e+00,1.000000000000000e+00
9.457891578315664e+00,1.000000000000000e+00
9.459891978395680e+00,1.000000000000000e+00
9.461892378475696e+00,1.000000000000000e+00
9.463892778555712e+00,1.000000000000000e+00
9.465893178635728e+00,1.000000000000000e+00
9.467893578715744e+00,1.000000000000000e+00
9.469893978795760e+00,1.000000000000000e+00
9.471894378875776e+00,1.000000000000000e+00
9.473894778955792e+00,1.000000000000000e+00
9.475895179035808e+00,1.000000000000000e+00
9.477895579115824e+00,1.000000000000000e+00
9.479895979195840e+00,1.000000000000000e+00
9.481896379275856e+00,1.000000000000000e+00
9.483896779355872e+00,1.000000000000000e+00
9.485897179435888e+00,1.000000000000000e+00
9.487897579515904e+00,1.000000000000000e+00
9.489897979595920e+00,1.000000000000000e+00
9.491898379675936e+00,1.000000000000000e+00
9.493898779755952e+00,1.000000000000000e+00
9.495899179835968e+00,1.000000000000000e+00
9.497899579915984e+00,1.000000000000000e+00
9.499899979996000e+00,1.000000000000000e+00
9.501900380076016e+00,1.000000000000000e+00
9.503900780156032e+00,1.000000000000000e+00
9.505901180236048e+00,1.000000000000000e+00
9.507901580316064e+00,1.000000000000000e+00
9.509901980396080e+00,1.000000000000000e+00
9.511902380476096e+00,1.000000000000000e+00
9.513902780556112e+00,1.000000000000000e+00
9.515903180636128e+00,1.000000000000000e+00
9.517903580716144e+00,1.000000000000000e+00
9.519903980796160e+00,1.000000000000000e+00
9.521904380876176e+00,1.000000000000000e+00
9.523904780956192e+00,1.000000000000000e+00
9.525905181036208e+00,1.000000000000000e+00
9.527905581116224e+00,1.000000000000000e+00
9.529905981196240e+00,1.000000000000000e+00
9.531906381276256e+00,1.000000000000000e+00
9.533906781356272e+00,1.000000000000000e+00
9.535907181436288e+00,1.000000000000000e+00
9.537907581516304e+00,1.000000000000000e+00
9.539907981596320e+00,1.000000000000000e+00
9.541908381676336e+00,1.000000000000000e+00
9.543908781756352e+00,1.000000000000000e+00
9.545909181836368e+00,1.000000000000000e+00
9.547909581916384e+00,1.000000000000000e+00
9.549909981996400e+00,1.000000000000000e+00
9.551910382076416e+00,1.000000000000000e+00
9.553910782156432e+00,1.000000000000000e+00
9.555911182236448e+00,1.000000000000000e+00
9.557911582316464e+00,1.000000000000000e+00
9.559911982396478e+00,1.000000000000000e+00
9.561912382476494e+00,1.000000000000000e+00
9.563912782556510e+00,1.000000000000000e+00
9.565913182636526e+00,1.000000000000000e+00
9.567913582716542e+00,1.000000000000000e+00
9.569913982796558e+00,1.000000000000000e+00
9.571914382876574e+00,1.000000000000000e+00
9.573914782956590e+00,1.000000000000000e+00
9.575915183036606e+00,1.000000000000000e+00
9.577915583116622e+00,1.000000000000000e+00
9.579915983196639e+00,1.000000000000000e+00
9.581916383276655e+00,1.000000000000000e+00
9.583916783356671e+00,1.000000000000000e+00
9.585917183436687e+00,1.000000000000000e+00
9.587917583516703e+00,1.000000000000000e+00
9.589917983596719e+00,1.000000000000000e+00
9.591918383676735e+00,1.000000000000000e+00
9.593918783756751e+00,1.000000000000000e+00
9.595919183836767e+00,1.000000000000000e+00
9.597919583916783e+00,1.000000000000000e+00
9.599919983996799e+00,1.000000000000000e+00
9.601920384076815e+00,1.000000000000000e+00
9.603920784156831e+00,1.000000000000000e+00
9.605921184236847e+00,1.000000000000000e+00
9.607921584316863e+00,1.000000000000000e+00
9.609921984396879e+00,1.000000000000000e+00
9.611922384476895e+00,1.000000000000000e+00
9.613922784556911e+00,1.000000000000000e+00
9.615923184636927e+00,1.000000000000000e+00
9.617923584716943e+00,1.000000000000000e+00
9.619923984796959e+00,1.000000000000000e+00
9.621924384876975e+00,1.000000000000000e+00
9.623924784956991e+00,1.000000000000000e+00
9.625925185037007e+00,1.000000000000000e+00
9.627925585117023e+00,1.000000000000000e+00
9.629925985197039e+00,1.000000000000000e+00
9.631926385277055e+00,1.000000000000000e+00
9.633926785357071e+00,1.000000000000000e+00
9.635927185437087e+00,1.000000000000000e+00
9.637927585517103e+00,1.000000000000000e+00
9.639927985597119e+00,1.000000000000000e+00
9.641928385677135e+00,1.000000000000000e+00
9.643928785757151e+00,1.000000000000000e+00
9.645929185837167e+00,1.000000000000000e+00
9.647929585917183e+00,1.000000000000000e+00
9.649929985997199e+00,1.000000000000000e+00
9.651930386077215e+00,1.000000000000000e+00
9.653930786157231e+00,1.000000000000000e+00
9.655931186237247e+00,1.000000000000000e+00
9.657931586317263e+00,1.000000000000000e+00
9.659931986397279e+00,1.000000000000000e+00
9.661932386477295e+00,1.000000000000000e+00
9.663932786557311e+00,1.000000000000000e+00
9.665933186637327e+00,1.000000000000000e+00
9.667933586717343e+00,1.000000000000000e+00
9.669933986797359e+00,1.000000000000000e+00
9.671934386877375e+00,1.000000000000000e+00
9.673934786957391e+00,1.000000000000000e+00
9.675935187037407e+00,1.000000000000000e+00
9.677935587117423e+00,1.000000000000000e+00
9.679935987197439e+00,1.000000000000000e+00
9.681936387277455e+00,1.000000000000000e+00
9.683936787357471e+00,1.000000000000000e+00
9.685937187437487e+00,1.000000000000000e+00
9.687937587517503e+00,1.000000000000000e+00
9.689937987597519e+00,1.000000000000000e+00
9.691938387677535e+00,1.000000000000000e+00
9.693938787757551e+00,1.000000000000000e+00
9.695939187837567e+00,1.000000000000000e+00
9.697939587917583e+00,1.000000000000000e+00
9.699939987997599e+00,1.000000000000000e+00
9.701940388077615e+00,1.000000000000000e+00
9.703940788157631e+00,1.000000000000000e+00
9.705941188237647e+00,1.000000000000000e+00
9.707941588317663e+00,1.000000000000000e+00
9.709941988397679e+00,1.000000000000000e+00
9.711942388477695e+00,1.000000000000000e+00
9.713942788557711e+00,1.000000000000000e+00
9.715943188637727e+00,1.000000000000000e+00
9.717943588717743e+00,1.000000000000000e+00
9.719943988797759e+00,1.000000000000000e+00
9.721944388877775e+00,1.000000000000000e+00
9.723944788957791e+00,1.000000000000000e+00
9.725945189037807e+00,1.000000000000000e+00
9.727945589117823e+00,1.000000000000000e+00
9.729945989197839e+00,1.000000000000000e+00
9.731946389277855e+00,1.000000000000000e+00
9.733946789357871e+00,1.000000000000000e+00
9.735947189437887e+00,1.000000000000000e+00
9.737947589517903e+00,1.000000000000000e+00
9.739947989597919e+00,1.000000000000000e+00
9.741948389677935e+00,1.000000000000000e+00
9.743948789757951e+00,1.000000000000000e+00
9.745949189837967e+00,1.000000000000000e+00
9.747949589917983e+00,1.000000000000000e+00
9.749949989997999e+00,1.000000000000000e+00
9.751950390078015e+00,1.000000000000000e+00
9.753950790158031e+00,1.000000000000000e+00
9.755951190238047e+00,1.000000000000000e+00
9.757951590318063e+00,1.000000000000000e+00
9.759951990398079e+00,1.000000000000000e+00
9.761952390478095e+00,1.000000000000000e+00
9.763952790558111e+00,1.000000000000000e+00
9.765953190638127e+00,1.000000000000000e+00
9.767953590718143e+00,1.000000000000000e+00
9.769953990798159e+00,1.000000000000000e+00
9.771954390878175e+00,1.000000000000000e+00
9.773954790958191e+00,1.000000000000000e+00
9.775955191038207e+00,1.000000000000000e+00
9.777955591118223e+00,1.000000000000000e+00
9.779955991198239e+00,1.000000000000000e+00
9.781956391278255e+00,1.000000000000000e+00
9.783956791358271e+00,1.000000000000000e+00
9.785957191438287e+00,1.000000000000000e+00
9.787957591518303e+00,1.000000000000000e+00
9.789957991598319e+00,1.000000000000000e+00
9.791958391678335e+00,1.000000000000000e+00
9.793958791758351e+00,1.000000000000000e+00
9.795959191838367e+00,1.000000000000000e+00
9.797959591918383e+00,1.000000000000000e+00
9.799959991998399e+00,1.000000000000000e+00
9.801960392078415e+00,1.000000000000000e+00
9.803960792158431e+00,1.000000000000000e+00
9.805961192238447e+00,1.000000000000000e+00
9.807961592318463e+00,1.000000000000000e+00
9.809961992398479e+00,1.000000000000000e+00
9.811962392478495e+00,1.000000000000000e+00
9.813962792558511e+00,1.000000000000000e+00
9.815963192638527e+00,1.000000000000000e+00
9.817963592718543e+00,1.000000000000000e+00
9.819963992798559e+00,1.000000000000000e+00
9.821964392878575e+00,1.000000000000000e+00
9.823964792958591e+00,1.000000000000000e+00
9.825965193038607e+00,1.000000000000000e+00
9.827965593118623e+00,1.000000000000000e+00
9.829965993198639e+00,1.000000000000000e+00
9.831966393278655e+00,1.000000000000000e+00
9.833966793358671e+00,1.000000000000000e+00
9.835967193438687e+00,1.000000000000000e+00
9.837967593518703e+00,1.000000000000000e+00
9.839967993598719e+00,1.000000000000000e+00
9.841968393678735e+00,1.000000000000000e+00
9.843968793758751e+00,1.000000000000000e+00
9.845969193838767e+00,1.000000000000000e+00
9.847969593918783e+00,1.000000000000000e+00
9.849969993998799e+00,1.000000000000000e+00
9.851970394078815e+00,1.000000000000000e+00
9.853970794158831e+00,1.000000000000000e+00
9.855971194238847e+00,1.000000000000000e+00
9.857971594318863e+00,1.000000000000000e+00
9.859971994398880e+00,1.000000000000000e+00
9.861972394478896e+00,1.000000000000000e+00
9.863972794558912e+00,1.000000000000000e+00
9.865973194638928e+00,1.000000000000000e+00
9.867973594718944e+00,1.000000000000000e+00
9.869973994798960e+00,1.000000000000000e+00
9.871974394878976e+00,1.000000000000000e+00
9.873974794958992e+00,1.000000000000000e+00
9.875975195039008e+00,1.000000000000000e+00
9.877975595119024e+00,1.000000000000000e+00
9.879975995199040e+00,1.000000000000000e+00
9.881976395279056e+00,1.000000000000000e+00
9.883976795359072e+00,1.000000000000000e+00
9.885977195439088e+00,1.000000000000000e+00
9.887977595519104e+00,1.000000000000000e+00
9.889977995599120e+00,1.000000000000000e+00
9.891978395679136e+00,1.000000000000000e+00
9.893978795759152e+00,1.000000000000000e+00
9.895979195839168e+00,1.000000000000000e+00
9.897979595919184e+00,1.000000000000000e+00
9.899979995999200e+00,1.000000000000000e+00
9.901980396079216e+00,1.000000000000000e+00
9.903980796159232e+00,1.000000000000000e+00
9.905981196239248e+00,1.000000000000000e+00
9.907981596319264e+00,1.000000000000000e+00
9.909981996399280e+00,1.000000000000000e+00
9.911982396479296e+00,1.000000000000000e+00
9.913982796559312e+00,1.000000000000000e+00
9.915983196639328e+00,1.000000000000000e+00
9.917983596719344e+00,1.000000000000000e+00
9.919983996799360e+00,1.000000000000000e+00
9.921984396879376e+00,1.000000000000000e+00
9.923984796959392e+00,1.000000000000000e+00
9.925985197039408e+00,1.000000000000000e+00
9.927985597119424e+00,1.000000000000000e+00
9.929985997199440e+00,1.000000000000000e+00
9.931986397279456e+00,1.000000000000000e+00
9.933986797359472e+00,1.000000000000000e+00
9.935987197439488e+00,1.000000000000000e+00
9.937987597519504e+00,1.000000000000000e+00
9.939987997599520e+00,1.000000000000000e+00
9.941988397679536e+00,1.000000000000000e+00
9.943988797759552e+00,1.000000000000000e+00
9.945989197839568e+00,1.000000000000000e+00
9.947989597919584e+00,1.000000000000000e+00
9.949989997999600e+00,1.000000000000000e+00
9.951990398079616e+00,1.000000000000000e+00
9.953990798159632e+00,1.000000000000000e+00
9.955991198239648e+00,1.000000000000000e+00
9.957991598319664e+00,1.000000000000000e+00
9.959991998399680e+00,1.000000000000000e+00
9.961992398479696e+00,1.000000000000000e+00
9.963992798559712e+00,1.000000000000000e+00
9.965993198639728e+00,1.000000000000000e+00
9.967993598719744e+00,1.000000000000000e+00
9.969993998799760e+00,1.000000000000000e+00
9.971994398879776e+00,1.000000000000000e+00
9.973994798959792e+00,1.000000000000000e+00
9.975995199039808e+00,1.000000000000000e+00
9.977995599119824e+00,1.000000000000000e+00
9.979995999199840e+00,1.000000000000000e+00
9.981996399279856e+00,1.000000000000000e+00
9.983996799359872e+00,1.000000000000000e+00
9.985997199439888e+00,1.000000000000000e+00
9.987997599519904e+00,1.000000000000000e+00
9.989997999599920e+00,1.000000000000000e+00
9.991998399679936e+00,1.000000000000000e+00
9.993998799759952e+00,1.000000000000000e+00
9.995999199839968e+00,1.000000000000000e+00
9.997999599919984e+00,1.000000000000000e+00
1.000000000000000e+01,1.000000000000000e+00
