,Domain_1
0.000000000000000e+00,0.000000000000000e+00
2.000400080016003e-03,4.797757489905048e-03
4.000800160032006e-03,9.589103915823207e-03
6.001200240048009e-03,1.437403082218223e-02
8.001600320064013e-03,1.915252981725642e-02
1.000200040008002e-02,2.392459255843275e-02
1.200240048009602e-02,2.869021077185604e-02
1.400280056011202e-02,3.344937623933216e-02
1.600320064012803e-02,3.820208079505388e-02
1.800360072014403e-02,4.294831634524594e-02
2.000400080016003e-02,4.768807484197164e-02
2.200440088017604e-02,5.242134830932623e-02
2.400480096019204e-02,5.714812882379186e-02
2.600520104020804e-02,6.186840852733434e-02
2.800560112022404e-02,6.658217962412884e-02
3.000600120024005e-02,7.128943437728587e-02
3.200640128025605e-02,7.599016510885115e-02
3.400680136027205e-02,8.068436421290237e-02
3.600720144028806e-02,8.537202413590411e-02
3.800760152030406e-02,9.005313739635303e-02
4.000800160032007e-02,9.472769656840672e-02
4.200840168033607e-02,9.939569429170651e-02
4.400880176035207e-02,1.040571232746514e-01
4.600920184036807e-02,1.087119762845758e-01
4.800960192038407e-02,1.133602461575718e-01
5.001000200040008e-02,1.180019257919410e-01
5.201040208041608e-02,1.226370081514686e-01
5.401080216043209e-02,1.272654862686976e-01
5.601120224044809e-02,1.318873532383803e-01
5.801160232046410e-02,1.365026022240271e-01
6.001200240048010e-02,1.411112264513575e-01
6.201240248049610e-02,1.457132192213975e-01
6.401280256051210e-02,1.503085738941080e-01
6.601320264052811e-02,1.548972839014822e-01
6.801360272054410e-02,1.594793427409966e-01
7.001400280056011e-02,1.640547439788860e-01
7.201440288057612e-02,1.686234812501424e-01
7.401480296059212e-02,1.731855482585159e-01
7.601520304060812e-02,1.777409387765145e-01
7.801560312062412e-02,1.822896466486780e-01
8.001600320064013e-02,1.868316657784815e-01
8.201640328065612e-02,1.913669901545288e-01
8.401680336067213e-02,1.958956138276333e-01
8.601720344068814e-02,2.004175309108175e-01
8.801760352070415e-02,2.049327356022330e-01
9.001800360072014e-02,2.094412221655146e-01
9.201840368073615e-02,2.139429849297810e-01
9.401880376075215e-02,2.184380182994571e-01
9.601920384076815e-02,2.229263167542738e-01
9.801960392078415e-02,2.274078748427198e-01
1.000200040008002e-01,2.318826871820417e-01
1.020204040808162e-01,2.363507484615181e-01
1.040208041608322e-01,2.408120534555562e-01
1.060212042408482e-01,2.452665969909501e-01
1.080216043208642e-01,2.497143739828968e-01
1.100220044008802e-01,2.541553794153512e-01
1.120224044808962e-01,2.585896083443001e-01
1.140228045609122e-01,2.630170559010364e-01
1.160232046409282e-01,2.674377172888850e-01
1.180236047209442e-01,2.718515877832030e-01
1.200240048009602e-01,2.762586627379275e-01
1.220244048809762e-01,2.806589375823020e-01
1.240248049609922e-01,2.850524078143277e-01
1.260252050410082e-01,2.894390690105862e-01
1.280256051210242e-01,2.938189168229652e-01
1.300260052010402e-01,2.981919469753845e-01
1.320264052810562e-01,3.025581552703440e-01
1.340268053610722e-01,3.069175375823758e-01
1.360272054410882e-01,3.112700898645923e-01
1.380276055211042e-01,3.156158081421379e-01
1.400280056011202e-01,3.199546885252855e-01
1.420284056811362e-01,3.242867271865177e-01
1.440288057611522e-01,3.286119203867199e-01
1.460292058411682e-01,3.329302644555352e-01
1.480296059211842e-01,3.372417558044614e-01
1.500300060012002e-01,3.415463909137539e-01
1.520304060812162e-01,3.458441663520712e-01
1.540308061612322e-01,3.501350787535553e-01
1.560312062412482e-01,3.544191248342027e-01
1.580316063212643e-01,3.586963013885903e-01
1.600320064012803e-01,3.629666052898752e-01
1.620324064812963e-01,3.672300334799725e-01
1.640328065613122e-01,3.714865829859260e-01
1.660332066413283e-01,3.757362509133596e-01
1.680336067213443e-01,3.799790344399294e-01
1.700340068013603e-01,3.842149308251461e-01
1.720344068813763e-01,3.884439374005520e-01
1.740348069613923e-01,3.926660515860927e-01
1.760352070414083e-01,3.968812708704714e-01
1.780356071214243e-01,4.010895928209716e-01
1.800360072014403e-01,4.052910150900057e-01
1.820364072814563e-01,4.094855353987437e-01
1.840368073614723e-01,4.136731515567586e-01
1.860372074414883e-01,4.178538614456552e-01
1.880376075215043e-01,4.220276630223448e-01
1.900380076015203e-01,4.261945543288672e-01
1.920384076815363e-01,4.303545334825681e-01
1.940388077615523e-01,4.345075986826483e-01
1.960392078415683e-01,4.386537481970659e-01
1.980396079215843e-01,4.427929803854564e-01
2.000400080016003e-01,4.469252936762128e-01
2.020404080816163e-01,4.510506865828570e-01
2.040408081616323e-01,4.551691576909429e-01
2.060412082416483e-01,4.592807056711531e-01
2.080416083216643e-01,4.633853292694762e-01
2.100420084016803e-01,4.674830273072070e-01
2.120424084816963e-01,4.715737986940435e-01
2.140428085617123e-01,4.756576424051668e-01
2.160432086417284e-01,4.797345575074355e-01
2.180436087217444e-01,4.838045431331915e-01
2.200440088017604e-01,4.878675985097284e-01
2.220444088817763e-01,4.919237229265486e-01
2.240448089617924e-01,4.959729157615579e-01
2.260452090418084e-01,5.000151764646938e-01
2.280456091218244e-01,5.040505045710229e-01
2.300460092018404e-01,5.080788996909171e-01
2.320464092818564e-01,5.121003615133298e-01
2.340468093618724e-01,5.161148898057939e-01
2.360472094418884e-01,5.201224844078746e-01
2.380476095219044e-01,5.241231452508139e-01
2.400480096019204e-01,5.281168723313380e-01
2.420484096819364e-01,5.321036657313010e-01
2.440488097619524e-01,5.360835256045897e-01
2.460492098419684e-01,5.400564521902191e-01
2.480496099219844e-01,5.440224458025108e-01
2.500500100020004e-01,5.479815068310921e-01
2.520504100820164e-01,5.519336357441711e-01
2.540508101620324e-01,5.558788330852615e-01
2.560512102420484e-01,5.598170994862807e-01
2.580516103220644e-01,5.637484356413546e-01
2.600520104020804e-01,5.676728423297385e-01
2.620524104820964e-01,5.715903204092677e-01
2.640528105621124e-01,5.755008708098097e-01
2.660532106421284e-01,5.794044945463606e-01
2.680536107221445e-01,5.833011926993998e-01
2.700540108021605e-01,5.871909664345361e-01
2.720544108821764e-01,5.910738169894096e-01
2.740548109621924e-01,5.949497456835156e-01
2.760552110422084e-01,5.988187539051063e-01
2.780556111222244e-01,6.026808431275634e-01
2.800560112022404e-01,6.065360148897520e-01
2.820564112822564e-01,6.103842708123914e-01
2.840568113622725e-01,6.142256125947818e-01
2.860572114422885e-01,6.180600420082549e-01
2.880576115223045e-01,6.218875608961747e-01
2.900580116023205e-01,6.257081711804853e-01
2.920584116823365e-01,6.295218748617111e-01
2.940588117623525e-01,6.333286740091347e-01
2.960592118423685e-01,6.371285707673445e-01
2.980596119223845e-01,6.409215673595093e-01
3.000600120024005e-01,6.447076660808301e-01
3.020604120824165e-01,6.484868693018138e-01
3.040608121624325e-01,6.522591794617250e-01
3.060612122424485e-01,6.560245990816833e-01
3.080616123224645e-01,6.597831307482914e-01
3.100620124024805e-01,6.635347771267328e-01
3.120624124824965e-01,6.672795409542226e-01
3.140628125625125e-01,6.710174250400081e-01
3.160632126425285e-01,6.747484322653685e-01
3.180636127225445e-01,6.784725655901631e-01
3.200640128025605e-01,6.821898280364613e-01
3.220644128825765e-01,6.859002227016382e-01
3.240648129625925e-01,6.896037527649234e-01
3.260652130426085e-01,6.933004214579334e-01
3.280656131226245e-01,6.969902321039618e-01
3.300660132026405e-01,7.006731880819635e-01
3.320664132826565e-01,7.043492928494736e-01
3.340668133626725e-01,7.080185499327846e-01
3.360672134426885e-01,7.116809629302216e-01
3.380676135227045e-01,7.153365355055932e-01
3.400680136027205e-01,7.189852713980137e-01
3.420684136827365e-01,7.226271744120815e-01
3.440688137627526e-01,7.262622484211526e-01
3.460692138427686e-01,7.298904973738892e-01
3.480696139227846e-01,7.335119252844371e-01
3.500700140028006e-01,7.371265362291516e-01
3.520704140828166e-01,7.407343343629683e-01
3.540708141628326e-01,7.443353238997580e-01
3.560712142428485e-01,7.479295091319720e-01
3.580716143228646e-01,7.515168944077224e-01
3.600720144028806e-01,7.550974841471535e-01
3.620724144828966e-01,7.586712828391675e-01
3.640728145629126e-01,7.622382950381499e-01
3.660732146429286e-01,7.657985253639701e-01
3.680736147229446e-01,7.693519785019809e-01
3.700740148029606e-01,7.728986592062931e-01
3.720744148829766e-01,7.764385722899525e-01
3.740748149629926e-01,7.799717226380373e-01
3.760752150430086e-01,7.834981151945605e-01
3.780756151230246e-01,7.870177549755674e-01
3.800760152030406e-01,7.905306470527641e-01
3.820764152830566e-01,7.940367965666147e-01
3.840768153630726e-01,7.975362087230671e-01
3.860772154430886e-01,8.010288887837297e-01
3.880776155231046e-01,8.045148420822436e-01
3.900780156031206e-01,8.079940740046360e-01
3.920784156831366e-01,8.114665900122410e-01
3.940788157631526e-01,8.149323956122309e-01
3.960792158431686e-01,8.183914963903581e-01
3.980796159231846e-01,8.218438979814884e-01
4.000800160032006e-01,8.252896060826962e-01
4.020804160832167e-01,8.287286264598144e-01
4.040808161632327e-01,8.321609649310623e-01
4.060812162432487e-01,8.355866273735948e-01
4.080816163232647e-01,8.390056197333243e-01
4.100820164032807e-01,8.424179480020022e-01
4.120824164832967e-01,8.458236182466855e-01
4.140828165633126e-01,8.492226365802700e-01
4.160832166433286e-01,8.526150091745869e-01
4.180836167233447e-01,8.560007422669507e-01
4.200840168033607e-01,8.593798421437888e-01
4.220844168833767e-01,8.627523151570123e-01
4.240848169633927e-01,8.661181677076448e-01
4.260852170434087e-01,8.694774062589196e-01
4.280856171234247e-01,8.728300373231824e-01
4.300860172034407e-01,8.761760674782628e-01
4.320864172834567e-01,8.795155033478287e-01
4.340868173634727e-01,8.828483516210318e-01
4.360872174434887e-01,8.861746190263140e-01
4.380876175235047e-01,8.894943123641489e-01
4.400880176035207e-01,8.928074384775747e-01
4.420884176835367e-01,8.961140042620165e-01
4.440888177635527e-01,8.994140166751087e-01
4.460892178435687e-01,9.027074827235982e-01
4.480896179235847e-01,9.059944094567972e-01
4.500900180036007e-01,9.092748039927746e-01
4.520904180836167e-01,9.125486734921642e-01
4.540908181636327e-01,9.158160251614380e-01
4.560912182436487e-01,9.190768662725521e-01
4.580916183236647e-01,9.223312041367525e-01
4.600920184036807e-01,9.255790461176721e-01
4.620924184836968e-01,9.288203996313305e-01
4.640928185637128e-01,9.320552721428602e-01
4.660932186437288e-01,9.352836711632325e-01
4.680936187237448e-01,9.385056042525310e-01
4.700940188037607e-01,9.417210790265007e-01
4.720944188837767e-01,9.449301031369022e-01
4.740948189637927e-01,9.481326842911575e-01
4.760952190438087e-01,9.513288302458013e-01
4.780956191238248e-01,9.545185487933840e-01
4.800960192038408e-01,9.577018477886658e-01
4.820964192838568e-01,9.608787351158743e-01
4.840968193638728e-01,9.640492187148983e-01
4.860972194438888e-01,9.672133065681909e-01
4.880976195239048e-01,9.703710067073179e-01
4.900980196039208e-01,9.735223271998611e-01
4.920984196839368e-01,9.766672761625149e-01
4.940988197639528e-01,9.798058617578126e-01
4.960992198439688e-01,9.829380921843029e-01
4.980996199239848e-01,9.860639756929221e-01
5.001000200040008e-01,9.891835205706220e-01
5.021004200840168e-01,9.922967351469187e-01
5.041008201640328e-01,9.954036277971672e-01
5.061012202440488e-01,9.985042069327382e-01
5.081016203240648e-01,1.001598481010841e+00
5.101020204040808e-01,1.004686458524701e+00
5.121024204840968e-01,1.007768148010108e+00
5.141028205641128e-01,1.010843558045416e+00
5.161032206441288e-01,1.013912697244995e+00
5.181036207241448e-01,1.016975574259230e+00
5.201040208041608e-01,1.020032197787622e+00
5.221044208841769e-01,1.023082576552587e+00
5.241048209641929e-01,1.026126719332204e+00
5.261052210442089e-01,1.029164634924199e+00
5.281056211242249e-01,1.032196332178681e+00
5.301060212042409e-01,1.035221819971956e+00
5.321064212842569e-01,1.038241107219618e+00
5.341068213642729e-01,1.041254202879826e+00
5.361072214442889e-01,1.044261115936932e+00
5.381076215243049e-01,1.047261855414580e+00
5.401080216043209e-01,1.050256430369153e+00
5.421084216843368e-01,1.053244849896326e+00
5.441088217643528e-01,1.056227123117968e+00
5.461092218443688e-01,1.059203259198511e+00
5.481096219243848e-01,1.062173267331854e+00
5.501100220044008e-01,1.065137156741365e+00
5.521104220844169e-01,1.068094936683154e+00
5.541108221644329e-01,1.071046616455895e+00
5.561112222444489e-01,1.073992205374633e+00
5.581116223244649e-01,1.076931712796976e+00
5.601120224044809e-01,1.079865148106727e+00
5.621124224844969e-01,1.082792520717156e+00
5.641128225645129e-01,1.085713840077550e+00
5.661132226445289e-01,1.088629115663388e+00
5.681136227245449e-01,1.091538356976342e+00
5.701140228045609e-01,1.094441573554103e+00
5.721144228845769e-01,1.097338774954004e+00
5.741148229645929e-01,1.100229970769395e+00
5.761152230446089e-01,1.103115170623095e+00
5.781156231246249e-01,1.105994384154291e+00
5.801160232046410e-01,1.108867621044736e+00
5.821164232846570e-01,1.111734890989281e+00
5.841168233646730e-01,1.114596203715517e+00
5.861172234446890e-01,1.117451568973955e+00
5.881176235247050e-01,1.120300996551122e+00
5.901180236047210e-01,1.123144496243366e+00
5.921184236847370e-01,1.125982077886327e+00
5.941188237647530e-01,1.128813751325469e+00
5.961192238447690e-01,1.131639526445541e+00
5.981196239247849e-01,1.134459413147669e+00
6.001200240048009e-01,1.137273421352619e+00
6.021204240848169e-01,1.140081561013902e+00
6.041208241648329e-01,1.142883842098125e+00
6.061212242448489e-01,1.145680274604637e+00
6.081216243248649e-01,1.148470868542607e+00
6.101220244048809e-01,1.151255633953950e+00
6.121224244848970e-01,1.154034580896949e+00
6.141228245649130e-01,1.156807719452807e+00
6.161232246449290e-01,1.159575059719099e+00
6.181236247249450e-01,1.162336611819591e+00
6.201240248049610e-01,1.165092385891147e+00
6.221244248849770e-01,1.167842392096826e+00
6.241248249649930e-01,1.170586640619330e+00
6.261252250450090e-01,1.173325141651184e+00
6.281256251250250e-01,1.176057905414381e+00
6.301260252050410e-01,1.178784942140736e+00
6.321264252850570e-01,1.181506262084985e+00
6.341268253650730e-01,1.184221875521506e+00
6.361272254450890e-01,1.186931792731228e+00
6.381276255251050e-01,1.189636024027822e+00
6.401280256051211e-01,1.192334579724956e+00
6.421284256851371e-01,1.195027470162494e+00
6.441288257651531e-01,1.197714705696670e+00
6.461292258451691e-01,1.200396296693542e+00
6.481296259251851e-01,1.203072253538811e+00
6.501300260052011e-01,1.205742586634550e+00
6.521304260852171e-01,1.208407306386106e+00
6.541308261652331e-01,1.211066423228293e+00
6.561312262452490e-01,1.213719947602475e+00
6.581316263252650e-01,1.216367889959837e+00
6.601320264052810e-01,1.219010260774484e+00
6.621324264852970e-01,1.221647070520520e+00
6.641328265653130e-01,1.224278329701518e+00
6.661332266453290e-01,1.226904048814503e+00
6.681336267253450e-01,1.229524238382691e+00
6.701340268053610e-01,1.232138908935848e+00
6.721344268853771e-01,1.234748071013563e+00
6.741348269653931e-01,1.237351735171795e+00
6.761352270454091e-01,1.239949911966504e+00
6.781356271254251e-01,1.242542611979842e+00
6.801360272054411e-01,1.245129845787413e+00
6.821364272854571e-01,1.247711623987742e+00
6.841368273654731e-01,1.250287957182626e+00
6.861372274454891e-01,1.252858855983685e+00
6.881376275255051e-01,1.255424331012363e+00
6.901380276055211e-01,1.257984392896650e+00
6.921384276855371e-01,1.260539052274361e+00
6.941388277655531e-01,1.263088319793131e+00
6.961392278455691e-01,1.265632206107147e+00
6.981396279255851e-01,1.268170721873865e+00
7.001400280056012e-01,1.270703877763843e+00
7.021404280856172e-01,1.273231684454184e+00
7.041408281656332e-01,1.275754152621993e+00
7.061412282456492e-01,1.278271292954195e+00
7.081416283256652e-01,1.280783116150814e+00
7.101420284056812e-01,1.283289632908599e+00
7.121424284856971e-01,1.285790853927573e+00
7.141428285657131e-01,1.288286789924131e+00
7.161432286457291e-01,1.290777451611392e+00
7.181436287257451e-01,1.293262849709025e+00
7.201440288057611e-01,1.295742994939973e+00
7.221444288857771e-01,1.298217898033726e+00
7.241448289657931e-01,1.300687569719774e+00
7.261452290458091e-01,1.303152020734159e+00
7.281456291258251e-01,1.305611261819466e+00
7.301460292058412e-01,1.308065303711736e+00
7.321464292858572e-01,1.310514157156830e+00
7.341468293658732e-01,1.312957832900610e+00
7.361472294458892e-01,1.315396341695485e+00
7.381476295259052e-01,1.317829694290593e+00
7.401480296059212e-01,1.320257901438343e+00
7.421484296859372e-01,1.322680973894420e+00
7.441488297659532e-01,1.325098922411233e+00
7.461492298459692e-01,1.327511757747742e+00
7.481496299259852e-01,1.329919490659630e+00
7.501500300060012e-01,1.332322131905856e+00
7.521504300860172e-01,1.334719692242105e+00
7.541508301660332e-01,1.337112182424061e+00
7.561512302460492e-01,1.339499613217230e+00
7.581516303260653e-01,1.341881995370749e+00
7.601520304060813e-01,1.344259339643576e+00
7.621524304860973e-01,1.346631656791395e+00
7.641528305661133e-01,1.348998957566617e+00
7.661532306461293e-01,1.351361252724926e+00
7.681536307261452e-01,1.353718553015459e+00
7.701540308061612e-01,1.356070869187350e+00
7.721544308861772e-01,1.358418211986462e+00
7.741548309661932e-01,1.360760592158657e+00
7.761552310462092e-01,1.363098020446522e+00
7.781556311262252e-01,1.365430507589370e+00
7.801560312062412e-01,1.367758064319967e+00
7.821564312862572e-01,1.370080701377627e+00
7.841568313662732e-01,1.372398429485291e+00
7.861572314462892e-01,1.374711259372451e+00
7.881576315263052e-01,1.377019201762049e+00
7.901580316063213e-01,1.379322267373753e+00
7.921584316863373e-01,1.381620466914135e+00
7.941588317663533e-01,1.383913811099590e+00
7.961592318463693e-01,1.386202310630141e+00
7.981596319263853e-01,1.388485976209084e+00
8.001600320064013e-01,1.390764818529895e+00
8.021604320864173e-01,1.393038848282775e+00
8.041608321664333e-01,1.395308076148102e+00
8.061612322464493e-01,1.397572512809528e+00
8.081616323264653e-01,1.399832168934334e+00
8.101620324064813e-01,1.402087055189803e+00
8.121624324864973e-01,1.404337182236666e+00
8.141628325665133e-01,1.406582560732384e+00
8.161632326465293e-01,1.408823201318044e+00
8.181636327265454e-01,1.411059114634734e+00
8.201640328065614e-01,1.413290311316994e+00
8.221644328865774e-01,1.415516801992815e+00
8.241648329665934e-01,1.417738597273818e+00
8.261652330466093e-01,1.419955707781445e+00
8.281656331266253e-01,1.422168144107671e+00
8.301660332066413e-01,1.424375916857569e+00
8.321664332866573e-01,1.426579036613292e+00
8.341668333666733e-01,1.428777513953717e+00
8.361672334466893e-01,1.430971359451176e+00
8.381676335267053e-01,1.433160583664902e+00
8.401680336067213e-01,1.435345197154127e+00
8.421684336867373e-01,1.437525210458442e+00
8.441688337667533e-01,1.439700634114159e+00
8.461692338467693e-01,1.441871478644496e+00
8.481696339267853e-01,1.444037754572672e+00
8.501700340068014e-01,1.446199472402257e+00
8.521704340868174e-01,1.448356642630277e+00
8.541708341668334e-01,1.450509275743933e+00
8.561712342468494e-01,1.452657382223877e+00
8.581716343268654e-01,1.454800972534393e+00
8.601720344068814e-01,1.456940057129940e+00
8.621724344868974e-01,1.459074646464977e+00
8.641728345669134e-01,1.461204750967771e+00
8.661732346469294e-01,1.463330381066588e+00
8.681736347269454e-01,1.465451547176597e+00
8.701740348069614e-01,1.467568259699872e+00
8.721744348869774e-01,1.469680529028663e+00
8.741748349669934e-01,1.471788365542123e+00
8.761752350470094e-01,1.473891779612857e+00
8.781756351270255e-01,1.475990781593826e+00
8.801760352070415e-01,1.478085381834715e+00
8.821764352870574e-01,1.480175590665566e+00
8.841768353670734e-01,1.482261418413144e+00
8.861772354470894e-01,1.484342875384571e+00
8.881776355271054e-01,1.486419971877147e+00
8.901780356071214e-01,1.488492718175074e+00
8.921784356871374e-01,1.490561124552731e+00
8.941788357671534e-01,1.492625201268127e+00
8.961792358471694e-01,1.494684958569449e+00
8.981796359271854e-01,1.496740406691786e+00
9.001800360072014e-01,1.498791555853857e+00
9.021804360872174e-01,1.500838416267832e+00
9.041808361672334e-01,1.502880998122963e+00
9.061812362472494e-01,1.504919311605225e+00
9.081816363272655e-01,1.506953366880951e+00
9.101820364072815e-01,1.508983174103376e+00
9.121824364872975e-01,1.511008743415913e+00
9.141828365673135e-01,1.513030084945602e+00
9.161832366473295e-01,1.515047208799841e+00
9.181836367273455e-01,1.517060125082752e+00
9.201840368073615e-01,1.519068843875537e+00
9.221844368873775e-01,1.521073375252852e+00
9.241848369673935e-01,1.523073729269707e+00
9.261852370474095e-01,1.525069915961465e+00
9.281856371274255e-01,1.527061945363492e+00
9.301860372074415e-01,1.529049827484958e+00
9.321864372874575e-01,1.531033572325212e+00
9.341868373674735e-01,1.533013189863958e+00
9.361872374474896e-01,1.534988690071076e+00
9.381876375275056e-01,1.536960082900076e+00
9.401880376075215e-01,1.538927378284823e+00
9.421884376875375e-01,1.540890586152635e+00
9.441888377675535e-01,1.542849716411182e+00
9.461892378475695e-01,1.544804778948490e+00
9.481896379275855e-01,1.546755783642764e+00
9.501900380076015e-01,1.548702740352563e+00
9.521904380876175e-01,1.550645658926622e+00
9.541908381676335e-01,1.552584549194033e+00
9.561912382476495e-01,1.554519420964242e+00
9.581916383276655e-01,1.556450284040146e+00
9.601920384076815e-01,1.558377148198450e+00
9.621924384876975e-01,1.560300023209309e+00
9.641928385677135e-01,1.562218918819961e+00
9.661932386477295e-01,1.564133844764545e+00
9.681936387277456e-01,1.566044810757556e+00
9.701940388077616e-01,1.567951826503666e+00
9.721944388877776e-01,1.569854901684628e+00
9.741948389677936e-01,1.571754045965825e+00
9.761952390478096e-01,1.573649269002816e+00
9.781956391278256e-01,1.575540580428240e+00
9.801960392078416e-01,1.577427989858369e+00
9.821964392878576e-01,1.579311506899647e+00
9.841968393678736e-01,1.581191141129055e+00
9.861972394478896e-01,1.583066902113749e+00
9.881976395279056e-01,1.584938799411064e+00
9.901980396079216e-01,1.586806842548866e+00
9.921984396879376e-01,1.588671041045198e+00
9.941988397679536e-01,1.590531404398460e+00
9.961992398479695e-01,1.592387942087406e+00
9.981996399279855e-01,1.594240663580966e+00
1.000200040008002e+00,1.596089578321879e+00
1.002200440088018e+00,1.597934695743059e+00
1.004200840168034e+00,1.599776025257778e+00
1.006201240248050e+00,1.601613576256385e+00
1.008201640328066e+00,1.603447358122683e+00
1.010202040408082e+00,1.605277380207734e+00
1.012202440488098e+00,1.607103651859323e+00
1.014202840568114e+00,1.608926182399044e+00
1.016203240648130e+00,1.610744981135393e+00
1.018203640728146e+00,1.612560057353947e+00
1.020204040808162e+00,1.614371420327187e+00
1.022204440888178e+00,1.616179079311222e+00
1.024204840968194e+00,1.617983043535967e+00
1.026205241048210e+00,1.619783322221518e+00
1.028205641128226e+00,1.621579924565047e+00
1.030206041208242e+00,1.623372859747358e+00
1.032206441288258e+00,1.625162136929610e+00
1.034206841368274e+00,1.626947765263138e+00
1.036207241448290e+00,1.628729753866536e+00
1.038207641528306e+00,1.630508111851849e+00
1.040208041608322e+00,1.632282848308203e+00
1.042208441688338e+00,1.634053972308355e+00
1.044208841768354e+00,1.635821492905414e+00
1.046209241848370e+00,1.637585419129571e+00
1.048209641928386e+00,1.639345760004470e+00
1.050210042008402e+00,1.641102524524284e+00
1.052210442088418e+00,1.642855721666818e+00
1.054210842168434e+00,1.644605360396780e+00
1.056211242248450e+00,1.646351449652683e+00
1.058211642328466e+00,1.648093998363218e+00
1.060212042408482e+00,1.649833015434159e+00
1.062212442488498e+00,1.651568509745083e+00
1.064212842568514e+00,1.653300490169020e+00
1.066213242648530e+00,1.655028965556083e+00
1.068213642728546e+00,1.656753944736737e+00
1.070214042808562e+00,1.658475436521802e+00
1.072214442888578e+00,1.660193449702454e+00
1.074214842968594e+00,1.661907993056774e+00
1.076215243048610e+00,1.663619075339919e+00
1.078215643128626e+00,1.665326705287405e+00
1.080216043208642e+00,1.667030891618377e+00
1.082216443288658e+00,1.668731643029058e+00
1.084216843368674e+00,1.670428968205850e+00
1.086217243448690e+00,1.672122875802414e+00
1.088217643528706e+00,1.673813374465861e+00
1.090218043608722e+00,1.675500472820384e+00
1.092218443688738e+00,1.677184179470531e+00
1.094218843768754e+00,1.678864502997929e+00
1.096219243848770e+00,1.680541451971111e+00
1.098219643928786e+00,1.682215034942236e+00
1.100220044008802e+00,1.683885260433998e+00
1.102220444088818e+00,1.685552136959266e+00
1.104220844168834e+00,1.687215673007993e+00
1.106221244248850e+00,1.688875877050485e+00
1.108221644328866e+00,1.690532757540676e+00
1.110222044408882e+00,1.692186322909582e+00
1.112222444488898e+00,1.693836581578397e+00
1.114222844568914e+00,1.695483541935572e+00
1.116223244648930e+00,1.697127212359736e+00
1.118223644728946e+00,1.698767601206599e+00
1.120224044808962e+00,1.700404716818774e+00
1.122224444888978e+00,1.702038567509406e+00
1.124224844968994e+00,1.703669161581818e+00
1.126225245049010e+00,1.705296507316414e+00
1.128225645129026e+00,1.706920612973952e+00
1.130226045209042e+00,1.708541486795546e+00
1.132226445289058e+00,1.710159137009212e+00
1.134226845369074e+00,1.711773571813499e+00
1.136227245449090e+00,1.713384799397134e+00
1.138227645529106e+00,1.714992827925924e+00
1.140228045609122e+00,1.716597665546031e+00
1.142228445689138e+00,1.718199320383972e+00
1.144228845769154e+00,1.719797800549894e+00
1.146229245849170e+00,1.721393114131023e+00
1.148229645929186e+00,1.722985269201489e+00
1.150230046009202e+00,1.724574273809229e+00
1.152230446089218e+00,1.726160135989083e+00
1.154230846169234e+00,1.727742863749698e+00
1.156231246249250e+00,1.729322465086623e+00
1.158231646329266e+00,1.730898947975764e+00
1.160232046409282e+00,1.732472320373380e+00
1.162232446489298e+00,1.734042590212810e+00
1.164232846569314e+00,1.735609765414300e+00
1.166233246649330e+00,1.737173853875173e+00
1.168233646729346e+00,1.738734863473108e+00
1.170234046809362e+00,1.740292802069415e+00
1.172234446889378e+00,1.741847677505755e+00
1.174234846969394e+00,1.743399497604149e+00
1.176235247049410e+00,1.744948270163694e+00
1.178235647129426e+00,1.746494002973667e+00
1.180236047209442e+00,1.748036703793876e+00
1.182236447289458e+00,1.749576380374309e+00
1.184236847369474e+00,1.751113040442031e+00
1.186237247449490e+00,1.752646691697917e+00
1.188237647529506e+00,1.754177341839566e+00
1.190238047609522e+00,1.755704998528562e+00
1.192238447689538e+00,1.757229669423212e+00
1.194238847769554e+00,1.758751362149086e+00
1.196239247849570e+00,1.760270084321927e+00
1.198239647929586e+00,1.761785843537835e+00
1.200240048009602e+00,1.763298647366717e+00
1.202240448089618e+00,1.764808503368657e+00
1.204240848169634e+00,1.766315419077544e+00
1.206241248249650e+00,1.767819402014173e+00
1.208241648329666e+00,1.769320459679692e+00
1.210242048409682e+00,1.770818599549055e+00
1.212242448489698e+00,1.772313829087396e+00
1.214242848569714e+00,1.773806155740202e+00
1.216243248649730e+00,1.775295586926766e+00
1.218243648729746e+00,1.776782130056561e+00
1.220244048809762e+00,1.778265792512864e+00
1.222244448889778e+00,1.779746581665857e+00
1.224244848969794e+00,1.781224504862801e+00
1.226245249049810e+00,1.782699569434588e+00
1.228245649129826e+00,1.784171782695738e+00
1.230246049209842e+00,1.785641151934577e+00
1.232246449289858e+00,1.787107684429610e+00
1.234246849369874e+00,1.788571387433147e+00
1.236247249449890e+00,1.790032268184403e+00
1.238247649529906e+00,1.791490333902946e+00
1.240248049609922e+00,1.792945591785427e+00
1.242248449689938e+00,1.794398049018672e+00
1.244248849769954e+00,1.795847712760040e+00
1.246249249849970e+00,1.797294590157070e+00
1.248249649929986e+00,1.798738688334377e+00
1.250250050010002e+00,1.800180014400210e+00
1.252250450090018e+00,1.801618575443170e+00
1.254250850170034e+00,1.803054378535487e+00
1.256251250250050e+00,1.804487430726474e+00
1.258251650330066e+00,1.805917739052345e+00
1.260252050410082e+00,1.807345310526396e+00
1.262252450490098e+00,1.808770152148825e+00
1.264252850570114e+00,1.810192270896912e+00
1.266253250650130e+00,1.811611673731566e+00
1.268253650730146e+00,1.813028367594050e+00
1.270254050810162e+00,1.814442359409257e+00
1.272254450890178e+00,1.815853656085708e+00
1.274254850970194e+00,1.817262264505733e+00
1.276255251050210e+00,1.818668191545110e+00
1.278255651130226e+00,1.820071444050152e+00
1.280256051210242e+00,1.821472028857350e+00
1.282256451290258e+00,1.822869952783547e+00
1.284256851370274e+00,1.824265222622669e+00
1.286257251450290e+00,1.825657845155545e+00
1.288257651530306e+00,1.827047827140084e+00
1.290258051610322e+00,1.828435175327648e+00
1.292258451690338e+00,1.829819896436855e+00
1.294258851770354e+00,1.831201997176502e+00
1.296259251850370e+00,1.832581484239015e+00
1.298259651930386e+00,1.833958364293901e+00
1.300260052010402e+00,1.835332643997570e+00
1.302260452090418e+00,1.836704329983511e+00
1.304260852170434e+00,1.838073428872119e+00
1.306261252250450e+00,1.839439947260869e+00
1.308261652330466e+00,1.840803891737412e+00
1.310262052410482e+00,1.842165268866482e+00
1.312262452490498e+00,1.843524085189891e+00
1.314262852570514e+00,1.844880347246179e+00
1.316263252650530e+00,1.846234061544417e+00
1.318263652730546e+00,1.847585234580581e+00
1.320264052810562e+00,1.848933872827727e+00
1.322264452890578e+00,1.850279982752361e+00
1.324264852970594e+00,1.851623570791524e+00
1.326265253050610e+00,1.852964643372432e+00
1.328265653130626e+00,1.854303206905932e+00
1.330266053210642e+00,1.855639267779950e+00
1.332266453290658e+00,1.856972832366044e+00
1.334266853370674e+00,1.858303907022671e+00
1.336267253450690e+00,1.859632498085373e+00
1.338267653530706e+00,1.860958611879867e+00
1.340268053610722e+00,1.862282254705677e+00
1.342268453690738e+00,1.863603432849229e+00
1.344268853770754e+00,1.864922152587131e+00
1.346269253850770e+00,1.866238420163243e+00
1.348269653930786e+00,1.867552241821429e+00
1.350270054010802e+00,1.868863623772811e+00
1.352270454090818e+00,1.870172572225236e+00
1.354270854170834e+00,1.871479093360356e+00
1.356271254250850e+00,1.872783193343455e+00
1.358271654330866e+00,1.874084878329993e+00
1.360272054410882e+00,1.875384154449237e+00
1.362272454490898e+00,1.876681027820630e+00
1.364272854570914e+00,1.877975504547246e+00
1.366273254650930e+00,1.879267590705965e+00
1.368273654730946e+00,1.880557292367119e+00
1.370274054810962e+00,1.881844615581393e+00
1.372274454890978e+00,1.883129566383102e+00
1.374274854970994e+00,1.884412150783644e+00
1.376275255051010e+00,1.885692374787866e+00
1.378275655131026e+00,1.886970244377697e+00
1.380276055211042e+00,1.888245765518693e+00
1.382276455291058e+00,1.889518944163317e+00
1.384276855371074e+00,1.890789786244384e+00
1.386277255451090e+00,1.892058297681613e+00
1.388277655531106e+00,1.893324484371804e+00
1.390278055611122e+00,1.894588352201934e+00
1.392278455691138e+00,1.895849907042610e+00
1.394278855771154e+00,1.897109154744792e+00
1.396279255851170e+00,1.898366101143072e+00
1.398279655931186e+00,1.899620752058943e+00
1.400280056011202e+00,1.900873113294254e+00
1.402280456091218e+00,1.902123190634482e+00
1.404280856171234e+00,1.903370989855282e+00
1.406281256251250e+00,1.904616516712665e+00
1.408281656331266e+00,1.905859776939722e+00
1.410282056411282e+00,1.907100776259720e+00
1.412282456491298e+00,1.908339520386105e+00
1.414282856571314e+00,1.909576015006131e+00
1.416283256651330e+00,1.910810265797225e+00
1.418283656731346e+00,1.912042278413899e+00
1.420284056811362e+00,1.913272058504115e+00
1.422284456891378e+00,1.914499611696190e+00
1.424284856971394e+00,1.915724943598796e+00
1.426285257051410e+00,1.916948059807508e+00
1.428285657131426e+00,1.918168965908078e+00
1.430286057211442e+00,1.919387667463341e+00
1.432286457291458e+00,1.920604170019758e+00
1.434286857371474e+00,1.921818479113970e+00
1.436287257451490e+00,1.923030600262971e+00
1.438287657531506e+00,1.924240538967386e+00
1.440288057611522e+00,1.925448300721289e+00
1.442288457691538e+00,1.926653890989290e+00
1.444288857771554e+00,1.927857315229446e+00
1.446289257851570e+00,1.929058578886723e+00
1.448289657931586e+00,1.930257687383162e+00
1.450290058011602e+00,1.931454646127711e+00
1.452290458091618e+00,1.932649460519495e+00
1.454290858171634e+00,1.933842135937992e+00
1.456291258251650e+00,1.935032677746310e+00
1.458291658331666e+00,1.936221091294463e+00
1.460292058411682e+00,1.937407381916089e+00
1.462292458491698e+00,1.938591554931734e+00
1.464292858571714e+00,1.939773615645570e+00
1.466293258651730e+00,1.940953569348674e+00
1.468293658731746e+00,1.942131421309203e+00
1.470294058811762e+00,1.943307176795313e+00
1.472294458891778e+00,1.944480841048969e+00
1.474294858971794e+00,1.945652419295764e+00
1.476295259051810e+00,1.946821916754741e+00
1.478295659131826e+00,1.947989338625300e+00
1.480296059211842e+00,1.949154690090470e+00
1.482296459291858e+00,1.950317976326731e+00
1.484296859371874e+00,1.951479202484368e+00
1.486297259451890e+00,1.952638373707121e+00
1.488297659531906e+00,1.953795495119082e+00
1.490298059611922e+00,1.954950571837797e+00
1.492298459691938e+00,1.956103608961164e+00
1.494298859771954e+00,1.957254611567439e+00
1.496299259851970e+00,1.958403584725054e+00
1.498299659931986e+00,1.959550533495892e+00
1.500300060012002e+00,1.960695462912370e+00
1.502300460092018e+00,1.961838378003629e+00
1.504300860172034e+00,1.962979283782440e+00
1.506301260252050e+00,1.964118185245205e+00
1.508301660332066e+00,1.965255087371950e+00
1.510302060412082e+00,1.966389995132884e+00
1.512302460492098e+00,1.967522913485116e+00
1.514302860572114e+00,1.968653847366111e+00
1.516303260652131e+00,1.969782801700237e+00
1.518303660732147e+00,1.970909781408589e+00
1.520304060812163e+00,1.972034791379518e+00
1.522304460892179e+00,1.973157836504650e+00
1.524304860972195e+00,1.974278921649418e+00
1.526305261052211e+00,1.975398051675982e+00
1.528305661132227e+00,1.976515231420306e+00
1.530306061212243e+00,1.977630465715081e+00
1.532306461292259e+00,1.978743759376628e+00
1.534306861372275e+00,1.979855117201621e+00
1.536307261452290e+00,1.980964543983462e+00
1.538307661532306e+00,1.982072044492632e+00
1.540308061612322e+00,1.983177623486515e+00
1.542308461692338e+00,1.984281285719224e+00
1.544308861772354e+00,1.985383035918674e+00
1.546309261852370e+00,1.986482878806235e+00
1.548309661932386e+00,1.987580819086905e+00
1.550310062012402e+00,1.988676861452584e+00
1.552310462092418e+00,1.989771010585353e+00
1.554310862172434e+00,1.990863271147644e+00
1.556311262252450e+00,1.991953647795342e+00
1.558311662332466e+00,1.993042145164689e+00
1.560312062412482e+00,1.994128767882101e+00
1.562312462492498e+00,1.995213520564173e+00
1.564312862572514e+00,1.996296407801308e+00
1.566313262652530e+00,1.997377434190455e+00
1.568313662732546e+00,1.998456604295823e+00
1.570314062812562e+00,1.999533922684894e+00
1.572314462892578e+00,2.000609393895682e+00
1.574314862972594e+00,2.001683022472751e+00
1.576315263052610e+00,2.002754812927922e+00
1.578315663132627e+00,2.003824769773017e+00
1.580316063212643e+00,2.004892897503485e+00
1.582316463292659e+00,2.005959200598407e+00
1.584316863372675e+00,2.007023683533587e+00
1.586317263452691e+00,2.008086350755364e+00
1.588317663532707e+00,2.009147206716623e+00
1.590318063612723e+00,2.010206255844057e+00
1.592318463692739e+00,2.011263502557811e+00
1.594318863772755e+00,2.012318951261657e+00
1.596319263852771e+00,2.013372606349547e+00
1.598319663932787e+00,2.014424472199060e+00
1.600320064012803e+00,2.015474553181228e+00
1.602320464092819e+00,2.016522853650711e+00
1.604320864172835e+00,2.017569377949074e+00
1.606321264252851e+00,2.018614130408057e+00
1.608321664332867e+00,2.019657115346306e+00
1.610322064412883e+00,2.020698337062820e+00
1.612322464492899e+00,2.021737799859873e+00
1.614322864572915e+00,2.022775508010271e+00
1.616323264652931e+00,2.023811465786819e+00
1.618323664732947e+00,2.024845677442679e+00
1.620324064812963e+00,2.025878147224464e+00
1.622324464892979e+00,2.026908879365690e+00
1.624324864972995e+00,2.027937878080227e+00
1.626325265053011e+00,2.028965147581946e+00
1.628325665133027e+00,2.029990692061799e+00
1.630326065213043e+00,2.031014515700915e+00
1.632326465293059e+00,2.032036622677149e+00
1.634326865373075e+00,2.033057017148710e+00
1.634826965393079e+00,2.033311848673654e+00
1.634951990398080e+00,2.033375539877850e+00
1.635014502900580e+00,2.033407382980110e+00
1.635045759151831e+00,2.033423303907509e+00
1.635053573214643e+00,2.033427284073875e+00
1.635057480246049e+00,2.033429274147236e+00
1.635059433761753e+00,1.545407004577288e+01
1.635061387277456e+00,1.545407760802676e+01
1.635077015403081e+00,1.545413810556018e+01
1.635327065413083e+00,1.545510595852224e+01
1.636327265453091e+00,1.545897534475653e+01
1.638327665533107e+00,1.546670440710330e+01
1.640328065613123e+00,1.547442054869918e+01
1.642328465693139e+00,1.548212380074843e+01
1.644328865773155e+00,1.548981419448019e+01
1.646329265853171e+00,1.549749176092451e+01
1.648329665933187e+00,1.550515653106171e+01
1.650330066013203e+00,1.551280853579743e+01
1.652330466093219e+00,1.552044780591290e+01
1.654330866173235e+00,1.552807437216446e+01
1.656331266253251e+00,1.553568826513428e+01
1.658331666333267e+00,1.554328951540452e+01
1.660332066413283e+00,1.555087815338315e+01
1.662332466493299e+00,1.555845420945325e+01
1.664332866573315e+00,1.556601771389838e+01
1.666333266653331e+00,1.557356869690257e+01
1.668333666733347e+00,1.558110718857517e+01
1.670334066813363e+00,1.558863321890114e+01
1.672334466893379e+00,1.559614681784054e+01
1.674334866973395e+00,1.560364801525391e+01
1.676335267053411e+00,1.561113684085247e+01
1.678335667133427e+00,1.561861332434744e+01
1.680336067213443e+00,1.562607749530076e+01
1.682336467293459e+00,1.563352938322458e+01
1.684336867373475e+00,1.564096901755640e+01
1.686337267453491e+00,1.564839642758443e+01
1.688337667533507e+00,1.565581164262176e+01
1.690338067613523e+00,1.566321469178239e+01
1.692338467693539e+00,1.567060560418036e+01
1.694338867773555e+00,1.567798440878038e+01
1.696339267853571e+00,1.568535113452226e+01
1.698339667933587e+00,1.569270581024632e+01
1.700340068013603e+00,1.570004846466842e+01
1.702340468093619e+00,1.570737912650444e+01
1.704340868173635e+00,1.571469782429607e+01
1.706341268253651e+00,1.572200458656012e+01
1.708341668333667e+00,1.572929944171386e+01
1.710342068413683e+00,1.573658241812480e+01
1.712342468493699e+00,1.574385354401113e+01
1.714342868573715e+00,1.575111284756616e+01
1.716343268653731e+00,1.575836035688370e+01
1.718343668733747e+00,1.576559610000773e+01
1.720344068813763e+00,1.577282010483299e+01
1.722344468893779e+00,1.578003239925418e+01
1.724344868973795e+00,1.578723301101671e+01
1.726345269053811e+00,1.579442196781621e+01
1.728345669133827e+00,1.580159929729858e+01
1.730346069213843e+00,1.580876502696037e+01
1.732346469293859e+00,1.581591918429816e+01
1.734346869373875e+00,1.582306179668410e+01
1.736347269453891e+00,1.583019289141570e+01
1.738347669533907e+00,1.583731249569091e+01
1.740348069613923e+00,1.584442063670771e+01
1.742348469693939e+00,1.585151734148987e+01
1.744348869773955e+00,1.585860263706118e+01
1.746349269853971e+00,1.586567655032099e+01
1.748349669933987e+00,1.587273910806913e+01
1.750350070014003e+00,1.587979033713031e+01
1.752350470094019e+00,1.588683026415505e+01
1.754350870174035e+00,1.589385891574411e+01
1.756351270254051e+00,1.590087631844848e+01
1.758351670334067e+00,1.590788249869473e+01
1.760352070414083e+00,1.591487748288453e+01
1.762352470494099e+00,1.592186129732005e+01
1.764352870574115e+00,1.592883396822877e+01
1.766353270654131e+00,1.593579552176356e+01
1.768353670734147e+00,1.594274598400260e+01
1.770354070814163e+00,1.594968538092455e+01
1.772354470894179e+00,1.595661373850808e+01
1.774354870974195e+00,1.596353108258254e+01
1.776355271054211e+00,1.597043743892753e+01
1.778355671134227e+00,1.597733283324798e+01
1.780356071214243e+00,1.598421729119907e+01
1.782356471294259e+00,1.599109083833644e+01
1.784356871374275e+00,1.599795350014107e+01
1.786357271454291e+00,1.600480530204417e+01
1.788357671534307e+00,1.601164626937743e+01
1.790358071614323e+00,1.601847642742277e+01
1.792358471694339e+00,1.602529580136257e+01
1.794358871774355e+00,1.603210441632944e+01
1.796359271854371e+00,1.603890229738134e+01
1.798359671934387e+00,1.604568946952646e+01
1.800360072014403e+00,1.605246595764858e+01
1.802360472094419e+00,1.605923178660660e+01
1.804360872174435e+00,1.606598698115986e+01
1.806361272254451e+00,1.607273156601795e+01
1.808361672334467e+00,1.607946556581583e+01
1.810362072414483e+00,1.608618900511376e+01
1.812362472494499e+00,1.609290190839738e+01
1.814362872574515e+00,1.609960430007768e+01
1.816363272654531e+00,1.610629620454076e+01
1.818363672734547e+00,1.611297764602341e+01
1.820364072814563e+00,1.611964864878732e+01
1.822364472894579e+00,1.612630923694485e+01
1.824364872974595e+00,1.613295943458352e+01
1.826365273054611e+00,1.613959926571615e+01
1.828365673134627e+00,1.614622875428094e+01
1.830366073214643e+00,1.615284792414144e+01
1.832366473294659e+00,1.615945679908653e+01
1.834366873374675e+00,1.616605540290509e+01
1.836367273454691e+00,1.617264375921184e+01
1.838367673534707e+00,1.617922189162147e+01
1.840368073614723e+00,1.618578982369892e+01
1.842368473694739e+00,1.619234757888471e+01
1.844368873774755e+00,1.619889518059446e+01
1.846369273854771e+00,1.620543265214428e+01
1.848369673934787e+00,1.621196001680049e+01
1.850370074014803e+00,1.621847729780455e+01
1.852370474094819e+00,1.622498451827347e+01
1.854370874174835e+00,1.623148170127451e+01
1.856371274254851e+00,1.623796886980030e+01
1.858371674334867e+00,1.624444604681854e+01
1.860372074414883e+00,1.625091325519743e+01
1.862372474494899e+00,1.625737051775539e+01
1.864372874574915e+00,1.626381785723619e+01
1.866373274654931e+00,1.627025529630895e+01
1.868373674734947e+00,1.627668285759302e+01
1.870374074814963e+00,1.628310056368287e+01
1.872374474894979e+00,1.628950843702367e+01
1.874374874974995e+00,1.629590650003569e+01
1.876375275055011e+00,1.630229477513922e+01
1.878375675135027e+00,1.630867328460523e+01
1.880376075215043e+00,1.631504205065494e+01
1.882376475295059e+00,1.632140109548467e+01
1.884376875375075e+00,1.632775044121610e+01
1.886377275455091e+00,1.633409010989626e+01
1.888377675535107e+00,1.634042012347263e+01
1.890378075615123e+00,1.634674050391759e+01
1.892378475695139e+00,1.635305127310398e+01
1.894378875775155e+00,1.635935245278020e+01
1.896379275855171e+00,1.636564406474447e+01
1.898379675935187e+00,1.637192613064564e+01
1.900380076015203e+00,1.637819867210774e+01
1.902380476095219e+00,1.638446171070498e+01
1.904380876175235e+00,1.639071526791207e+01
1.906381276255251e+00,1.639695936520371e+01
1.908381676335267e+00,1.640319402390529e+01
1.910382076415283e+00,1.640941926536709e+01
1.912382476495299e+00,1.641563511083985e+01
1.914382876575315e+00,1.642184158152455e+01
1.916383276655331e+00,1.642803869857240e+01
1.918383676735347e+00,1.643422648303507e+01
1.920384076815363e+00,1.644040495593936e+01
1.922384476895379e+00,1.644657413826227e+01
1.924384876975395e+00,1.645273405088132e+01
1.926385277055411e+00,1.645888471464908e+01
1.928385677135427e+00,1.646502615036841e+01
1.930386077215443e+00,1.647115837874260e+01
1.932386477295459e+00,1.647728142045007e+01
1.934386877375475e+00,1.648339529609459e+01
1.936387277455491e+00,1.648950002625503e+01
1.938387677535507e+00,1.649559563138586e+01
1.940388077615523e+00,1.650168213194154e+01
1.942388477695539e+00,1.650775954832677e+01
1.944388877775555e+00,1.651382790084672e+01
1.946389277855571e+00,1.651988720975676e+01
1.948389677935587e+00,1.652593749526253e+01
1.950390078015603e+00,1.653197877754477e+01
1.952390478095619e+00,1.653801107670957e+01
1.954390878175635e+00,1.654403441273860e+01
1.956391278255651e+00,1.655004880568818e+01
1.958391678335667e+00,1.655605427544046e+01
1.960392078415683e+00,1.656205084190244e+01
1.962392478495699e+00,1.656803852485673e+01
1.964392878575715e+00,1.657401734411082e+01
1.966393278655731e+00,1.657998731932288e+01
1.968393678735747e+00,1.658594847020087e+01
1.970394078815763e+00,1.659190081630344e+01
1.972394478895779e+00,1.659784437718923e+01
1.974394878975795e+00,1.660377917231735e+01
1.976395279055811e+00,1.660970522119669e+01
1.978395679135827e+00,1.661562254313705e+01
1.980396079215843e+00,1.662153115749801e+01
1.982396479295859e+00,1.662743108353961e+01
1.984396879375875e+00,1.663332234049702e+01
1.986397279455891e+00,1.663920494755561e+01
1.988397679535907e+00,1.664507892377636e+01
1.990398079615923e+00,1.665094428824514e+01
1.992398479695939e+00,1.665680105999801e+01
1.994398879775955e+00,1.666264925794667e+01
1.996399279855971e+00,1.666848890102765e+01
1.998399679935987e+00,1.667432000805309e+01
2.000400080016003e+00,1.668014259786001e+01
2.002400480096019e+00,1.668595668918590e+01
2.004400880176035e+00,1.669176230071846e+01
2.006401280256051e+00,1.669755945107076e+01
2.008401680336067e+00,1.670334815888074e+01
2.010402080416083e+00,1.670912844266195e+01
2.012402480496099e+00,1.671490032092790e+01
2.014402880576115e+00,1.672066381206771e+01
2.016403280656131e+00,1.672641893452024e+01
2.018403680736147e+00,1.673216570657509e+01
2.020404080816163e+00,1.673790414654670e+01
2.022404480896179e+00,1.674363427265000e+01
2.024404880976195e+00,1.674935610309991e+01
2.026405281056211e+00,1.675506965598694e+01
2.028405681136227e+00,1.676077494942647e+01
2.030406081216243e+00,1.676647200145924e+01
2.032406481296259e+00,1.677216083002646e+01
2.034406881376275e+00,1.677784145309420e+01
2.036407281456291e+00,1.678351388855392e+01
2.038407681536307e+00,1.678917815419749e+01
2.040408081616323e+00,1.679483426786659e+01
2.042408481696339e+00,1.680048224727847e+01
2.044408881776355e+00,1.680612211012549e+01
2.046409281856371e+00,1.681175387402536e+01
2.048409681936387e+00,1.681737755659580e+01
2.050410082016403e+00,1.682299317535498e+01
2.052410482096419e+00,1.682860074784598e+01
2.054410882176435e+00,1.683420029146253e+01
2.056411282256451e+00,1.683979182362329e+01
2.058411682336467e+00,1.684537536169713e+01
2.060412082416483e+00,1.685095092297828e+01
2.062412482496499e+00,1.685651852471119e+01
2.064412882576515e+00,1.686207818411544e+01
2.066413282656531e+00,1.686762991833593e+01
2.068413682736547e+00,1.687317374454249e+01
2.070414082816563e+00,1.687870967973073e+01
2.072414482896579e+00,1.688423774097091e+01
2.074414882976595e+00,1.688975794523378e+01
2.076415283056611e+00,1.689527030944029e+01
2.078415683136627e+00,1.690077485048654e+01
2.080416083216643e+00,1.690627158516907e+01
2.082416483296659e+00,1.691176053030931e+01
2.084416883376675e+00,1.691724170267893e+01
2.086417283456691e+00,1.692271511892517e+01
2.088417683536707e+00,1.692818079572016e+01
2.090418083616723e+00,1.693363874968627e+01
2.092418483696739e+00,1.693908899737120e+01
2.094418883776755e+00,1.694453155529778e+01
2.096419283856771e+00,1.694996643993907e+01
2.098419683936787e+00,1.695539366771836e+01
2.100420084016803e+00,1.696081325503406e+01
2.102420484096819e+00,1.696622521820993e+01
2.104420884176835e+00,1.697162957356972e+01
2.106421284256851e+00,1.697702633731276e+01
2.108421684336867e+00,1.698241552568818e+01
2.110422084416884e+00,1.698779715482064e+01
2.112422484496900e+00,1.699317124085972e+01
2.114422884576916e+00,1.699853779988034e+01
2.116423284656932e+00,1.700389684790765e+01
2.118423684736948e+00,1.700924840091704e+01
2.120424084816964e+00,1.701459247485900e+01
2.122424484896980e+00,1.701992908563427e+01
2.124424884976996e+00,1.702525824909380e+01
2.126425285057012e+00,1.703057998108858e+01
2.128425685137028e+00,1.703589429734513e+01
2.130426085217044e+00,1.704120121361489e+01
2.132426485297060e+00,1.704650074557465e+01
2.134426885377076e+00,1.705179290887629e+01
2.136427285457092e+00,1.705707771912193e+01
2.138427685537108e+00,1.706235519188884e+01
2.140428085617124e+00,1.706762534265470e+01
2.142428485697140e+00,1.707288818694700e+01
2.144428885777156e+00,1.707814374014391e+01
2.146429285857172e+00,1.708339201769826e+01
2.148429685937188e+00,1.708863303491356e+01
2.150430086017204e+00,1.709386680711823e+01
2.152430486097220e+00,1.709909334956601e+01
2.154430886177236e+00,1.710431267751066e+01
2.156431286257252e+00,1.710952480613128e+01
2.158431686337268e+00,1.711472975055722e+01
2.160432086417284e+00,1.711992752591779e+01
2.162432486497299e+00,1.712511814726770e+01
2.164432886577315e+00,1.713030162963672e+01
2.166433286657331e+00,1.713547798800491e+01
2.168433686737347e+00,1.714064723730253e+01
2.170434086817363e+00,1.714580939243495e+01
2.172434486897379e+00,1.715096446830756e+01
2.174434886977395e+00,1.715611247967643e+01
2.176435287057411e+00,1.716125344137230e+01
2.178435687137427e+00,1.716638736815124e+01
2.180436087217443e+00,1.717151427466981e+01
2.182436487297459e+00,1.717663417563430e+01
2.184436887377475e+00,1.718174708565149e+01
2.186437287457491e+00,1.718685301932817e+01
2.188437687537507e+00,1.719195199117157e+01
2.190438087617523e+00,1.719704401573870e+01
2.192438487697539e+00,1.720212910748704e+01
2.194438887777555e+00,1.720720728082428e+01
2.196439287857571e+00,1.721227855018302e+01
2.198439687937587e+00,1.721734292989631e+01
2.200440088017603e+00,1.722240043427233e+01
2.202440488097619e+00,1.722745107761924e+01
2.204440888177635e+00,1.723249487414569e+01
2.206441288257651e+00,1.723753183806030e+01
2.208441688337667e+00,1.724256198354682e+01
2.210442088417683e+00,1.724758532471436e+01
2.212442488497699e+00,1.725260187567202e+01
2.214442888577715e+00,1.725761165047914e+01
2.216443288657731e+00,1.726261466312038e+01
2.218443688737747e+00,1.726761092758045e+01
2.220444088817763e+00,1.727260045779423e+01
2.222444488897779e+00,1.727758326769666e+01
2.224444888977795e+00,1.728255937114800e+01
2.226445289057811e+00,1.728752878195873e+01
2.228445689137827e+00,1.729249151391448e+01
2.230446089217843e+00,1.729744758080085e+01
2.232446489297859e+00,1.730239699632881e+01
2.234446889377876e+00,1.730733977418442e+01
2.236447289457892e+00,1.731227592802889e+01
2.238447689537908e+00,1.731720547142386e+01
2.240448089617924e+00,1.732212841800565e+01
2.242448489697940e+00,1.732704478126126e+01
2.244448889777956e+00,1.733195457475236e+01
2.246449289857972e+00,1.733685781189130e+01
2.248449689937988e+00,1.734175450616507e+01
2.250450090018004e+00,1.734664467093627e+01
2.252450490098020e+00,1.735152831956750e+01
2.254450890178036e+00,1.735640546539644e+01
2.256451290258052e+00,1.736127612171103e+01
2.258451690338068e+00,1.736614030177434e+01
2.260452090418084e+00,1.737099801882452e+01
2.262452490498100e+00,1.737584928602509e+01
2.264452890578116e+00,1.738069411651470e+01
2.266453290658132e+00,1.738553252345684e+01
2.268453690738148e+00,1.739036451989063e+01
2.270454090818164e+00,1.739519011888004e+01
2.272454490898180e+00,1.740000933346417e+01
2.274454890978196e+00,1.740482217660747e+01
2.276455291058212e+00,1.740962866124950e+01
2.278455691138228e+00,1.741442880030494e+01
2.280456091218244e+00,1.741922260666359e+01
2.282456491298260e+00,1.742401009319035e+01
2.284456891378276e+00,1.742879127265061e+01
2.286457291458292e+00,1.743356615783463e+01
2.288457691538308e+00,1.743833476150778e+01
2.290458091618324e+00,1.744309709638566e+01
2.292458491698340e+00,1.744785317513413e+01
2.294458891778356e+00,1.745260301039414e+01
2.296459291858372e+00,1.745734661478176e+01
2.298459691938388e+00,1.746208400086331e+01
2.300460092018404e+00,1.746681518122996e+01
2.302460492098420e+00,1.747154016834849e+01
2.304460892178436e+00,1.747625897473545e+01
2.306461292258452e+00,1.748097161280782e+01
2.308461692338468e+00,1.748567809500751e+01
2.310462092418484e+00,1.749037843370175e+01
2.312462492498500e+00,1.749507264125777e+01
2.314462892578516e+00,1.749976072996817e+01
2.316463292658532e+00,1.750444271215039e+01
2.318463692738548e+00,1.750911860007216e+01
2.320464092818564e+00,1.751378840590163e+01
2.322464492898580e+00,1.751845214190651e+01
2.324464892978596e+00,1.752310982018031e+01
2.326465293058612e+00,1.752776145289119e+01
2.328465693138628e+00,1.753240705210779e+01
2.330466093218644e+00,1.753704662994851e+01
2.332466493298660e+00,1.754168019838244e+01
2.334466893378676e+00,1.754630776945332e+01
2.336467293458692e+00,1.755092935515515e+01
2.338467693538708e+00,1.755554496738236e+01
2.340468093618724e+00,1.756015461805427e+01
2.342468493698740e+00,1.756475831909023e+01
2.344468893778756e+00,1.756935608228514e+01
2.346469293858772e+00,1.757394791950856e+01
2.348469693938788e+00,1.757853384253050e+01
2.350470094018804e+00,1.758311386309613e+01
2.352470494098820e+00,1.758768799295058e+01
2.354470894178836e+00,1.759225624378922e+01
2.356471294258852e+00,1.759681862728254e+01
2.358471694338868e+00,1.760137515505127e+01
2.360472094418884e+00,1.760592583871612e+01
2.362472494498900e+00,1.761047068987294e+01
2.364472894578916e+00,1.761500972001804e+01
2.366473294658932e+00,1.761954294072237e+01
2.368473694738948e+00,1.762407036345734e+01
2.370474094818964e+00,1.762859199969438e+01
2.372474494898980e+00,1.763310786083026e+01
2.374474894978996e+00,1.763761795828663e+01
2.376475295059012e+00,1.764212230343537e+01
2.378475695139028e+00,1.764662090762349e+01
2.380476095219044e+00,1.765111378217311e+01
2.382476495299060e+00,1.765560093833168e+01
2.384476895379076e+00,1.766008238739645e+01
2.386477295459092e+00,1.766455814056511e+01
2.388477695539108e+00,1.766902820906025e+01
2.390478095619124e+00,1.767349260402980e+01
2.392478495699140e+00,1.767795133662168e+01
2.394478895779156e+00,1.768240441795895e+01
2.396479295859172e+00,1.768685185909000e+01
2.398479695939188e+00,1.769129367113788e+01
2.400480096019204e+00,1.769572986505145e+01
2.402480496099220e+00,1.770016045190399e+01
2.404480896179236e+00,1.770458544261948e+01
2.406481296259252e+00,1.770900484814678e+01
2.408481696339268e+00,1.771341867943474e+01
2.410482096419284e+00,1.771782694733270e+01
2.412482496499300e+00,1.772222966271487e+01
2.414482896579316e+00,1.772662683643057e+01
2.416483296659332e+00,1.773101847925447e+01
2.418483696739348e+00,1.773540460198614e+01
2.420484096819364e+00,1.773978521535048e+01
2.422484496899380e+00,1.774416033012216e+01
2.424484896979396e+00,1.774852995695144e+01
2.426485297059412e+00,1.775289410653835e+01
2.428485697139428e+00,1.775725278948337e+01
2.430486097219444e+00,1.776160601643676e+01
2.432486497299460e+00,1.776595379799901e+01
2.434486897379476e+00,1.777029614469595e+01
2.436487297459492e+00,1.777463306707830e+01
2.438487697539508e+00,1.777896457564702e+01
2.440488097619524e+00,1.778329068090306e+01
2.442488497699540e+00,1.778761139327273e+01
2.444488897779556e+00,1.779192672320720e+01
2.446489297859572e+00,1.779623668110789e+01
2.448489697939588e+00,1.780054127735135e+01
2.450490098019604e+00,1.780484052228921e+01
2.452490498099620e+00,1.780913442622337e+01
2.454490898179636e+00,1.781342299948059e+01
2.456491298259652e+00,1.781770625231298e+01
2.458491698339668e+00,1.782198419499755e+01
2.460492098419684e+00,1.782625683771175e+01
2.462492498499700e+00,1.783052419068283e+01
2.464492898579716e+00,1.783478626406335e+01
2.466493298659732e+00,1.783904306800590e+01
2.468493698739748e+00,1.784329461263818e+01
2.470494098819764e+00,1.784754090801323e+01
2.472494498899780e+00,1.785178196425875e+01
2.474494898979796e+00,1.785601779137802e+01
2.476495299059812e+00,1.786024839939919e+01
2.478495699139828e+00,1.786447379830066e+01
2.480496099219844e+00,1.786869399808571e+01
2.482496499299860e+00,1.787290900865808e+01
2.484496899379876e+00,1.787711883997128e+01
2.486497299459892e+00,1.788132350187929e+01
2.488497699539908e+00,1.788552300426096e+01
2.490498099619924e+00,1.788971735699515e+01
2.492498499699940e+00,1.789390656986119e+01
2.494498899779956e+00,1.789809065266329e+01
2.496499299859972e+00,1.790226961518076e+01
2.498499699939988e+00,1.790644346716805e+01
2.500500100020004e+00,1.791061221832982e+01
2.502500500100020e+00,1.791477587834588e+01
2.504500900180036e+00,1.791893445694577e+01
2.506501300260052e+00,1.792308796370975e+01
2.508501700340068e+00,1.792723640831760e+01
2.510502100420084e+00,1.793137980034959e+01
2.512502500500100e+00,1.793551814938595e+01
2.514502900580116e+00,1.793965146498207e+01
2.516503300660132e+00,1.794377975666843e+01
2.518503700740148e+00,1.794790303395062e+01
2.520504100820164e+00,1.795202130630938e+01
2.522504500900180e+00,1.795613458320053e+01
2.524504900980196e+00,1.796024287405502e+01
2.526505301060212e+00,1.796434618830381e+01
2.528505701140228e+00,1.796844453532807e+01
2.530506101220244e+00,1.797253792450900e+01
2.532506501300260e+00,1.797662636515312e+01
2.534506901380276e+00,1.798070986661672e+01
2.536507301460292e+00,1.798478843818148e+01
2.538507701540308e+00,1.798886208912901e+01
2.540508101620324e+00,1.799293082869122e+01
2.542508501700340e+00,1.799699466612487e+01
2.544508901780356e+00,1.800105361063694e+01
2.546509301860372e+00,1.800510767135978e+01
2.548509701940388e+00,1.800915685752529e+01
2.550510102020404e+00,1.801320117821602e+01
2.552510502100420e+00,1.801724064256434e+01
2.554510902180436e+00,1.802127525967769e+01
2.556511302260452e+00,1.802530503861379e+01
2.558511702340468e+00,1.802932998843031e+01
2.560512102420484e+00,1.803335011813519e+01
2.562512502500500e+00,1.803736543673634e+01
2.564512902580516e+00,1.804137595324171e+01
2.566513302660532e+00,1.804538167660945e+01
2.568513702740548e+00,1.804938261574794e+01
2.570514102820564e+00,1.805337877956559e+01
2.572514502900580e+00,1.805737017702055e+01
2.574514902980596e+00,1.806135681692167e+01
2.576515303060612e+00,1.806533870815247e+01
2.578515703140628e+00,1.806931585952179e+01
2.580516103220644e+00,1.807328827986339e+01
2.582516503300660e+00,1.807725597796123e+01
2.584516903380676e+00,1.808121896254952e+01
2.586517303460692e+00,1.808517724238735e+01
2.588517703540708e+00,1.808913082623380e+01
2.590518103620724e+00,1.809307972272354e+01
2.592518503700740e+00,1.809702394059079e+01
2.594518903780756e+00,1.810096348847021e+01
2.596519303860772e+00,1.810489837502135e+01
2.598519703940788e+00,1.810882860882912e+01
2.600520104020804e+00,1.811275419850330e+01
2.602520504100820e+00,1.811667515262879e+01
2.604520904180836e+00,1.812059147974074e+01
2.606521304260852e+00,1.812450318839916e+01
2.608521704340868e+00,1.812841028708941e+01
2.610522104420884e+00,1.813231278432175e+01
2.612522504500900e+00,1.813621068855666e+01
2.614522904580916e+00,1.814010400825462e+01
2.616523304660932e+00,1.814399275185124e+01
2.618523704740948e+00,1.814787692773234e+01
2.620524104820964e+00,1.815175654430865e+01
2.622524504900980e+00,1.815563160996598e+01
2.624524904980996e+00,1.815950213301554e+01
2.626525305061012e+00,1.816336812179337e+01
2.628525705141028e+00,1.816722958463555e+01
2.630526105221044e+00,1.817108652980349e+01
2.632526505301060e+00,1.817493896558348e+01
2.634526905381076e+00,1.817878690021205e+01
2.636527305461092e+00,1.818263034192574e+01
2.638527705541108e+00,1.818646929893619e+01
2.640528105621124e+00,1.819030377943016e+01
2.642528505701140e+00,1.819413379156953e+01
2.644528905781156e+00,1.819795934354106e+01
2.646529305861172e+00,1.820178044343198e+01
2.648529705941188e+00,1.820559709937928e+01
2.650530106021204e+00,1.820940931944531e+01
2.652530506101220e+00,1.821321711174218e+01
2.654530906181236e+00,1.821702048430734e+01
2.656531306261252e+00,1.822081944515337e+01
2.658531706341268e+00,1.822461400231774e+01
2.660532106421284e+00,1.822840416381301e+01
2.662532506501300e+00,1.823218993757711e+01
2.664532906581316e+00,1.823597133157286e+01
2.666533306661332e+00,1.823974835376304e+01
2.668533706741348e+00,1.824352101206072e+01
2.670534106821364e+00,1.824728931435404e+01
2.672534506901380e+00,1.825105326853116e+01
2.674534906981396e+00,1.825481288245535e+01
2.676535307061412e+00,1.825856816396501e+01
2.678535707141428e+00,1.826231912087363e+01
2.680536107221444e+00,1.826606576101962e+01
2.682536507301460e+00,1.826980809216669e+01
2.684536907381476e+00,1.827354612210349e+01
2.686537307461492e+00,1.827727985856885e+01
2.688537707541508e+00,1.828100930930164e+01
2.690538107621524e+00,1.828473448199095e+01
2.692538507701540e+00,1.828845538437561e+01
2.694538907781556e+00,1.829217202409496e+01
2.696539307861572e+00,1.829588440883808e+01
2.698539707941588e+00,1.829959254621941e+01
2.700540108021604e+00,1.830329644387826e+01
2.702540508101620e+00,1.830699610940419e+01
2.704540908181636e+00,1.831069155041163e+01
2.706541308261652e+00,1.831438277446525e+01
2.708541708341668e+00,1.831806978907995e+01
2.710542108421684e+00,1.832175260182039e+01
2.712542508501700e+00,1.832543122020148e+01
2.714542908581716e+00,1.832910565173812e+01
2.716543308661732e+00,1.833277590384567e+01
2.718543708741748e+00,1.833644198406391e+01
2.720544108821764e+00,1.834010389978333e+01
2.722544508901780e+00,1.834376165846907e+01
2.724544908981796e+00,1.834741526748670e+01
2.726545309061812e+00,1.835106473427649e+01
2.728545709141828e+00,1.835471006617916e+01
2.730546109221844e+00,1.835835127056029e+01
2.732546509301860e+00,1.836198835478548e+01
2.734546909381876e+00,1.836562132614568e+01
2.736547309461892e+00,1.836925019195673e+01
2.738547709541908e+00,1.837287495950955e+01
2.740548109621924e+00,1.837649563607023e+01
2.742548509701940e+00,1.838011222887993e+01
2.744548909781956e+00,1.838372474522961e+01
2.746549309861972e+00,1.838733319228579e+01
2.748549709941988e+00,1.839093757726476e+01
2.750550110022004e+00,1.839453790735794e+01
2.752550510102020e+00,1.839813418975673e+01
2.754550910182036e+00,1.840172643157790e+01
2.756551310262052e+00,1.840531463996309e+01
2.758551710342068e+00,1.840889882205394e+01
2.760552110422084e+00,1.841247898494234e+01
2.762552510502100e+00,1.841605513572014e+01
2.764552910582116e+00,1.841962728145436e+01
2.766553310662133e+00,1.842319542918709e+01
2.768553710742149e+00,1.842675958596044e+01
2.770554110822165e+00,1.843031975879165e+01
2.772554510902181e+00,1.843387595472281e+01
2.774554910982197e+00,1.843742818067161e+01
2.776555311062213e+00,1.844097644368017e+01
2.778555711142229e+00,1.844452075066618e+01
2.780556111222245e+00,1.844806110857220e+01
2.782556511302261e+00,1.845159752431593e+01
2.784556911382277e+00,1.845513000483994e+01
2.786557311462293e+00,1.845865855698727e+01
2.788557711542309e+00,1.846218318767560e+01
2.790558111622325e+00,1.846570390372310e+01
2.792558511702341e+00,1.846922071199768e+01
2.794558911782357e+00,1.847273361934238e+01
2.796559311862373e+00,1.847624263252559e+01
2.798559711942389e+00,1.847974775839035e+01
2.800560112022405e+00,1.848324900368016e+01
2.802560512102421e+00,1.848674637516340e+01
2.804560912182437e+00,1.849023987960847e+01
2.806561312262453e+00,1.849372952373398e+01
2.808561712342469e+00,1.849721531428344e+01
2.810562112422485e+00,1.850069725792569e+01
2.812562512502501e+00,1.850417536135448e+01
2.814562912582517e+00,1.850764963123865e+01
2.816563312662533e+00,1.851112007427195e+01
2.818563712742549e+00,1.851458669704856e+01
2.820564112822565e+00,1.851804950621246e+01
2.822564512902581e+00,1.852150850838274e+01
2.824564912982597e+00,1.852496371012871e+01
2.826565313062613e+00,1.852841511804456e+01
2.828565713142629e+00,1.853186273869962e+01
2.830566113222645e+00,1.853530657866320e+01
2.832566513302661e+00,1.853874664442997e+01
2.834566913382677e+00,1.854218294251949e+01
2.836567313462693e+00,1.854561547947617e+01
2.838567713542709e+00,1.854904426176979e+01
2.840568113622725e+00,1.855246929587016e+01
2.842568513702741e+00,1.855589058822216e+01
2.844568913782757e+00,1.855930814529556e+01
2.846569313862772e+00,1.856272197353528e+01
2.848569713942788e+00,1.856613207931155e+01
2.850570114022804e+00,1.856953846906928e+01
2.852570514102820e+00,1.857294114917871e+01
2.854570914182836e+00,1.857634012598521e+01
2.856571314262852e+00,1.857973540588389e+01
2.858571714342868e+00,1.858312699522014e+01
2.860572114422884e+00,1.858651490028953e+01
2.862572514502900e+00,1.858989912743744e+01
2.864572914582916e+00,1.859327968293457e+01
2.866573314662932e+00,1.859665657310141e+01
2.868573714742948e+00,1.860002980415889e+01
2.870574114822964e+00,1.860339938242750e+01
2.872574514902980e+00,1.860676531410330e+01
2.874574914982996e+00,1.861012760543212e+01
2.876575315063012e+00,1.861348626261000e+01
2.878575715143028e+00,1.861684129185791e+01
2.880576115223044e+00,1.862019269937189e+01
2.882576515303060e+00,1.862354049129824e+01
2.884576915383076e+00,1.862688467380815e+01
2.886577315463092e+00,1.863022525304788e+01
2.888577715543108e+00,1.863356223513887e+01
2.890578115623124e+00,1.863689562620251e+01
2.892578515703141e+00,1.864022543233534e+01
2.894578915783157e+00,1.864355165963387e+01
2.896579315863173e+00,1.864687431416974e+01
2.898579715943189e+00,1.865019340201461e+01
2.900580116023205e+00,1.865350892919034e+01
2.902580516103221e+00,1.865682090176857e+01
2.904580916183237e+00,1.866012932574629e+01
2.906581316263253e+00,1.866343420714538e+01
2.908581716343269e+00,1.866673555191306e+01
2.910582116423285e+00,1.867003336609609e+01
2.912582516503301e+00,1.867332765561680e+01
2.914582916583317e+00,1.867661842644729e+01
2.916583316663333e+00,1.867990568450992e+01
2.918583716743349e+00,1.868318943575190e+01
2.920584116823365e+00,1.868646968607069e+01
2.922584516903381e+00,1.868974644136373e+01
2.924584916983397e+00,1.869301970755338e+01
2.926585317063413e+00,1.869628949046242e+01
2.928585717143429e+00,1.869955579596344e+01
2.930586117223445e+00,1.870281862992901e+01
2.932586517303461e+00,1.870607799818192e+01
2.934586917383477e+00,1.870933390654498e+01
2.936587317463493e+00,1.871258636079123e+01
2.938587717543509e+00,1.871583536676835e+01
2.940588117623525e+00,1.871908093022450e+01
2.942588517703541e+00,1.872232305695759e+01
2.944588917783557e+00,1.872556175269090e+01
2.946589317863573e+00,1.872879702317258e+01
2.948589717943589e+00,1.873202887415076e+01
2.950590118023605e+00,1.873525731134874e+01
2.952590518103621e+00,1.873848234044000e+01
2.954590918183637e+00,1.874170396712294e+01
2.956591318263653e+00,1.874492219712081e+01
2.958591718343669e+00,1.874813703605736e+01
2.960592118423685e+00,1.875134848958120e+01
2.962592518503701e+00,1.875455656336582e+01
2.964592918583717e+00,1.875776126303497e+01
2.966593318663733e+00,1.876096259418749e+01
2.968593718743749e+00,1.876416056244712e+01
2.970594118823765e+00,1.876735517338782e+01
2.972594518903781e+00,1.877054643260844e+01
2.974594918983797e+00,1.877373434563318e+01
2.976595319063813e+00,1.877691891808578e+01
2.978595719143829e+00,1.878010015546553e+01
2.980596119223845e+00,1.878327806329666e+01
2.982596519303861e+00,1.878645264710334e+01
2.984596919383877e+00,1.878962391240979e+01
2.986597319463893e+00,1.879279186469043e+01
2.988597719543909e+00,1.879595650944457e+01
2.990598119623925e+00,1.879911785214665e+01
2.992598519703941e+00,1.880227589822132e+01
2.994598919783957e+00,1.880543065311815e+01
2.996599319863973e+00,1.880858212231155e+01
2.998599719943989e+00,1.881173031117642e+01
3.000600120024005e+00,1.881487522513742e+01
3.002600520104021e+00,1.881801686961922e+01
3.004600920184037e+00,1.882115524997183e+01
3.006601320264053e+00,1.882429037159503e+01
3.008601720344069e+00,1.882742223981395e+01
3.010602120424085e+00,1.883055086002836e+01
3.012602520504101e+00,1.883367623753851e+01
3.014602920584117e+00,1.883679837766953e+01
3.016603320664133e+00,1.883991728577142e+01
3.018603720744149e+00,1.884303296711956e+01
3.020604120824165e+00,1.884614542703907e+01
3.022604520904181e+00,1.884925467075553e+01
3.024604920984197e+00,1.885236070356919e+01
3.026605321064213e+00,1.885546353075542e+01
3.028605721144229e+00,1.885856315751493e+01
3.030606121224245e+00,1.886165958912306e+01
3.032606521304261e+00,1.886475283080543e+01
3.034606921384277e+00,1.886784288773784e+01
3.036607321464293e+00,1.887092976512102e+01
3.038607721544309e+00,1.887401346818055e+01
3.040608121624325e+00,1.887709400206737e+01
3.042608521704341e+00,1.888017137195731e+01
3.044608921784357e+00,1.888324558300132e+01
3.046609321864373e+00,1.888631664035032e+01
3.048609721944389e+00,1.888938454913039e+01
3.050610122024405e+00,1.889244931444269e+01
3.052610522104421e+00,1.889551094143817e+01
3.054610922184437e+00,1.889856943519311e+01
3.056611322264453e+00,1.890162480080869e+01
3.058611722344469e+00,1.890467704333632e+01
3.060612122424485e+00,1.890772616785229e+01
3.062612522504501e+00,1.891077217943288e+01
3.064612922584517e+00,1.891381508310462e+01
3.066613322664533e+00,1.891685488389403e+01
3.068613722744549e+00,1.891989158682764e+01
3.070614122824565e+00,1.892292519693196e+01
3.072614522904581e+00,1.892595571918375e+01
3.074614922984597e+00,1.892898315860953e+01
3.076615323064613e+00,1.893200752013630e+01
3.078615723144629e+00,1.893502880876569e+01
3.080616123224645e+00,1.893804702947445e+01
3.082616523304661e+00,1.894106218716470e+01
3.084616923384677e+00,1.894407428678829e+01
3.086617323464693e+00,1.894708333327222e+01
3.088617723544709e+00,1.895008933154348e+01
3.090618123624725e+00,1.895309228650416e+01
3.092618523704741e+00,1.895609220303149e+01
3.094618923784757e+00,1.895908908602758e+01
3.096619323864773e+00,1.896208294034475e+01
3.098619723944789e+00,1.896507377086024e+01
3.100620124024805e+00,1.896806158240148e+01
3.102620524104821e+00,1.897104637984570e+01
3.104620924184837e+00,1.897402816802036e+01
3.106621324264853e+00,1.897700695172802e+01
3.108621724344869e+00,1.897998273577124e+01
3.110622124424885e+00,1.898295552497749e+01
3.112622524504901e+00,1.898592532412446e+01
3.114622924584917e+00,1.898889213798980e+01
3.116623324664933e+00,1.899185597132635e+01
3.118623724744949e+00,1.899481682893665e+01
3.120624124824965e+00,1.899777471552375e+01
3.122624524904981e+00,1.900072963584045e+01
3.124624924984997e+00,1.900368159463955e+01
3.126625325065013e+00,1.900663059659919e+01
3.128625725145029e+00,1.900957664647218e+01
3.130626125225045e+00,1.901251974891178e+01
3.132626525305061e+00,1.901545990864592e+01
3.134626925385077e+00,1.901839713032785e+01
3.136627325465093e+00,1.902133141863573e+01
3.138627725545109e+00,1.902426277822282e+01
3.140628125625125e+00,1.902719121374239e+01
3.142628525705141e+00,1.903011672982282e+01
3.144628925785157e+00,1.903303933111738e+01
3.146629325865173e+00,1.903595902222956e+01
3.148629725945189e+00,1.903887580776287e+01
3.150630126025205e+00,1.904178969232080e+01
3.152630526105221e+00,1.904470068048196e+01
3.154630926185237e+00,1.904760877687475e+01
3.156631326265253e+00,1.905051398600311e+01
3.158631726345269e+00,1.905341631247056e+01
3.160632126425285e+00,1.905631576080594e+01
3.162632526505301e+00,1.905921233556297e+01
3.164632926585317e+00,1.906210604129539e+01
3.166633326665333e+00,1.906499688248228e+01
3.168633726745349e+00,1.906788486365249e+01
3.170634126825365e+00,1.907076998930997e+01
3.172634526905381e+00,1.907365226395870e+01
3.174634926985397e+00,1.907653169205287e+01
3.176635327065413e+00,1.907940827812132e+01
3.178635727145429e+00,1.908228202656848e+01
3.180636127225445e+00,1.908515294189832e+01
3.182636527305461e+00,1.908802102851527e+01
3.184636927385477e+00,1.909088629089840e+01
3.186637327465493e+00,1.909374873345214e+01
3.188637727545509e+00,1.909660836058092e+01
3.190638127625525e+00,1.909946517671406e+01
3.192638527705541e+00,1.910231918625597e+01
3.194638927785557e+00,1.910517039358621e+01
3.196639327865573e+00,1.910801880308432e+01
3.198639727945589e+00,1.911086441915473e+01
3.200640128025605e+00,1.911370724610233e+01
3.202640528105621e+00,1.911654728830667e+01
3.204640928185637e+00,1.911938455014728e+01
3.206641328265653e+00,1.912221903590418e+01
3.208641728345669e+00,1.912505074995692e+01
3.210642128425685e+00,1.912787969656061e+01
3.212642528505701e+00,1.913070588009481e+01
3.214642928585717e+00,1.913352930478975e+01
3.216643328665733e+00,1.913634997500010e+01
3.218643728745749e+00,1.913916789495610e+01
3.220644128825765e+00,1.914198306896263e+01
3.222644528905781e+00,1.914479550127484e+01
3.224644928985797e+00,1.914760519614783e+01
3.226645329065813e+00,1.915041215781186e+01
3.228645729145829e+00,1.915321639052205e+01
3.230646129225845e+00,1.915601789850863e+01
3.232646529305861e+00,1.915881668597698e+01
3.234646929385877e+00,1.916161275715733e+01
3.236647329465893e+00,1.916440611623015e+01
3.238647729545909e+00,1.916719676740080e+01
3.240648129625925e+00,1.916998471484976e+01
3.242648529705941e+00,1.917276996275750e+01
3.244648929785957e+00,1.917555251530450e+01
3.246649329865973e+00,1.917833237662146e+01
3.248649729945989e+00,1.918110955086397e+01
3.250650130026005e+00,1.918388404218762e+01
3.252650530106021e+00,1.918665585469824e+01
3.254650930186037e+00,1.918942499257630e+01
3.256651330266053e+00,1.919219145987785e+01
3.258651730346069e+00,1.919495526073360e+01
3.260652130426085e+00,1.919771639924938e+01
3.262652530506101e+00,1.920047487950613e+01
3.264652930586117e+00,1.920323070558477e+01
3.266653330666133e+00,1.920598388156626e+01
3.268653730746149e+00,1.920873441150665e+01
3.270654130826165e+00,1.921148229946198e+01
3.272654530906181e+00,1.921422754951321e+01
3.274654930986197e+00,1.921697016564174e+01
3.276655331066213e+00,1.921971015192850e+01
3.278655731146229e+00,1.922244751237978e+01
3.280656131226245e+00,1.922518225100188e+01
3.282656531306261e+00,1.922791437182595e+01
3.284656931386277e+00,1.923064387880853e+01
3.286657331466293e+00,1.923337077598078e+01
3.288657731546309e+00,1.923609506729923e+01
3.290658131626325e+00,1.923881675677016e+01
3.292658531706341e+00,1.924153584832520e+01
3.294658931786357e+00,1.924425234594577e+01
3.296659331866373e+00,1.924696625356350e+01
3.298659731946390e+00,1.924967757511002e+01
3.300660132026405e+00,1.925238631456674e+01
3.302660532106421e+00,1.925509247581553e+01
3.304660932186437e+00,1.925779606278802e+01
3.306661332266453e+00,1.926049707939097e+01
3.308661732346469e+00,1.926319552950625e+01
3.310662132426485e+00,1.926589141709037e+01
3.312662532506501e+00,1.926858474595056e+01
3.314662932586517e+00,1.927127552001844e+01
3.316663332666533e+00,1.927396374315101e+01
3.318663732746549e+00,1.927664941920526e+01
3.320664132826565e+00,1.927933255203816e+01
3.322664532906581e+00,1.928201314548182e+01
3.324664932986597e+00,1.928469120339321e+01
3.326665333066613e+00,1.928736672960445e+01
3.328665733146629e+00,1.929003972789787e+01
3.330666133226645e+00,1.929271020215534e+01
3.332666533306661e+00,1.929537815613430e+01
3.334666933386677e+00,1.929804359364198e+01
3.336667333466693e+00,1.930070651848559e+01
3.338667733546709e+00,1.930336693444746e+01
3.340668133626725e+00,1.930602484528504e+01
3.342668533706741e+00,1.930868025480557e+01
3.344668933786757e+00,1.931133316671670e+01
3.346669333866773e+00,1.931398358480079e+01
3.348669733946789e+00,1.931663151281527e+01
3.350670134026805e+00,1.931927695446784e+01
3.352670534106821e+00,1.932191991354082e+01
3.354670934186837e+00,1.932456039369213e+01
3.356671334266853e+00,1.932719839867923e+01
3.358671734346869e+00,1.932983393220978e+01
3.360672134426885e+00,1.933246699796660e+01
3.362672534506901e+00,1.933509759963248e+01
3.364672934586917e+00,1.933772574093999e+01
3.366673334666933e+00,1.934035142552215e+01
3.368673734746949e+00,1.934297465708665e+01
3.370674134826965e+00,1.934559543926652e+01
3.372674534906981e+00,1.934821377574457e+01
3.374674934986997e+00,1.935082967012893e+01
3.376675335067013e+00,1.935344312612730e+01
3.378675735147029e+00,1.935605414729804e+01
3.380676135227045e+00,1.935866273732396e+01
3.382676535307061e+00,1.936126889978832e+01
3.384676935387077e+00,1.936387263832416e+01
3.386677335467093e+00,1.936647395653961e+01
3.388677735547109e+00,1.936907285804284e+01
3.390678135627125e+00,1.937166934639221e+01
3.392678535707141e+00,1.937426342517099e+01
3.394678935787157e+00,1.937685509798733e+01
3.396679335867173e+00,1.937944436839962e+01
3.398679735947189e+00,1.938203123996622e+01
3.400680136027205e+00,1.938461571624552e+01
3.402680536107221e+00,1.938719780077101e+01
3.404680936187237e+00,1.938977749710108e+01
3.406681336267253e+00,1.939235480874433e+01
3.408681736347269e+00,1.939492973925915e+01
3.410682136427285e+00,1.939750229215415e+01
3.412682536507301e+00,1.940007247093794e+01
3.414682936587317e+00,1.940264027911913e+01
3.416683336667333e+00,1.940520572018146e+01
3.418683736747349e+00,1.940776879765841e+01
3.420684136827365e+00,1.941032951498395e+01
3.422684536907382e+00,1.941288787566669e+01
3.424684936987398e+00,1.941544388316548e+01
3.426685337067414e+00,1.941799754096404e+01
3.428685737147430e+00,1.942054885249634e+01
3.430686137227446e+00,1.942309782122122e+01
3.432686537307462e+00,1.942564445057264e+01
3.434686937387478e+00,1.942818874400944e+01
3.436687337467494e+00,1.943073070494071e+01
3.438687737547510e+00,1.943327033680040e+01
3.440688137627526e+00,1.943580764302247e+01
3.442688537707542e+00,1.943834262696624e+01
3.444688937787558e+00,1.944087529206567e+01
3.446689337867574e+00,1.944340564172982e+01
3.448689737947590e+00,1.944593367934291e+01
3.450690138027606e+00,1.944845940826422e+01
3.452690538107622e+00,1.945098283187797e+01
3.454690938187638e+00,1.945350395356834e+01
3.456691338267654e+00,1.945602277669465e+01
3.458691738347670e+00,1.945853930459131e+01
3.460692138427686e+00,1.946105354064251e+01
3.462692538507702e+00,1.946356548818270e+01
3.464692938587718e+00,1.946607515052141e+01
3.466693338667734e+00,1.946858253099306e+01
3.468693738747750e+00,1.947108763295697e+01
3.470694138827766e+00,1.947359045969779e+01
3.472694538907782e+00,1.947609101454995e+01
3.474694938987798e+00,1.947858930077322e+01
3.476695339067814e+00,1.948108532170203e+01
3.478695739147830e+00,1.948357908064592e+01
3.480696139227846e+00,1.948607058083979e+01
3.482696539307862e+00,1.948855982556828e+01
3.484696939387878e+00,1.949104681814095e+01
3.486697339467894e+00,1.949353156179268e+01
3.488697739547910e+00,1.949601405978325e+01
3.490698139627926e+00,1.949849431537243e+01
3.492698539707942e+00,1.950097233181999e+01
3.494698939787958e+00,1.950344811233595e+01
3.496699339867974e+00,1.950592166018008e+01
3.498699739947990e+00,1.950839297853750e+01
3.500700140028006e+00,1.951086207069287e+01
3.502700540108022e+00,1.951332893980643e+01
3.504700940188038e+00,1.951579358911307e+01
3.506701340268054e+00,1.951825602179791e+01
3.508701740348070e+00,1.952071624107097e+01
3.510702140428086e+00,1.952317425014224e+01
3.512702540508102e+00,1.952563005214708e+01
3.514702940588118e+00,1.952808365027062e+01
3.516703340668134e+00,1.953053504772286e+01
3.518703740748150e+00,1.953298424761428e+01
3.520704140828166e+00,1.953543125315488e+01
3.522704540908182e+00,1.953787606748001e+01
3.524704940988198e+00,1.954031869372504e+01
3.526705341068214e+00,1.954275913502532e+01
3.528705741148229e+00,1.954519739454108e+01
3.530706141228245e+00,1.954763347535792e+01
3.532706541308261e+00,1.955006738066097e+01
3.534706941388277e+00,1.955249911348603e+01
3.536707341468293e+00,1.955492867701823e+01
3.538707741548309e+00,1.955735607431829e+01
3.540708141628325e+00,1.955978130849666e+01
3.542708541708341e+00,1.956220438266382e+01
3.544708941788357e+00,1.956462529985560e+01
3.546709341868373e+00,1.956704406320734e+01
3.548709741948390e+00,1.956946067575487e+01
3.550710142028406e+00,1.957187514058378e+01
3.552710542108422e+00,1.957428746072988e+01
3.554710942188438e+00,1.957669763930366e+01
3.556711342268454e+00,1.957910567929115e+01
3.558711742348470e+00,1.958151158380284e+01
3.560712142428486e+00,1.958391535582478e+01
3.562712542508502e+00,1.958631699841766e+01
3.564712942588518e+00,1.958871651459243e+01
3.566713342668534e+00,1.959111390736003e+01
3.568713742748550e+00,1.959350917978116e+01
3.570714142828566e+00,1.959590233481698e+01
3.572714542908582e+00,1.959829337550332e+01
3.574714942988598e+00,1.960068230482624e+01
3.576715343068614e+00,1.960306912577178e+01
3.578715743148630e+00,1.960545384132600e+01
3.580716143228646e+00,1.960783645447495e+01
3.582716543308662e+00,1.961021696820467e+01
3.584716943388678e+00,1.961259538547636e+01
3.586717343468694e+00,1.961497170925117e+01
3.588717743548710e+00,1.961734594249026e+01
3.590718143628726e+00,1.961971808812994e+01
3.592718543708742e+00,1.962208814915624e+01
3.594718943788758e+00,1.962445612845569e+01
3.596719343868774e+00,1.962682202901435e+01
3.598719743948790e+00,1.962918585374360e+01
3.600720144028806e+00,1.963154760555486e+01
3.602720544108822e+00,1.963390728738441e+01
3.604720944188838e+00,1.963626490211876e+01
3.606721344268854e+00,1.963862045271910e+01
3.608721744348870e+00,1.964097394202216e+01
3.610722144428886e+00,1.964332537296423e+01
3.612722544508902e+00,1.964567474845671e+01
3.614722944588918e+00,1.964802207131148e+01
3.616723344668934e+00,1.965036734448969e+01
3.618723744748950e+00,1.965271057082811e+01
3.620724144828966e+00,1.965505175318836e+01
3.622724544908982e+00,1.965739089443208e+01
3.624724944988998e+00,1.965972799744579e+01
3.626725345069014e+00,1.966206306506623e+01
3.628725745149030e+00,1.966439610013016e+01
3.630726145229046e+00,1.966672710549921e+01
3.632726545309062e+00,1.966905608401013e+01
3.634726945389078e+00,1.967138303847480e+01
3.636727345469094e+00,1.967370797172995e+01
3.638727745549110e+00,1.967603088661233e+01
3.640728145629126e+00,1.967835178590894e+01
3.642728545709142e+00,1.968067067245653e+01
3.644728945789158e+00,1.968298754901718e+01
3.646729345869174e+00,1.968530241845254e+01
3.648729745949190e+00,1.968761528349982e+01
3.650730146029206e+00,1.968992614697088e+01
3.652730546109222e+00,1.969223501167760e+01
3.654730946189238e+00,1.969454188035719e+01
3.656731346269254e+00,1.969684675577175e+01
3.658731746349270e+00,1.969914964073314e+01
3.660732146429286e+00,1.970145053800346e+01
3.662732546509302e+00,1.970374945029505e+01
3.664732946589318e+00,1.970604638041977e+01
3.666733346669334e+00,1.970834133106507e+01
3.668733746749350e+00,1.971063430499305e+01
3.670734146829366e+00,1.971292530496581e+01
3.672734546909382e+00,1.971521433369568e+01
3.674734946989398e+00,1.971750139391986e+01
3.676735347069414e+00,1.971978648835071e+01
3.678735747149430e+00,1.972206961967566e+01
3.680736147229446e+00,1.972435079065681e+01
3.682736547309462e+00,1.972663000398161e+01
3.684736947389478e+00,1.972890726236239e+01
3.686737347469494e+00,1.973118256846172e+01
3.688737747549510e+00,1.973345592499192e+01
3.690738147629526e+00,1.973572733464045e+01
3.692738547709542e+00,1.973799680009475e+01
3.694738947789558e+00,1.974026432401739e+01
3.696739347869574e+00,1.974252990909581e+01
3.698739747949590e+00,1.974479355796770e+01
3.700740148029606e+00,1.974705527332049e+01
3.702740548109622e+00,1.974931505781677e+01
3.704740948189638e+00,1.975157291406931e+01
3.706741348269654e+00,1.975382884476558e+01
3.708741748349670e+00,1.975608285251836e+01
3.710742148429686e+00,1.975833493999022e+01
3.712742548509702e+00,1.976058510979395e+01
3.714742948589718e+00,1.976283336454237e+01
3.716743348669734e+00,1.976507970689801e+01
3.718743748749750e+00,1.976732413944881e+01
3.720744148829766e+00,1.976956666480755e+01
3.722744548909782e+00,1.977180728558704e+01
3.724744948989798e+00,1.977404600440006e+01
3.726745349069814e+00,1.977628282383453e+01
3.728745749149830e+00,1.977851774647838e+01
3.730746149229846e+00,1.978075077491949e+01
3.732746549309862e+00,1.978298191174579e+01
3.734746949389878e+00,1.978521115954520e+01
3.736747349469894e+00,1.978743852090562e+01
3.738747749549910e+00,1.978966399834031e+01
3.740748149629926e+00,1.979188759446208e+01
3.742748549709942e+00,1.979410931180906e+01
3.744748949789958e+00,1.979632915294429e+01
3.746749349869974e+00,1.979854712040591e+01
3.748749749949990e+00,1.980076321675695e+01
3.750750150030006e+00,1.980297744453555e+01
3.752750550110022e+00,1.980518980627987e+01
3.754750950190038e+00,1.980740030450315e+01
3.756751350270054e+00,1.980960894174356e+01
3.758751750350070e+00,1.981181572051433e+01
3.760752150430086e+00,1.981402064335363e+01
3.762752550510102e+00,1.981622371274984e+01
3.764752950590118e+00,1.981842493124108e+01
3.766753350670134e+00,1.982062430129086e+01
3.768753750750150e+00,1.982282182543733e+01
3.770754150830166e+00,1.982501750614398e+01
3.772754550910182e+00,1.982721134592406e+01
3.774754950990198e+00,1.982940334724108e+01
3.776755351070214e+00,1.983159351260829e+01
3.778755751150230e+00,1.983378184446430e+01
3.780756151230246e+00,1.983596834532238e+01
3.782756551310262e+00,1.983815301759625e+01
3.784756951390278e+00,1.984033586379917e+01
3.786757351470294e+00,1.984251688636976e+01
3.788757751550310e+00,1.984469608774662e+01
3.790758151630326e+00,1.984687347039324e+01
3.792758551710342e+00,1.984904903674824e+01
3.794758951790358e+00,1.985122278927511e+01
3.796759351870374e+00,1.985339473038757e+01
3.798759751950390e+00,1.985556486249936e+01
3.800760152030406e+00,1.985773318807396e+01
3.802760552110422e+00,1.985989970952511e+01
3.804760952190438e+00,1.986206442926652e+01
3.806761352270454e+00,1.986422734968705e+01
3.808761752350470e+00,1.986638847325017e+01
3.810762152430486e+00,1.986854780229498e+01
3.812762552510502e+00,1.987070533928496e+01
3.814762952590518e+00,1.987286108658407e+01
3.816763352670534e+00,1.987501504658116e+01
3.818763752750550e+00,1.987716722166506e+01
3.820764152830566e+00,1.987931761422462e+01
3.822764552910582e+00,1.988146622664868e+01
3.824764952990598e+00,1.988361306130120e+01
3.826765353070614e+00,1.988575812057103e+01
3.828765753150630e+00,1.988790140677234e+01
3.830766153230646e+00,1.989004292231888e+01
3.832766553310662e+00,1.989218266954971e+01
3.834766953390678e+00,1.989432065082880e+01
3.836767353470694e+00,1.989645686847032e+01
3.838767753550710e+00,1.989859132486314e+01
3.840768153630726e+00,1.990072402232143e+01
3.842768553710742e+00,1.990285496318427e+01
3.844768953790758e+00,1.990498414979074e+01
3.846769353870774e+00,1.990711158447992e+01
3.848769753950790e+00,1.990923726954110e+01
3.850770154030806e+00,1.991136120731337e+01
3.852770554110822e+00,1.991348340011091e+01
3.854770954190838e+00,1.991560385027280e+01
3.856771354270854e+00,1.991772256003858e+01
3.858771754350870e+00,1.991983953177221e+01
3.860772154430886e+00,1.992195476776300e+01
3.862772554510902e+00,1.992406827027537e+01
3.864772954590918e+00,1.992618004164839e+01
3.866773354670934e+00,1.992829008409672e+01
3.868773754750950e+00,1.993039839998432e+01
3.870774154830966e+00,1.993250499152584e+01
3.872774554910982e+00,1.993460986101059e+01
3.874774954990998e+00,1.993671301072789e+01
3.876775355071014e+00,1.993881444294215e+01
3.878775755151030e+00,1.994091415989291e+01
3.880776155231046e+00,1.994301216386948e+01
3.882776555311062e+00,1.994510845708652e+01
3.884776955391078e+00,1.994720304183333e+01
3.886777355471094e+00,1.994929592032457e+01
3.888777755551110e+00,1.995138709479977e+01
3.890778155631126e+00,1.995347656752337e+01
3.892778555711142e+00,1.995556434073491e+01
3.894778955791158e+00,1.995765041662415e+01
3.896779355871174e+00,1.995973479745551e+01
3.898779755951190e+00,1.996181748541878e+01
3.900780156031206e+00,1.996389848272860e+01
3.902780556111222e+00,1.996597779164940e+01
3.904780956191238e+00,1.996805541434607e+01
3.906781356271254e+00,1.997013135303327e+01
3.908781756351270e+00,1.997220560992564e+01
3.910782156431286e+00,1.997427818721297e+01
3.912782556511302e+00,1.997634908708502e+01
3.914782956591318e+00,1.997841831173157e+01
3.916783356671334e+00,1.998048586334238e+01
3.918783756751350e+00,1.998255174410724e+01
3.920784156831366e+00,1.998461595621591e+01
3.922784556911382e+00,1.998667850180840e+01
3.924784956991398e+00,1.998873938307448e+01
3.926785357071414e+00,1.999079860217904e+01
3.928785757151430e+00,1.999285616128696e+01
3.930786157231446e+00,1.999491206256315e+01
3.932786557311462e+00,1.999696630814758e+01
3.934786957391478e+00,1.999901890020517e+01
3.936787357471494e+00,2.000106984090080e+01
3.938787757551510e+00,2.000311913234959e+01
3.940788157631526e+00,2.000516677669153e+01
3.942788557711542e+00,2.000721277609153e+01
3.944788957791558e+00,2.000925713263981e+01
3.946789357871574e+00,2.001129984850127e+01
3.948789757951590e+00,2.001334092579103e+01
3.950790158031606e+00,2.001538036664910e+01
3.952790558111622e+00,2.001741817314081e+01
3.954790958191639e+00,2.001945434743107e+01
3.956791358271655e+00,2.002148889163500e+01
3.958791758351671e+00,2.002352180781794e+01
3.960792158431687e+00,2.002555309809502e+01
3.962792558511703e+00,2.002758276458136e+01
3.964792958591719e+00,2.002961080936720e+01
3.966793358671735e+00,2.003163723454278e+01
3.968793758751751e+00,2.003366204219832e+01
3.970794158831767e+00,2.003568523439919e+01
3.972794558911783e+00,2.003770681326050e+01
3.974794958991799e+00,2.003972678084761e+01
3.976795359071815e+00,2.004174513922588e+01
3.978795759151831e+00,2.004376189046065e+01
3.980796159231847e+00,2.004577703664216e+01
3.982796559311863e+00,2.004779057978600e+01
3.984796959391878e+00,2.004980252200728e+01
3.986797359471894e+00,2.005181286534649e+01
3.988797759551910e+00,2.005382161184409e+01
3.990798159631926e+00,2.005582876354054e+01
3.992798559711942e+00,2.005783432250120e+01
3.994798959791958e+00,2.005983829074166e+01
3.996799359871974e+00,2.006184067032727e+01
3.998799759951990e+00,2.006384146329851e+01
4.000800160032006e+00,2.006584067164605e+01
4.002800560112022e+00,2.006783829743528e+01
4.004800960192038e+00,2.006983434265689e+01
4.006801360272054e+00,2.007182880935133e+01
4.008801760352070e+00,2.007382169955910e+01
4.010802160432086e+00,2.007581301524600e+01
4.012802560512102e+00,2.007780275842762e+01
4.014802960592118e+00,2.007979093114443e+01
4.016803360672134e+00,2.008177753538714e+01
4.018803760752150e+00,2.008376257314643e+01
4.020804160832166e+00,2.008574604641302e+01
4.022804560912182e+00,2.008772795717761e+01
4.024804960992198e+00,2.008970830745578e+01
4.026805361072214e+00,2.009168709918848e+01
4.028805761152230e+00,2.009366433439127e+01
4.030806161232246e+00,2.009564001505487e+01
4.032806561312262e+00,2.009761414312021e+01
4.034806961392278e+00,2.009958672055311e+01
4.036807361472294e+00,2.010155774936915e+01
4.038807761552310e+00,2.010352723150927e+01
4.040808161632326e+00,2.010549516891440e+01
4.042808561712342e+00,2.010746156355037e+01
4.044808961792358e+00,2.010942641740787e+01
4.046809361872374e+00,2.011138973240295e+01
4.048809761952390e+00,2.011335151047655e+01
4.050810162032406e+00,2.011531175359449e+01
4.052810562112422e+00,2.011727046369770e+01
4.054810962192438e+00,2.011922764272711e+01
4.056811362272454e+00,2.012118329259878e+01
4.058811762352470e+00,2.012313741525364e+01
4.060812162432486e+00,2.012509001260774e+01
4.062812562512502e+00,2.012704108662690e+01
4.064812962592518e+00,2.012899063917741e+01
4.066813362672534e+00,2.013093867222507e+01
4.068813762752550e+00,2.013288518763618e+01
4.070814162832566e+00,2.013483018737655e+01
4.072814562912582e+00,2.013677367331247e+01
4.074814962992598e+00,2.013871564735999e+01
4.076815363072614e+00,2.014065611143515e+01
4.078815763152631e+00,2.014259506740424e+01
4.080816163232647e+00,2.014453251720819e+01
4.082816563312663e+00,2.014646846268841e+01
4.084816963392679e+00,2.014840290578582e+01
4.086817363472695e+00,2.015033584834184e+01
4.088817763552711e+00,2.015226729224761e+01
4.090818163632727e+00,2.015419723941921e+01
4.092818563712743e+00,2.015612569167313e+01
4.094818963792759e+00,2.015805265092544e+01
4.096819363872775e+00,2.015997811904241e+01
4.098819763952791e+00,2.016190209786544e+01
4.100820164032807e+00,2.016382458926082e+01
4.102820564112823e+00,2.016574559511972e+01
4.104820964192839e+00,2.016766511728352e+01
4.106821364272855e+00,2.016958315756876e+01
4.108821764352871e+00,2.017149971789148e+01
4.110822164432887e+00,2.017341480004330e+01
4.112822564512903e+00,2.017532840591540e+01
4.114822964592919e+00,2.017724053729942e+01
4.116823364672935e+00,2.017915119606163e+01
4.118823764752951e+00,2.018106038404343e+01
4.120824164832967e+00,2.018296810306134e+01
4.122824564912983e+00,2.018487435493187e+01
4.124824964992999e+00,2.018677914149643e+01
4.126825365073015e+00,2.018868246459640e+01
4.128825765153031e+00,2.019058432602344e+01
4.130826165233047e+00,2.019248472759404e+01
4.132826565313063e+00,2.019438367114961e+01
4.134826965393079e+00,2.019628115845689e+01
4.136827365473095e+00,2.019817719135730e+01
4.138827765553111e+00,2.020007177164245e+01
4.140828165633127e+00,2.020196490110398e+01
4.142828565713143e+00,2.020385658155841e+01
4.144828965793159e+00,2.020574681479737e+01
4.146829365873175e+00,2.020763560258760e+01
4.148829765953191e+00,2.020952294674562e+01
4.150830166033207e+00,2.021140884903818e+01
4.152830566113223e+00,2.021329331128180e+01
4.154830966193239e+00,2.021517633521833e+01
4.156831366273255e+00,2.021705792261453e+01
4.158831766353271e+00,2.021893807528691e+01
4.160832166433287e+00,2.022081679500223e+01
4.162832566513303e+00,2.022269408350234e+01
4.164832966593319e+00,2.022456994255399e+01
4.166833366673335e+00,2.022644437392393e+01
4.168833766753351e+00,2.022831737937891e+01
4.170834166833367e+00,2.023018896066080e+01
4.172834566913383e+00,2.023205911953633e+01
4.174834966993399e+00,2.023392785777227e+01
4.176835367073415e+00,2.023579517706070e+01
4.178835767153431e+00,2.023766107919326e+01
4.180836167233447e+00,2.023952556588693e+01
4.182836567313463e+00,2.024138863890845e+01
4.184836967393479e+00,2.024325029997481e+01
4.186837367473495e+00,2.024511055080298e+01
4.188837767553511e+00,2.024696939313484e+01
4.190838167633527e+00,2.024882682871224e+01
4.192838567713543e+00,2.025068285922729e+01
4.194838967793559e+00,2.025253748642184e+01
4.196839367873575e+00,2.025439071203776e+01
4.198839767953591e+00,2.025624253774227e+01
4.200840168033607e+00,2.025809296527723e+01
4.202840568113623e+00,2.025994199633473e+01
4.204840968193639e+00,2.026178963263175e+01
4.206841368273655e+00,2.026363587588529e+01
4.208841768353671e+00,2.026548072776253e+01
4.210842168433687e+00,2.026732418998048e+01
4.212842568513703e+00,2.026916626425611e+01
4.214842968593719e+00,2.027100695225663e+01
4.216843368673735e+00,2.027284625564926e+01
4.218843768753751e+00,2.027468417617585e+01
4.220844168833767e+00,2.027652071547875e+01
4.222844568913783e+00,2.027835587525004e+01
4.224844968993799e+00,2.028018965715694e+01
4.226845369073815e+00,2.028202206291642e+01
4.228845769153831e+00,2.028385309414594e+01
4.230846169233847e+00,2.028568275256248e+01
4.232846569313863e+00,2.028751103980836e+01
4.234846969393879e+00,2.028933795755080e+01
4.236847369473895e+00,2.029116350743212e+01
4.238847769553911e+00,2.029298769116931e+01
4.240848169633927e+00,2.029481051035493e+01
4.242848569713943e+00,2.029663196668107e+01
4.244848969793959e+00,2.029845206179007e+01
4.246849369873975e+00,2.030027079732425e+01
4.248849769953991e+00,2.030208817492594e+01
4.250850170034007e+00,2.030390419623747e+01
4.252850570114023e+00,2.030571886290118e+01
4.254850970194039e+00,2.030753217658426e+01
4.256851370274055e+00,2.030934413887930e+01
4.258851770354071e+00,2.031115475142860e+01
4.260852170434087e+00,2.031296401587451e+01
4.262852570514103e+00,2.031477193380959e+01
4.264852970594119e+00,2.031657850690104e+01
4.266853370674135e+00,2.031838373676632e+01
4.268853770754151e+00,2.032018762499798e+01
4.270854170834167e+00,2.032199017321347e+01
4.272854570914183e+00,2.032379138305512e+01
4.274854970994199e+00,2.032559125609061e+01
4.276855371074215e+00,2.032738979396226e+01
4.278855771154231e+00,2.032918699826265e+01
4.280856171234247e+00,2.033098287058432e+01
4.282856571314263e+00,2.033277741254473e+01
4.284856971394279e+00,2.033457062573643e+01
4.286857371474295e+00,2.033636251177688e+01
4.288857771554311e+00,2.033815307220886e+01
4.290858171634327e+00,2.033994230864982e+01
4.292858571714343e+00,2.034173022266745e+01
4.294858971794359e+00,2.034351681587917e+01
4.296859371874375e+00,2.034530208985268e+01
4.298859771954391e+00,2.034708604615566e+01
4.300860172034407e+00,2.034886868635576e+01
4.302860572114423e+00,2.035065001207045e+01
4.304860972194439e+00,2.035243002484252e+01
4.306861372274455e+00,2.035420872621476e+01
4.308861772354471e+00,2.035598611780462e+01
4.310862172434487e+00,2.035776220115489e+01
4.312862572514503e+00,2.035953697780836e+01
4.314862972594519e+00,2.036131044935761e+01
4.316863372674535e+00,2.036308261732052e+01
4.318863772754551e+00,2.036485348328968e+01
4.320864172834567e+00,2.036662304878298e+01
4.322864572914583e+00,2.036839131536812e+01
4.324864972994598e+00,2.037015828456299e+01
4.326865373074614e+00,2.037192395796015e+01
4.328865773154631e+00,2.037368833707753e+01
4.330866173234647e+00,2.037545142343302e+01
4.332866573314663e+00,2.037721321856943e+01
4.334866973394679e+00,2.037897372405443e+01
4.336867373474695e+00,2.038073294138105e+01
4.338867773554711e+00,2.038249087209207e+01
4.340868173634727e+00,2.038424751773031e+01
4.342868573714743e+00,2.038600287976389e+01
4.344868973794759e+00,2.038775695978538e+01
4.346869373874775e+00,2.038950975926293e+01
4.348869773954791e+00,2.039126127973932e+01
4.350870174034807e+00,2.039301152270759e+01
4.352870574114823e+00,2.039476048968563e+01
4.354870974194839e+00,2.039650818219137e+01
4.356871374274855e+00,2.039825460174272e+01
4.358871774354871e+00,2.039999974980781e+01
4.360872174434887e+00,2.040174362790456e+01
4.362872574514903e+00,2.040348623755088e+01
4.364872974594919e+00,2.040522758021491e+01
4.366873374674935e+00,2.040696765738967e+01
4.368873774754951e+00,2.040870647059308e+01
4.370874174834967e+00,2.041044402131816e+01
4.372874574914983e+00,2.041218031100818e+01
4.374874974994999e+00,2.041391534120592e+01
4.376875375075015e+00,2.041564911332976e+01
4.378875775155031e+00,2.041738162889762e+01
4.380876175235047e+00,2.041911288940251e+01
4.382876575315063e+00,2.042084289628770e+01
4.384876975395079e+00,2.042257165102134e+01
4.386877375475095e+00,2.042429915512131e+01
4.388877775555111e+00,2.042602541000602e+01
4.390878175635127e+00,2.042775041714360e+01
4.392878575715143e+00,2.042947417802707e+01
4.394878975795159e+00,2.043119669409969e+01
4.396879375875175e+00,2.043291796682961e+01
4.398879775955191e+00,2.043463799766008e+01
4.400880176035207e+00,2.043635678805926e+01
4.402880576115223e+00,2.043807433947039e+01
4.404880976195239e+00,2.043979065333673e+01
4.406881376275255e+00,2.044150573112643e+01
4.408881776355271e+00,2.044321957425787e+01
4.410882176435287e+00,2.044493218417430e+01
4.412882576515303e+00,2.044664356234387e+01
4.414882976595319e+00,2.044835371018495e+01
4.416883376675335e+00,2.045006262914079e+01
4.418883776755351e+00,2.045177032062978e+01
4.420884176835367e+00,2.045347678609518e+01
4.422884576915383e+00,2.045518202695535e+01
4.424884976995399e+00,2.045688604465357e+01
4.426885377075415e+00,2.045858884060819e+01
4.428885777155431e+00,2.046029041621272e+01
4.430886177235447e+00,2.046199077293529e+01
4.432886577315463e+00,2.046368991216941e+01
4.434886977395479e+00,2.046538783530855e+01
4.436887377475495e+00,2.046708454382087e+01
4.438887777555511e+00,2.046878003905009e+01
4.440888177635527e+00,2.047047432246434e+01
4.442888577715543e+00,2.047216739540736e+01
4.444888977795559e+00,2.047385925934728e+01
4.446889377875575e+00,2.047554991565272e+01
4.448889777955591e+00,2.047723936571716e+01
4.450890178035607e+00,2.047892761095898e+01
4.452890578115623e+00,2.048061465274679e+01
4.454890978195639e+00,2.048230049249896e+01
4.456891378275655e+00,2.048398513158410e+01
4.458891778355671e+00,2.048566857142059e+01
4.460892178435687e+00,2.048735081337703e+01
4.462892578515703e+00,2.048903185882203e+01
4.464892978595719e+00,2.049071170914909e+01
4.466893378675735e+00,2.049239036575169e+01
4.468893778755751e+00,2.049406782999844e+01
4.470894178835767e+00,2.049574410323306e+01
4.472894578915783e+00,2.049741918689882e+01
4.474894978995799e+00,2.049909308228967e+01
4.476895379075815e+00,2.050076579082399e+01
4.478895779155831e+00,2.050243731387038e+01
4.480896179235847e+00,2.050410765274768e+01
4.482896579315863e+00,2.050577680887427e+01
4.484896979395879e+00,2.050744478356899e+01
4.486897379475895e+00,2.050911157820045e+01
4.488897779555911e+00,2.051077719413724e+01
4.490898179635927e+00,2.051244163272311e+01
4.492898579715943e+00,2.051410489532665e+01
4.494898979795959e+00,2.051576698326671e+01
4.496899379875975e+00,2.051742789788701e+01
4.498899779955991e+00,2.051908764058104e+01
4.500900180036007e+00,2.052074621264275e+01
4.502900580116023e+00,2.052240361546564e+01
4.504900980196039e+00,2.052405985031879e+01
4.506901380276055e+00,2.052571491859567e+01
4.508901780356071e+00,2.052736882161514e+01
4.510902180436087e+00,2.052902156069603e+01
4.512902580516103e+00,2.053067313718207e+01
4.514902980596119e+00,2.053232355239209e+01
4.516903380676135e+00,2.053397280766983e+01
4.518903780756151e+00,2.053562090433411e+01
4.520904180836167e+00,2.053726784367890e+01
4.522904580916183e+00,2.053891362707281e+01
4.524904980996199e+00,2.054055825580978e+01
4.526905381076215e+00,2.054220173118379e+01
4.528905781156231e+00,2.054384405453854e+01
4.530906181236247e+00,2.054548522719289e+01
4.532906581316263e+00,2.054712525044078e+01
4.534906981396279e+00,2.054876412557617e+01
4.536907381476295e+00,2.055040185391791e+01
4.538907781556311e+00,2.055203843678483e+01
4.540908181636327e+00,2.055367387547090e+01
4.542908581716343e+00,2.055530817124517e+01
4.544908981796359e+00,2.055694132545138e+01
4.546909381876375e+00,2.055857333935860e+01
4.548909781956391e+00,2.056020421428567e+01
4.550910182036407e+00,2.056183395147678e+01
4.552910582116423e+00,2.056346255227565e+01
4.554910982196439e+00,2.056509001792646e+01
4.556911382276455e+00,2.056671634972319e+01
4.558911782356471e+00,2.056834154898466e+01
4.560912182436487e+00,2.056996561695506e+01
4.562912582516503e+00,2.057158855492836e+01
4.564912982596519e+00,2.057321036419851e+01
4.566913382676535e+00,2.057483104600969e+01
4.568913782756551e+00,2.057645060165586e+01
4.570914182836567e+00,2.057806903238122e+01
4.572914582916583e+00,2.057968633950460e+01
4.574914982996599e+00,2.058130252424531e+01
4.576915383076615e+00,2.058291758789729e+01
4.578915783156631e+00,2.058453153172964e+01
4.580916183236647e+00,2.058614435698653e+01
4.582916583316663e+00,2.058775606493703e+01
4.584916983396679e+00,2.058936665682534e+01
4.586917383476695e+00,2.059097613392053e+01
4.588917783556711e+00,2.059258449749167e+01
4.590918183636727e+00,2.059419174875807e+01
4.592918583716743e+00,2.059579788898879e+01
4.594918983796759e+00,2.059740291942803e+01
4.596919383876775e+00,2.059900684134487e+01
4.598919783956791e+00,2.060060965595859e+01
4.600920184036807e+00,2.060221136451340e+01
4.602920584116823e+00,2.060381196822859e+01
4.604920984196839e+00,2.060541146839813e+01
4.606921384276855e+00,2.060700986621644e+01
4.608921784356871e+00,2.060860716295259e+01
4.610922184436888e+00,2.061020335980099e+01
4.612922584516904e+00,2.061179845803073e+01
4.614922984596920e+00,2.061339245883622e+01
4.616923384676936e+00,2.061498536346165e+01
4.618923784756952e+00,2.061657717312633e+01
4.620924184836968e+00,2.061816788904956e+01
4.622924584916984e+00,2.061975751250041e+01
4.624924984997000e+00,2.062134604462354e+01
4.626925385077016e+00,2.062293348671291e+01
4.628925785157032e+00,2.062451983991317e+01
4.630926185237048e+00,2.062610510549338e+01
4.632926585317064e+00,2.062768928464798e+01
4.634926985397080e+00,2.062927237857138e+01
4.636927385477096e+00,2.063085438848289e+01
4.638927785557112e+00,2.063243531562669e+01
4.640928185637128e+00,2.063401516114745e+01
4.642928585717144e+00,2.063559392628934e+01
4.644928985797160e+00,2.063717161222191e+01
4.646929385877176e+00,2.063874822018935e+01
4.648929785957192e+00,2.064032375133630e+01
4.650930186037208e+00,2.064189820690697e+01
4.652930586117224e+00,2.064347158807087e+01
4.654930986197240e+00,2.064504389602245e+01
4.656931386277256e+00,2.064661513198099e+01
4.658931786357272e+00,2.064818529709116e+01
4.660932186437288e+00,2.064975439254738e+01
4.662932586517304e+00,2.065132241954406e+01
4.664932986597320e+00,2.065288937927563e+01
4.666933386677336e+00,2.065445527293651e+01
4.668933786757352e+00,2.065602010164648e+01
4.670934186837368e+00,2.065758386664971e+01
4.672934586917384e+00,2.065914656909086e+01
4.674934986997400e+00,2.066070821013947e+01
4.676935387077416e+00,2.066226879096508e+01
4.678935787157432e+00,2.066382831278698e+01
4.680936187237448e+00,2.066538677670008e+01
4.682936587317464e+00,2.066694418394856e+01
4.684936987397480e+00,2.066850053562729e+01
4.686937387477496e+00,2.067005583295560e+01
4.688937787557512e+00,2.067161007705324e+01
4.690938187637528e+00,2.067316326911464e+01
4.692938587717544e+00,2.067471541025957e+01
4.694938987797560e+00,2.067626650168245e+01
4.696939387877576e+00,2.067781654455282e+01
4.698939787957592e+00,2.067936553996556e+01
4.700940188037608e+00,2.068091348911510e+01
4.702940588117624e+00,2.068246039312119e+01
4.704940988197640e+00,2.068400625315340e+01
4.706941388277656e+00,2.068555107038124e+01
4.708941788357672e+00,2.068709484589960e+01
4.710942188437688e+00,2.068863758087803e+01
4.712942588517704e+00,2.069017927646118e+01
4.714942988597720e+00,2.069171993379370e+01
4.716943388677736e+00,2.069325955397047e+01
4.718943788757752e+00,2.069479813818592e+01
4.720944188837768e+00,2.069633568753493e+01
4.722944588917784e+00,2.069787220316216e+01
4.724944988997800e+00,2.069940768621226e+01
4.726945389077816e+00,2.070094213780501e+01
4.728945789157832e+00,2.070247555906016e+01
4.730946189237848e+00,2.070400795109749e+01
4.732946589317864e+00,2.070553931506166e+01
4.734946989397880e+00,2.070706965204755e+01
4.736947389477896e+00,2.070859896322470e+01
4.738947789557912e+00,2.071012724966310e+01
4.740948189637928e+00,2.071165451250742e+01
4.742948589717944e+00,2.071318075287743e+01
4.744948989797960e+00,2.071470597184312e+01
4.746949389877976e+00,2.071623017057403e+01
4.748949789957992e+00,2.071775335016505e+01
4.750950190038008e+00,2.071927551168618e+01
4.752950590118024e+00,2.072079665630697e+01
4.754950990198040e+00,2.072231678509740e+01
4.756951390278056e+00,2.072383589915238e+01
4.758951790358072e+00,2.072535399959165e+01
4.760952190438088e+00,2.072687108751013e+01
4.762952590518104e+00,2.072838716402757e+01
4.764952990598120e+00,2.072990223021397e+01
4.766953390678136e+00,2.073141628718911e+01
4.768953790758152e+00,2.073292933602298e+01
4.770954190838168e+00,2.073444137781048e+01
4.772954590918184e+00,2.073595241367138e+01
4.774954990998200e+00,2.073746244467567e+01
4.776955391078216e+00,2.073897147189336e+01
4.778955791158232e+00,2.074047949644422e+01
4.780956191238247e+00,2.074198651939825e+01
4.782956591318263e+00,2.074349254182545e+01
4.784956991398279e+00,2.074499756484559e+01
4.786957391478295e+00,2.074650158950380e+01
4.788957791558311e+00,2.074800461687007e+01
4.790958191638327e+00,2.074950664806417e+01
4.792958591718343e+00,2.075100768410635e+01
4.794958991798359e+00,2.075250772614124e+01
4.796959391878375e+00,2.075400677516421e+01
4.798959791958391e+00,2.075550483229502e+01
4.800960192038407e+00,2.075700189860368e+01
4.802960592118423e+00,2.075849797513530e+01
4.804960992198439e+00,2.075999306293500e+01
4.806961392278455e+00,2.076148716312256e+01
4.808961792358471e+00,2.076298027674309e+01
4.810962192438487e+00,2.076447240481682e+01
4.812962592518503e+00,2.076596354846352e+01
4.814962992598519e+00,2.076745370867856e+01
4.816963392678535e+00,2.076894288658169e+01
4.818963792758551e+00,2.077043108316827e+01
4.820964192838567e+00,2.077191829953318e+01
4.822964592918583e+00,2.077340453672155e+01
4.824964992998599e+00,2.077488979577848e+01
4.826965393078615e+00,2.077637407772422e+01
4.828965793158631e+00,2.077785738365366e+01
4.830966193238647e+00,2.077933971458702e+01
4.832966593318663e+00,2.078082107156942e+01
4.834966993398679e+00,2.078230145564599e+01
4.836967393478695e+00,2.078378086786184e+01
4.838967793558711e+00,2.078525930926208e+01
4.840968193638727e+00,2.078673678086697e+01
4.842968593718743e+00,2.078821328369673e+01
4.844968993798759e+00,2.078968881882135e+01
4.846969393878775e+00,2.079116338728597e+01
4.848969793958791e+00,2.079263699006105e+01
4.850970194038807e+00,2.079410962824147e+01
4.852970594118823e+00,2.079558130282259e+01
4.854970994198839e+00,2.079705201482463e+01
4.856971394278855e+00,2.079852176531761e+01
4.858971794358871e+00,2.079999055527199e+01
4.860972194438888e+00,2.080145838573289e+01
4.862972594518904e+00,2.080292525772054e+01
4.864972994598920e+00,2.080439117225518e+01
4.866973394678936e+00,2.080585613035704e+01
4.868973794758952e+00,2.080732013304635e+01
4.870974194838968e+00,2.080878318131848e+01
4.872974594918984e+00,2.081024527621853e+01
4.874974994999000e+00,2.081170641871698e+01
4.876975395079016e+00,2.081316660988382e+01
4.878975795159032e+00,2.081462585066464e+01
4.880976195239048e+00,2.081608414212945e+01
4.882976595319064e+00,2.081754148522382e+01
4.884976995399080e+00,2.081899788099288e+01
4.886977395479096e+00,2.082045333043197e+01
4.888977795559112e+00,2.082190783453644e+01
4.890978195639128e+00,2.082336139430166e+01
4.892978595719144e+00,2.082481401074784e+01
4.894978995799160e+00,2.082626568484547e+01
4.896979395879176e+00,2.082771641761477e+01
4.898979795959192e+00,2.082916621005109e+01
4.900980196039208e+00,2.083061506312491e+01
4.902980596119224e+00,2.083206297783157e+01
4.904980996199240e+00,2.083350995519131e+01
4.906981396279256e+00,2.083495599614971e+01
4.908981796359272e+00,2.083640110175188e+01
4.910982196439288e+00,2.083784527291854e+01
4.912982596519304e+00,2.083928851066991e+01
4.914982996599320e+00,2.084073081600135e+01
4.916983396679336e+00,2.084217218985844e+01
4.918983796759352e+00,2.084361263326141e+01
4.920984196839368e+00,2.084505214715585e+01
4.922984596919384e+00,2.084649073253711e+01
4.924984996999400e+00,2.084792839037565e+01
4.926985397079416e+00,2.084936512164194e+01
4.928985797159432e+00,2.085080092733134e+01
4.930986197239448e+00,2.085223580838943e+01
4.932986597319464e+00,2.085366976578667e+01
4.934986997399480e+00,2.085510280051841e+01
4.936987397479496e+00,2.085653491353024e+01
4.938987797559512e+00,2.085796610579263e+01
4.940988197639528e+00,2.085939637827605e+01
4.942988597719544e+00,2.086082573195095e+01
4.944988997799560e+00,2.086225416776292e+01
4.946989397879576e+00,2.086368168668244e+01
4.948989797959592e+00,2.086510828965508e+01
4.950990198039608e+00,2.086653397767620e+01
4.952990598119624e+00,2.086795875164161e+01
4.954990998199640e+00,2.086938261257155e+01
4.956991398279656e+00,2.087080556138671e+01
4.958991798359672e+00,2.087222759903268e+01
4.960992198439688e+00,2.087364872645504e+01
4.962992598519704e+00,2.087506894464915e+01
4.964992998599720e+00,2.087648825453570e+01
4.966993398679736e+00,2.087790665703539e+01
4.968993798759752e+00,2.087932415314358e+01
4.970994198839768e+00,2.088074074375608e+01
4.972994598919784e+00,2.088215642986824e+01
4.974994998999800e+00,2.088357121237588e+01
4.976995399079816e+00,2.088498509222457e+01
4.978995799159832e+00,2.088639807038480e+01
4.980996199239848e+00,2.088781014777725e+01
4.982996599319864e+00,2.088922132534751e+01
4.984996999399880e+00,2.089063160399140e+01
4.986997399479896e+00,2.089204098470427e+01
4.988997799559912e+00,2.089344946835704e+01
4.990998199639928e+00,2.089485705592019e+01
4.992998599719944e+00,2.089626374831442e+01
4.994998999799960e+00,2.089766954646043e+01
4.996999399879976e+00,2.089907445130380e+01
4.998999799959992e+00,2.090047846374034e+01
5.001000200040008e+00,2.090188158471564e+01
5.003000600120024e+00,2.090328381515040e+01
5.005001000200040e+00,2.090468515596532e+01
5.007001400280056e+00,2.090608560810598e+01
5.009001800360072e+00,2.090748517244332e+01
5.011002200440088e+00,2.090888384992291e+01
5.013002600520104e+00,2.091028164144057e+01
5.015003000600120e+00,2.091167854794190e+01
5.017003400680136e+00,2.091307457032269e+01
5.019003800760152e+00,2.091446970950366e+01
5.021004200840168e+00,2.091586396640550e+01
5.023004600920184e+00,2.091725734189914e+01
5.025005001000200e+00,2.091864983693018e+01
5.027005401080216e+00,2.092004145239441e+01
5.029005801160232e+00,2.092143218921255e+01
5.031006201240248e+00,2.092282204825552e+01
5.033006601320264e+00,2.092421103046892e+01
5.035007001400280e+00,2.092559913672366e+01
5.037007401480296e+00,2.092698636794045e+01
5.039007801560312e+00,2.092837272499023e+01
5.041008201640328e+00,2.092975820879369e+01
5.043008601720344e+00,2.093114282027154e+01
5.045009001800360e+00,2.093252656026981e+01
5.047009401880376e+00,2.093390942970921e+01
5.049009801960392e+00,2.093529142948556e+01
5.051010202040408e+00,2.093667256049467e+01
5.053010602120424e+00,2.093805282360748e+01
5.055011002200440e+00,2.093943221974468e+01
5.057011402280456e+00,2.094081074975232e+01
5.059011802360472e+00,2.094218841455110e+01
5.061012202440488e+00,2.094356521503684e+01
5.063012602520504e+00,2.094494115205559e+01
5.065013002600520e+00,2.094631622650316e+01
5.067013402680536e+00,2.094769043930025e+01
5.069013802760552e+00,2.094906379126803e+01
5.071014202840568e+00,2.095043628332719e+01
5.073014602920584e+00,2.095180791634867e+01
5.075015003000600e+00,2.095317869120341e+01
5.077015403080616e+00,2.095454860876232e+01
5.079015803160632e+00,2.095591766989635e+01
5.081016203240648e+00,2.095728587552619e+01
5.083016603320664e+00,2.095865322644812e+01
5.085017003400680e+00,2.096001972360774e+01
5.087017403480696e+00,2.096138536782620e+01
5.089017803560712e+00,2.096275015999932e+01
5.091018203640728e+00,2.096411410094826e+01
5.093018603720744e+00,2.096547719161860e+01
5.095019003800760e+00,2.096683943280664e+01
5.097019403880776e+00,2.096820082540818e+01
5.099019803960792e+00,2.096956137026927e+01
5.101020204040808e+00,2.097092106826084e+01
5.103020604120824e+00,2.097227992022895e+01
5.105021004200840e+00,2.097363792706940e+01
5.107021404280856e+00,2.097499508960338e+01
5.109021804360872e+00,2.097635140872667e+01
5.111022204440888e+00,2.097770688523558e+01
5.113022604520904e+00,2.097906152002591e+01
5.115023004600920e+00,2.098041531396860e+01
5.117023404680936e+00,2.098176826785993e+01
5.119023804760952e+00,2.098312038259571e+01
5.121024204840968e+00,2.098447165899711e+01
5.123024604920984e+00,2.098582209793506e+01
5.125025005001000e+00,2.098717170025562e+01
5.127025405081016e+00,2.098852046680481e+01
5.129025805161032e+00,2.098986839840383e+01
5.131026205241048e+00,2.099121549589870e+01
5.133026605321064e+00,2.099256176016036e+01
5.135027005401080e+00,2.099390719200998e+01
5.137027405481096e+00,2.099525179229362e+01
5.139027805561112e+00,2.099659556185730e+01
5.141028205641129e+00,2.099793850154708e+01
5.143028605721145e+00,2.099928061215925e+01
5.145029005801161e+00,2.100062189456473e+01
5.147029405881177e+00,2.100196234955981e+01
5.149029805961193e+00,2.100330197804030e+01
5.151030206041209e+00,2.100464078077760e+01
5.153030606121225e+00,2.100597875864264e+01
5.155031006201241e+00,2.100731591245659e+01
5.157031406281257e+00,2.100865224301572e+01
5.159031806361273e+00,2.100998775119098e+01
5.161032206441289e+00,2.101132243780351e+01
5.163032606521305e+00,2.101265630364961e+01
5.165033006601321e+00,2.101398934957533e+01
5.167033406681337e+00,2.101532157640181e+01
5.169033806761353e+00,2.101665298495024e+01
5.171034206841369e+00,2.101798357601690e+01
5.173034606921385e+00,2.101931335047271e+01
5.175035007001401e+00,2.102064230908907e+01
5.177035407081417e+00,2.102197045268714e+01
5.179035807161433e+00,2.102329778211298e+01
5.181036207241449e+00,2.102462429816287e+01
5.183036607321465e+00,2.102595000165796e+01
5.185037007401481e+00,2.102727489339454e+01
5.187037407481497e+00,2.102859897421867e+01
5.189037807561513e+00,2.102992224490173e+01
5.191038207641529e+00,2.103124470626489e+01
5.193038607721545e+00,2.103256635912932e+01
5.195039007801561e+00,2.103388720429129e+01
5.197039407881577e+00,2.103520724254709e+01
5.199039807961593e+00,2.103652647471788e+01
5.201040208041609e+00,2.103784490162482e+01
5.203040608121625e+00,2.103916252403932e+01
5.205041008201641e+00,2.104047934275766e+01
5.207041408281657e+00,2.104179535860099e+01
5.209041808361673e+00,2.104311057236560e+01
5.211042208441689e+00,2.104442498487265e+01
5.213042608521705e+00,2.104573859686866e+01
5.215043008601721e+00,2.104705140917480e+01
5.217043408681737e+00,2.104836342258733e+01
5.219043808761753e+00,2.104967463792743e+01
5.221044208841769e+00,2.105098505591673e+01
5.223044608921785e+00,2.105229467742615e+01
5.225045009001801e+00,2.105360350320222e+01
5.227045409081817e+00,2.105491153404121e+01
5.229045809161833e+00,2.105621877073941e+01
5.231046209241849e+00,2.105752521406820e+01
5.233046609321865e+00,2.105883086482388e+01
5.235047009401880e+00,2.106013572380272e+01
5.237047409481896e+00,2.106143979180100e+01
5.239047809561912e+00,2.106274306954035e+01
5.241048209641928e+00,2.106404555786682e+01
5.243048609721944e+00,2.106534725752693e+01
5.245049009801960e+00,2.106664816931695e+01
5.247049409881976e+00,2.106794829403317e+01
5.249049809961992e+00,2.106924763239721e+01
5.251050210042008e+00,2.107054618523025e+01
5.253050610122024e+00,2.107184395330366e+01
5.255051010202040e+00,2.107314093738886e+01
5.257051410282056e+00,2.107443713825725e+01
5.259051810362072e+00,2.107573255665532e+01
5.261052210442088e+00,2.107702719340426e+01
5.263052610522104e+00,2.107832104925057e+01
5.265053010602120e+00,2.107961412496564e+01
5.267053410682136e+00,2.108090642132088e+01
5.269053810762152e+00,2.108219793906280e+01
5.271054210842168e+00,2.108348867898768e+01
5.273054610922184e+00,2.108477864184203e+01
5.275055011002200e+00,2.108606782839725e+01
5.277055411082216e+00,2.108735623939986e+01
5.279055811162232e+00,2.108864387564613e+01
5.281056211242248e+00,2.108993073788258e+01
5.283056611322264e+00,2.109121682685572e+01
5.285057011402280e+00,2.109250214333694e+01
5.287057411482296e+00,2.109378668809766e+01
5.289057811562312e+00,2.109507046185948e+01
5.291058211642328e+00,2.109635346539381e+01
5.293058611722344e+00,2.109763569947206e+01
5.295059011802360e+00,2.109891716484072e+01
5.297059411882376e+00,2.110019786224633e+01
5.299059811962392e+00,2.110147779243538e+01
5.301060212042408e+00,2.110275695617927e+01
5.303060612122424e+00,2.110403535419963e+01
5.305061012202440e+00,2.110531298726787e+01
5.307061412282456e+00,2.110658985613050e+01
5.309061812362472e+00,2.110786596153402e+01
5.311062212442488e+00,2.110914130422495e+01
5.313062612522504e+00,2.111041588492493e+01
5.315063012602520e+00,2.111168970440534e+01
5.317063412682536e+00,2.111296276338782e+01
5.319063812762552e+00,2.111423506264376e+01
5.321064212842568e+00,2.111550660289480e+01
5.323064612922584e+00,2.111677738488744e+01
5.325065013002600e+00,2.111804740934332e+01
5.327065413082616e+00,2.111931667703383e+01
5.329065813162632e+00,2.112058518865572e+01
5.331066213242648e+00,2.112185294498039e+01
5.333066613322664e+00,2.112311994670458e+01
5.335067013402680e+00,2.112438619459969e+01
5.337067413482696e+00,2.112565168938735e+01
5.339067813562712e+00,2.112691643181407e+01
5.341068213642728e+00,2.112818042257660e+01
5.343068613722744e+00,2.112944366242145e+01
5.345069013802760e+00,2.113070615207025e+01
5.347069413882776e+00,2.113196789226951e+01
5.349069813962792e+00,2.113322888374086e+01
5.351070214042808e+00,2.113448912720593e+01
5.353070614122824e+00,2.113574862338637e+01
5.355071014202840e+00,2.113700737300377e+01
5.357071414282856e+00,2.113826537680468e+01
5.359071814362872e+00,2.113952263548582e+01
5.361072214442888e+00,2.114077914979372e+01
5.363072614522904e+00,2.114203492042511e+01
5.365073014602920e+00,2.114328994810164e+01
5.367073414682936e+00,2.114454423354492e+01
5.369073814762952e+00,2.114579777747660e+01
5.371074214842968e+00,2.114705058061828e+01
5.373074614922984e+00,2.114830264366673e+01
5.375075015003000e+00,2.114955396736846e+01
5.377075415083016e+00,2.115080455239532e+01
5.379075815163032e+00,2.115205439951872e+01
5.381076215243048e+00,2.115330350938563e+01
5.383076615323064e+00,2.115455188274257e+01
5.385077015403080e+00,2.115579952028628e+01
5.387077415483096e+00,2.115704642276328e+01
5.389077815563112e+00,2.115829259082054e+01
5.391078215643129e+00,2.115953802520458e+01
5.393078615723145e+00,2.116078272661214e+01
5.395079015803161e+00,2.116202669576485e+01
5.397079415883177e+00,2.116326993333457e+01
5.399079815963193e+00,2.116451244004294e+01
5.401080216043209e+00,2.116575421658669e+01
5.403080616123225e+00,2.116699526368747e+01
5.405081016203241e+00,2.116823558201713e+01
5.407081416283257e+00,2.116947517229729e+01
5.409081816363273e+00,2.117071403522471e+01
5.411082216443289e+00,2.117195217147125e+01
5.413082616523305e+00,2.117318958178342e+01
5.415083016603321e+00,2.117442626680820e+01
5.417083416683337e+00,2.117566222726721e+01
5.419083816763353e+00,2.117689746383233e+01
5.421084216843369e+00,2.117813197722518e+01
5.423084616923385e+00,2.117936576811762e+01
5.425085017003401e+00,2.118059883720639e+01
5.427085417083417e+00,2.118183118518825e+01
5.429085817163433e+00,2.118306281275994e+01
5.431086217243449e+00,2.118429372059332e+01
5.433086617323465e+00,2.118552390936025e+01
5.435087017403481e+00,2.118675337980724e+01
5.437087417483497e+00,2.118798213255640e+01
5.439087817563513e+00,2.118921016832935e+01
5.441088217643529e+00,2.119043748777306e+01
5.443088617723545e+00,2.119166409163406e+01
5.445089017803561e+00,2.119288998053443e+01
5.447089417883577e+00,2.119411515519581e+01
5.449089817963593e+00,2.119533961626517e+01
5.451090218043609e+00,2.119656336446414e+01
5.453090618123625e+00,2.119778640041482e+01
5.455091018203641e+00,2.119900872486372e+01
5.457091418283657e+00,2.120023033843293e+01
5.459091818363673e+00,2.120145124181921e+01
5.461092218443689e+00,2.120267143569441e+01
5.463092618523705e+00,2.120389092073038e+01
5.465093018603721e+00,2.120510969759901e+01
5.467093418683737e+00,2.120632776699703e+01
5.469093818763753e+00,2.120754512957142e+01
5.471094218843769e+00,2.120876178599404e+01
5.473094618923785e+00,2.120997773693676e+01
5.475095019003801e+00,2.121119298309631e+01
5.477095419083817e+00,2.121240752509480e+01
5.479095819163833e+00,2.121362136362897e+01
5.481096219243849e+00,2.121483449934579e+01
5.483096619323865e+00,2.121604693294202e+01
5.485097019403881e+00,2.121725866503975e+01
5.487097419483897e+00,2.121846969636060e+01
5.489097819563913e+00,2.121968002750179e+01
5.491098219643929e+00,2.122088965918495e+01
5.493098619723945e+00,2.122209859203218e+01
5.495099019803961e+00,2.122330682671532e+01
5.497099419883977e+00,2.122451436388137e+01
5.499099819963993e+00,2.122572120422706e+01
5.501100220044009e+00,2.122692734837450e+01
5.503100620124025e+00,2.122813279699553e+01
5.505101020204041e+00,2.122933755073716e+01
5.507101420284057e+00,2.123054161024634e+01
5.509101820364073e+00,2.123174497621983e+01
5.511102220444089e+00,2.123294764925483e+01
5.513102620524105e+00,2.123414963004810e+01
5.515103020604121e+00,2.123535091924661e+01
5.517103420684137e+00,2.123655151747245e+01
5.519103820764153e+00,2.123775142539748e+01
5.521104220844169e+00,2.123895064366870e+01
5.523104620924185e+00,2.124014917293306e+01
5.525105021004201e+00,2.124134701383756e+01
5.527105421084217e+00,2.124254416702917e+01
5.529105821164233e+00,2.124374063315486e+01
5.531106221244249e+00,2.124493641286162e+01
5.533106621324265e+00,2.124613150679642e+01
5.535107021404281e+00,2.124732591558136e+01
5.537107421484297e+00,2.124851963988830e+01
5.539107821564313e+00,2.124971268036422e+01
5.541108221644329e+00,2.125090503760633e+01
5.543108621724345e+00,2.125209671228649e+01
5.545109021804361e+00,2.125328770505167e+01
5.547109421884377e+00,2.125447801652398e+01
5.549109821964393e+00,2.125566764735040e+01
5.551110222044409e+00,2.125685659815300e+01
5.553110622124425e+00,2.125804486957878e+01
5.555111022204441e+00,2.125923246224983e+01
5.557111422284457e+00,2.126041937681313e+01
5.559111822364473e+00,2.126160561391565e+01
5.561112222444489e+00,2.126279117417949e+01
5.563112622524505e+00,2.126397605822674e+01
5.565113022604521e+00,2.126516026670438e+01
5.567113422684537e+00,2.126634380020963e+01
5.569113822764553e+00,2.126752665941434e+01
5.571114222844569e+00,2.126870884494060e+01
5.573114622924585e+00,2.126989035738564e+01
5.575115023004601e+00,2.127107119739642e+01
5.577115423084617e+00,2.127225136559505e+01
5.579115823164633e+00,2.127343086262849e+01
5.581116223244649e+00,2.127460968909397e+01
5.583116623324665e+00,2.127578784563845e+01
5.585117023404681e+00,2.127696533285916e+01
5.587117423484697e+00,2.127814215137817e+01
5.589117823564713e+00,2.127931830184248e+01
5.591118223644729e+00,2.128049378487417e+01
5.593118623724745e+00,2.128166860107046e+01
5.595119023804761e+00,2.128284275105344e+01
5.597119423884777e+00,2.128401623544521e+01
5.599119823964793e+00,2.128518905486785e+01
5.601120224044809e+00,2.128636120994347e+01
5.603120624124825e+00,2.128753270126928e+01
5.605121024204841e+00,2.128870352946736e+01
5.607121424284857e+00,2.128987369518470e+01
5.609121824364873e+00,2.129104319899362e+01
5.611122224444889e+00,2.129221204151623e+01
5.613122624524905e+00,2.129338022334971e+01
5.615123024604921e+00,2.129454774516596e+01
5.617123424684937e+00,2.129571460751239e+01
5.619123824764953e+00,2.129688081101112e+01
5.621124224844969e+00,2.129804635628422e+01
5.623124624924985e+00,2.129921124395381e+01
5.625125025005001e+00,2.130037547459219e+01
5.627125425085017e+00,2.130153904882148e+01
5.629125825165033e+00,2.130270196726376e+01
5.631126225245049e+00,2.130386423049136e+01
5.633126625325065e+00,2.130502583915125e+01
5.635127025405081e+00,2.130618679379089e+01
5.637127425485097e+00,2.130734709505724e+01
5.639127825565113e+00,2.130850674354753e+01
5.641128225645129e+00,2.130966573985895e+01
5.643128625725145e+00,2.131082408458872e+01
5.645129025805161e+00,2.131198177833406e+01
5.647129425885177e+00,2.131313882169217e+01
5.649129825965193e+00,2.131429521526026e+01
5.651130226045209e+00,2.131545095966042e+01
5.653130626125225e+00,2.131660605544011e+01
5.655131026205241e+00,2.131776050324629e+01
5.657131426285257e+00,2.131891430365130e+01
5.659131826365273e+00,2.132006745725235e+01
5.661132226445289e+00,2.132121996464664e+01
5.663132626525305e+00,2.132237182640650e+01
5.665133026605321e+00,2.132352304315403e+01
5.667133426685337e+00,2.132467361546156e+01
5.669133826765353e+00,2.132582354392628e+01
5.671134226845369e+00,2.132697282912054e+01
5.673134626925386e+00,2.132812147166643e+01
5.675135027005402e+00,2.132926947213627e+01
5.677135427085418e+00,2.133041683112727e+01
5.679135827165434e+00,2.133156354918688e+01
5.681136227245450e+00,2.133270962696207e+01
5.683136627325466e+00,2.133385506500029e+01
5.685137027405482e+00,2.133499986387386e+01
5.687137427485498e+00,2.133614402420489e+01
5.689137827565514e+00,2.133728754656569e+01
5.691138227645529e+00,2.133843043150371e+01
5.693138627725545e+00,2.133957267964103e+01
5.695139027805561e+00,2.134071429155000e+01
5.697139427885577e+00,2.134185526780294e+01
5.699139827965593e+00,2.134299560899705e+01
5.701140228045609e+00,2.134413531567979e+01
5.703140628125625e+00,2.134527438847324e+01
5.705141028205641e+00,2.134641282789996e+01
5.707141428285657e+00,2.134755063458205e+01
5.709141828365673e+00,2.134868780906695e+01
5.711142228445689e+00,2.134982435195188e+01
5.713142628525705e+00,2.135096026378427e+01
5.715143028605721e+00,2.135209554518621e+01
5.717143428685737e+00,2.135323019668028e+01
5.719143828765753e+00,2.135436421886368e+01
5.721144228845769e+00,2.135549761228384e+01
5.723144628925785e+00,2.135663037756288e+01
5.725145029005801e+00,2.135776251522334e+01
5.727145429085817e+00,2.135889402583756e+01
5.729145829165833e+00,2.136002491000273e+01
5.731146229245849e+00,2.136115516826631e+01
5.733146629325865e+00,2.136228480120063e+01
5.735147029405881e+00,2.136341380937801e+01
5.737147429485897e+00,2.136454219337077e+01
5.739147829565913e+00,2.136566995370148e+01
5.741148229645929e+00,2.136679709099223e+01
5.743148629725945e+00,2.136792360576558e+01
5.745149029805961e+00,2.136904949859386e+01
5.747149429885977e+00,2.137017477007428e+01
5.749149829965993e+00,2.137129942070450e+01
5.751150230046009e+00,2.137242345110663e+01
5.753150630126025e+00,2.137354686180324e+01
5.755151030206041e+00,2.137466965336663e+01
5.757151430286057e+00,2.137579182634426e+01
5.759151830366073e+00,2.137691338133333e+01
5.761152230446089e+00,2.137803431883153e+01
5.763152630526105e+00,2.137915463946095e+01
5.765153030606121e+00,2.138027434371926e+01
5.767153430686137e+00,2.138139343217879e+01
5.769153830766153e+00,2.138251190543674e+01
5.771154230846169e+00,2.138362976399080e+01
5.773154630926185e+00,2.138474700841330e+01
5.775155031006201e+00,2.138586363925167e+01
5.777155431086217e+00,2.138697965707824e+01
5.779155831166233e+00,2.138809506244046e+01
5.781156231246249e+00,2.138920985588576e+01
5.783156631326265e+00,2.139032403793671e+01
5.785157031406281e+00,2.139143760919052e+01
5.787157431486297e+00,2.139255057014486e+01
5.789157831566313e+00,2.139366292139695e+01
5.791158231646329e+00,2.139477466344445e+01
5.793158631726345e+00,2.139588579688459e+01
5.795159031806361e+00,2.139699632223991e+01
5.797159431886377e+00,2.139810624003299e+01
5.799159831966393e+00,2.139921555083614e+01
5.801160232046409e+00,2.140032425519680e+01
5.803160632126425e+00,2.140143235366243e+01
5.805161032206441e+00,2.140253984673070e+01
5.807161432286457e+00,2.140364673499881e+01
5.809161832366473e+00,2.140475301896445e+01
5.811162232446489e+00,2.140585869919994e+01
5.813162632526505e+00,2.140696377622783e+01
5.815163032606521e+00,2.140806825059558e+01
5.817163432686537e+00,2.140917212285063e+01
5.819163832766553e+00,2.141027539349064e+01
5.821164232846569e+00,2.141137806311283e+01
5.823164632926585e+00,2.141248013219001e+01
5.825165033006601e+00,2.141358160131936e+01
5.827165433086617e+00,2.141468247097369e+01
5.829165833166633e+00,2.141578274175020e+01
5.831166233246649e+00,2.141688241414658e+01
5.833166633326665e+00,2.141798148871026e+01
5.835167033406681e+00,2.141907996593892e+01
5.837167433486697e+00,2.142017784640489e+01
5.839167833566713e+00,2.142127513063072e+01
5.841168233646729e+00,2.142237181916387e+01
5.843168633726745e+00,2.142346791247711e+01
5.845169033806761e+00,2.142456341116767e+01
5.847169433886777e+00,2.142565831570833e+01
5.849169833966793e+00,2.142675262667142e+01
5.851170234046809e+00,2.142784634455461e+01
5.853170634126825e+00,2.142893946988047e+01
5.855171034206841e+00,2.143003200322132e+01
5.857171434286857e+00,2.143112394504996e+01
5.859171834366873e+00,2.143221529591382e+01
5.861172234446889e+00,2.143330605633547e+01
5.863172634526905e+00,2.143439622683746e+01
5.865173034606921e+00,2.143548580794236e+01
5.867173434686937e+00,2.143657480017272e+01
5.869173834766953e+00,2.143766320405111e+01
5.871174234846969e+00,2.143875102012496e+01
5.873174634926985e+00,2.143983824884218e+01
5.875175035007001e+00,2.144092489079999e+01
5.877175435087017e+00,2.144201094647118e+01
5.879175835167033e+00,2.144309641640318e+01
5.881176235247049e+00,2.144418130109368e+01
5.883176635327065e+00,2.144526560106523e+01
5.885177035407081e+00,2.144634931684040e+01
5.887177435487097e+00,2.144743244891685e+01
5.889177835567113e+00,2.144851499784204e+01
5.891178235647129e+00,2.144959696408875e+01
5.893178635727145e+00,2.145067834820443e+01
5.895179035807161e+00,2.145175915068675e+01
5.897179435887177e+00,2.145283937205827e+01
5.899179835967193e+00,2.145391901284156e+01
5.901180236047209e+00,2.145499807350939e+01
5.903180636127225e+00,2.145607655460922e+01
5.905181036207241e+00,2.145715445663872e+01
5.907181436287257e+00,2.145823178009557e+01
5.909181836367273e+00,2.145930852550232e+01
5.911182236447289e+00,2.146038469338154e+01
5.913182636527305e+00,2.146146028420602e+01
5.915183036607321e+00,2.146253529852319e+01
5.917183436687337e+00,2.146360973680586e+01
5.919183836767353e+00,2.146468359957658e+01
5.921184236847369e+00,2.146575688733302e+01
5.923184636927386e+00,2.146682960059775e+01
5.925185037007402e+00,2.146790173984356e+01
5.927185437087418e+00,2.146897330559300e+01
5.929185837167434e+00,2.147004429834376e+01
5.931186237247450e+00,2.147111471861838e+01
5.933186637327466e+00,2.147218456688968e+01
5.935187037407482e+00,2.147325384368019e+01
5.937187437487498e+00,2.147432254948760e+01
5.939187837567514e+00,2.147539068478470e+01
5.941188237647530e+00,2.147645825011893e+01
5.943188637727546e+00,2.147752524593821e+01
5.945189037807562e+00,2.147859167276508e+01
5.947189437887578e+00,2.147965753112211e+01
5.949189837967594e+00,2.148072282145721e+01
5.951190238047610e+00,2.148178754429294e+01
5.953190638127626e+00,2.148285170012697e+01
5.955191038207642e+00,2.148391528943209e+01
5.957191438287658e+00,2.148497831275575e+01
5.959191838367674e+00,2.148604077052097e+01
5.961192238447690e+00,2.148710266327519e+01
5.963192638527706e+00,2.148816399149121e+01
5.965193038607722e+00,2.148922475566670e+01
5.967193438687738e+00,2.149028495627446e+01
5.969193838767754e+00,2.149134459383703e+01
5.971194238847770e+00,2.149240366880234e+01
5.973194638927786e+00,2.149346218169293e+01
5.975195039007802e+00,2.149452013300649e+01
5.977195439087818e+00,2.149557752321581e+01
5.979195839167834e+00,2.149663435279367e+01
5.981196239247850e+00,2.149769062223776e+01
5.983196639327866e+00,2.149874633204575e+01
5.985197039407882e+00,2.149980148271531e+01
5.987197439487898e+00,2.150085607469436e+01
5.989197839567914e+00,2.150191010850545e+01
5.991198239647930e+00,2.150296358459649e+01
5.993198639727946e+00,2.150401650349003e+01
5.995199039807962e+00,2.150506886563399e+01
5.997199439887978e+00,2.150612067152605e+01
5.999199839967994e+00,2.150717192166388e+01
6.001200240048010e+00,2.150822261649538e+01
6.003200640128026e+00,2.150927275654312e+01
6.005201040208042e+00,2.151032234225500e+01
6.007201440288058e+00,2.151137137410381e+01
6.009201840368074e+00,2.151241985261212e+01
6.011202240448090e+00,2.151346777822783e+01
6.013202640528106e+00,2.151451515142374e+01
6.015203040608122e+00,2.151556197269752e+01
6.017203440688138e+00,2.151660824252195e+01
6.019203840768154e+00,2.151765396134496e+01
6.021204240848170e+00,2.151869912968910e+01
6.023204640928186e+00,2.151974374800227e+01
6.025205041008202e+00,2.152078781675727e+01
6.027205441088218e+00,2.152183133642689e+01
6.029205841168234e+00,2.152287430750880e+01
6.031206241248250e+00,2.152391673045092e+01
6.033206641328266e+00,2.152495860572603e+01
6.035207041408282e+00,2.152599993383182e+01
6.037207441488298e+00,2.152704071519130e+01
6.039207841568314e+00,2.152808095032703e+01
6.041208241648330e+00,2.152912063968693e+01
6.043208641728346e+00,2.153015978374378e+01
6.045209041808362e+00,2.153119838297037e+01
6.047209441888378e+00,2.153223643781462e+01
6.049209841968394e+00,2.153327394877420e+01
6.051210242048410e+00,2.153431091629701e+01
6.053210642128426e+00,2.153534734085585e+01
6.055211042208442e+00,2.153638322292352e+01
6.057211442288458e+00,2.153741856294791e+01
6.059211842368474e+00,2.153845336140182e+01
6.061212242448490e+00,2.153948761875804e+01
6.063212642528506e+00,2.154052133546448e+01
6.065213042608522e+00,2.154155451201882e+01
6.067213442688538e+00,2.154258714884408e+01
6.069213842768554e+00,2.154361924643793e+01
6.071214242848570e+00,2.154465080522340e+01
6.073214642928586e+00,2.154568182569817e+01
6.075215043008602e+00,2.154671230831014e+01
6.077215443088618e+00,2.154774225350722e+01
6.079215843168634e+00,2.154877166176220e+01
6.081216243248650e+00,2.154980053352299e+01
6.083216643328666e+00,2.155082886926238e+01
6.085217043408682e+00,2.155185666942828e+01
6.087217443488698e+00,2.155288393449349e+01
6.089217843568714e+00,2.155391066490590e+01
6.091218243648730e+00,2.155493686111343e+01
6.093218643728746e+00,2.155596252358887e+01
6.095219043808762e+00,2.155698765275525e+01
6.097219443888778e+00,2.155801224911023e+01
6.099219843968794e+00,2.155903631307684e+01
6.101220244048810e+00,2.156005984512788e+01
6.103220644128826e+00,2.156108284571125e+01
6.105221044208842e+00,2.156210531527487e+01
6.107221444288858e+00,2.156312725429152e+01
6.109221844368874e+00,2.156414866315933e+01
6.111222244448890e+00,2.156516954240088e+01
6.113222644528906e+00,2.156618989241431e+01
6.115223044608922e+00,2.156720971364751e+01
6.117223444688938e+00,2.156822900659817e+01
6.119223844768954e+00,2.156924777168931e+01
6.121224244848970e+00,2.157026600934395e+01
6.123224644928986e+00,2.157128372003489e+01
6.125225045009002e+00,2.157230090423492e+01
6.127225445089018e+00,2.157331756234218e+01
6.129225845169034e+00,2.157433369482945e+01
6.131226245249050e+00,2.157534930211977e+01
6.133226645329066e+00,2.157636438471081e+01
6.135227045409082e+00,2.157737894297582e+01
6.137227445489098e+00,2.157839297741249e+01
6.139227845569114e+00,2.157940648846871e+01
6.141228245649130e+00,2.158041947654264e+01
6.143228645729146e+00,2.158143194210706e+01
6.145229045809161e+00,2.158244388560988e+01
6.147229445889177e+00,2.158345530747412e+01
6.149229845969193e+00,2.158446620814769e+01
6.151230246049209e+00,2.158547658807850e+01
6.153230646129225e+00,2.158648644768958e+01
6.155231046209241e+00,2.158749578745371e+01
6.157231446289257e+00,2.158850460776904e+01
6.159231846369273e+00,2.158951290910835e+01
6.161232246449289e+00,2.159052069189468e+01
6.163232646529305e+00,2.159152795655105e+01
6.165233046609321e+00,2.159253470355024e+01
6.167233446689337e+00,2.159354093329040e+01
6.169233846769353e+00,2.159454664621943e+01
6.171234246849369e+00,2.159555184281014e+01
6.173234646929386e+00,2.159655652343577e+01
6.175235047009402e+00,2.159756068859400e+01
6.177235447089418e+00,2.159856433865808e+01
6.179235847169434e+00,2.159956747410082e+01
6.181236247249450e+00,2.160057009534522e+01
6.183236647329466e+00,2.160157220281432e+01
6.185237047409482e+00,2.160257379695603e+01
6.187237447489498e+00,2.160357487821825e+01
6.189237847569514e+00,2.160457544697424e+01
6.191238247649530e+00,2.160557550369679e+01
6.193238647729546e+00,2.160657504883381e+01
6.195239047809562e+00,2.160757408275856e+01
6.197239447889578e+00,2.160857260594382e+01
6.199239847969594e+00,2.160957061881263e+01
6.201240248049610e+00,2.161056812178800e+01
6.203240648129626e+00,2.161156511526807e+01
6.205241048209642e+00,2.161256159975053e+01
6.207241448289658e+00,2.161355757558374e+01
6.209241848369674e+00,2.161455304324050e+01
6.211242248449690e+00,2.161554800314383e+01
6.213242648529706e+00,2.161654245569186e+01
6.215243048609722e+00,2.161753640133252e+01
6.217243448689738e+00,2.161852984048882e+01
6.219243848769754e+00,2.161952277358379e+01
6.221244248849770e+00,2.162051520104045e+01
6.223244648929786e+00,2.162150712328182e+01
6.225245049009802e+00,2.162249854070605e+01
6.227245449089818e+00,2.162348945376104e+01
6.229245849169834e+00,2.162447986286982e+01
6.231246249249850e+00,2.162546976845542e+01
6.233246649329866e+00,2.162645917091596e+01
6.235247049409882e+00,2.162744807067448e+01
6.237247449489898e+00,2.162843646817889e+01
6.239247849569914e+00,2.162942436382732e+01
6.241248249649930e+00,2.163041175801792e+01
6.243248649729946e+00,2.163139865119859e+01
6.245249049809962e+00,2.163238504379236e+01
6.247249449889978e+00,2.163337093619736e+01
6.249249849969994e+00,2.163435632881175e+01
6.251250250050010e+00,2.163534122210830e+01
6.253250650130026e+00,2.163632561643540e+01
6.255251050210042e+00,2.163730951226583e+01
6.257251450290058e+00,2.163829290997285e+01
6.259251850370074e+00,2.163927580997949e+01
6.261252250450090e+00,2.164025821273366e+01
6.263252650530106e+00,2.164124011860860e+01
6.265253050610122e+00,2.164222152802734e+01
6.267253450690138e+00,2.164320244138803e+01
6.269253850770154e+00,2.164418285913857e+01
6.271254250850170e+00,2.164516278165223e+01
6.273254650930186e+00,2.164614220937690e+01
6.275255051010202e+00,2.164712114268584e+01
6.277255451090218e+00,2.164809958202697e+01
6.279255851170234e+00,2.164907752777353e+01
6.281256251250250e+00,2.165005498034855e+01
6.283256651330266e+00,2.165103194017507e+01
6.285257051410282e+00,2.165200840762632e+01
6.287257451490298e+00,2.165298438315023e+01
6.289257851570314e+00,2.165395986712004e+01
6.291258251650330e+00,2.165493485995879e+01
6.293258651730346e+00,2.165590936208949e+01
6.295259051810362e+00,2.165688337388541e+01
6.297259451890378e+00,2.165785689574468e+01
6.299259851970394e+00,2.165882992811520e+01
6.301260252050410e+00,2.165980247137025e+01
6.303260652130426e+00,2.166077452593284e+01
6.305261052210442e+00,2.166174609217623e+01
6.307261452290458e+00,2.166271717052344e+01
6.309261852370474e+00,2.166368776137261e+01
6.311262252450490e+00,2.166465786514678e+01
6.313262652530506e+00,2.166562748221918e+01
6.315263052610522e+00,2.166659661298797e+01
6.317263452690538e+00,2.166756525787617e+01
6.319263852770554e+00,2.166853341725703e+01
6.321264252850570e+00,2.166950109155359e+01
6.323264652930586e+00,2.167046828116397e+01
6.325265053010602e+00,2.167143498648632e+01
6.327265453090618e+00,2.167240120791879e+01
6.329265853170634e+00,2.167336694583462e+01
6.331266253250650e+00,2.167433220065684e+01
6.333266653330666e+00,2.167529697275871e+01
6.335267053410682e+00,2.167626126256325e+01
6.337267453490698e+00,2.167722507046861e+01
6.339267853570714e+00,2.167818839684803e+01
6.341268253650730e+00,2.167915124212455e+01
6.343268653730746e+00,2.168011360664653e+01
6.345269053810762e+00,2.168107549086189e+01
6.347269453890778e+00,2.168203689511899e+01
6.349269853970794e+00,2.168299781984087e+01
6.351270254050810e+00,2.168395826540077e+01
6.353270654130826e+00,2.168491823222173e+01
6.355271054210842e+00,2.168587772065211e+01
6.357271454290858e+00,2.168683673111494e+01
6.359271854370874e+00,2.168779526398347e+01
6.361272254450890e+00,2.168875331968074e+01
6.363272654530906e+00,2.168971089855511e+01
6.365273054610922e+00,2.169066800102960e+01
6.367273454690938e+00,2.169162462745259e+01
6.369273854770954e+00,2.169258077824711e+01
6.371274254850970e+00,2.169353645381130e+01
6.373274654930986e+00,2.169449165449351e+01
6.375275055011002e+00,2.169544638071680e+01
6.377275455091018e+00,2.169640063285440e+01
6.379275855171034e+00,2.169735441130445e+01
6.381276255251050e+00,2.169830771641534e+01
6.383276655331066e+00,2.169926054861008e+01
6.385277055411082e+00,2.170021290826194e+01
6.387277455491098e+00,2.170116479576905e+01
6.389277855571114e+00,2.170211621150467e+01
6.391278255651130e+00,2.170306715584205e+01
6.393278655731146e+00,2.170401762915445e+01
6.395279055811162e+00,2.170496763186490e+01
6.397279455891178e+00,2.170591716434666e+01
6.399279855971194e+00,2.170686622697297e+01
6.401280256051210e+00,2.170781482011710e+01
6.403280656131226e+00,2.170876294415230e+01
6.405281056211242e+00,2.170971059950161e+01
6.407281456291258e+00,2.171065778651338e+01
6.409281856371274e+00,2.171160450556087e+01
6.411282256451290e+00,2.171255075704224e+01
6.413282656531306e+00,2.171349654133073e+01
6.415283056611322e+00,2.171444185882448e+01
6.417283456691338e+00,2.171538670987186e+01
6.419283856771354e+00,2.171633109487103e+01
6.421284256851370e+00,2.171727501417035e+01
6.423284656931386e+00,2.171821846816795e+01
6.425285057011402e+00,2.171916145726199e+01
6.427285457091418e+00,2.172010398180083e+01
6.429285857171434e+00,2.172104604215773e+01
6.431286257251450e+00,2.172198763873084e+01
6.433286657331466e+00,2.172292877186851e+01
6.435287057411482e+00,2.172386944196890e+01
6.437287457491498e+00,2.172480964940526e+01
6.439287857571514e+00,2.172574939452597e+01
6.441288257651530e+00,2.172668867772915e+01
6.443288657731546e+00,2.172762749938808e+01
6.445289057811562e+00,2.172856585985113e+01
6.447289457891578e+00,2.172950375951642e+01
6.449289857971594e+00,2.173044119873234e+01
6.451290258051610e+00,2.173137817789704e+01
6.453290658131627e+00,2.173231469735886e+01
6.455291058211643e+00,2.173325075751597e+01
6.457291458291659e+00,2.173418635871674e+01
6.459291858371675e+00,2.173512150130952e+01
6.461292258451691e+00,2.173605618571736e+01
6.463292658531707e+00,2.173699041226374e+01
6.465293058611723e+00,2.173792418132192e+01
6.467293458691739e+00,2.173885749329003e+01
6.469293858771755e+00,2.173979034851645e+01
6.471294258851771e+00,2.174072274737443e+01
6.473294658931787e+00,2.174165469021236e+01
6.475295059011803e+00,2.174258617742836e+01
6.477295459091819e+00,2.174351720934593e+01
6.479295859171835e+00,2.174444778636321e+01
6.481296259251851e+00,2.174537790885346e+01
6.483296659331867e+00,2.174630757714015e+01
6.485297059411883e+00,2.174723679162145e+01
6.487297459491899e+00,2.174816555267059e+01
6.489297859571915e+00,2.174909386061108e+01
6.491298259651931e+00,2.175002171584104e+01
6.493298659731947e+00,2.175094911870886e+01
6.495299059811963e+00,2.175187606956291e+01
6.497299459891979e+00,2.175280256880132e+01
6.499299859971995e+00,2.175372861674759e+01
6.501300260052011e+00,2.175465421379985e+01
6.503300660132027e+00,2.175557936028160e+01
6.505301060212043e+00,2.175650405656609e+01
6.507301460292059e+00,2.175742830302658e+01
6.509301860372075e+00,2.175835210003633e+01
6.511302260452091e+00,2.175927544789393e+01
6.513302660532107e+00,2.176019834702243e+01
6.515303060612123e+00,2.176112079774529e+01
6.517303460692139e+00,2.176204280043579e+01
6.519303860772155e+00,2.176296435544229e+01
6.521304260852171e+00,2.176388546313804e+01
6.523304660932187e+00,2.176480612384655e+01
6.525305061012203e+00,2.176572633794106e+01
6.527305461092219e+00,2.176664610579484e+01
6.529305861172235e+00,2.176756542775625e+01
6.531306261252251e+00,2.176848430417366e+01
6.533306661332267e+00,2.176940273539546e+01
6.535307061412283e+00,2.177032072177002e+01
6.537307461492299e+00,2.177123826367058e+01
6.539307861572315e+00,2.177215536147041e+01
6.541308261652331e+00,2.177307201546811e+01
6.543308661732347e+00,2.177398822606182e+01
6.545309061812363e+00,2.177490399357504e+01
6.547309461892379e+00,2.177581931838101e+01
6.549309861972395e+00,2.177673420082812e+01
6.551310262052411e+00,2.177764864123984e+01
6.553310662132427e+00,2.177856264001433e+01
6.555311062212443e+00,2.177947619747506e+01
6.557311462292459e+00,2.178038931397042e+01
6.559311862372475e+00,2.178130198984877e+01
6.561312262452491e+00,2.178221422548338e+01
6.563312662532507e+00,2.178312602119772e+01
6.565313062612523e+00,2.178403737734018e+01
6.567313462692539e+00,2.178494829425913e+01
6.569313862772555e+00,2.178585877232782e+01
6.571314262852571e+00,2.178676881186975e+01
6.573314662932587e+00,2.178767841325816e+01
6.575315063012603e+00,2.178858757679166e+01
6.577315463092619e+00,2.178949630286840e+01
6.579315863172635e+00,2.179040459178698e+01
6.581316263252651e+00,2.179131244394555e+01
6.583316663332667e+00,2.179221985964269e+01
6.585317063412683e+00,2.179312683925168e+01
6.587317463492699e+00,2.179403338309600e+01
6.589317863572715e+00,2.179493949152403e+01
6.591318263652731e+00,2.179584516490902e+01
6.593318663732747e+00,2.179675040357445e+01
6.595319063812763e+00,2.179765520784383e+01
6.597319463892779e+00,2.179855957809040e+01
6.599319863972795e+00,2.179946351461277e+01
6.601320264052810e+00,2.180036701780909e+01
6.603320664132826e+00,2.180127008800283e+01
6.605321064212842e+00,2.180217272549261e+01
6.607321464292858e+00,2.180307493067657e+01
6.609321864372874e+00,2.180397670387819e+01
6.611322264452890e+00,2.180487804542097e+01
6.613322664532906e+00,2.180577895565327e+01
6.615323064612922e+00,2.180667943492347e+01
6.617323464692938e+00,2.180757948355507e+01
6.619323864772954e+00,2.180847910189642e+01
6.621324264852970e+00,2.180937829029591e+01
6.623324664932986e+00,2.181027704905214e+01
6.625325065013002e+00,2.181117537856325e+01
6.627325465093018e+00,2.181207327910296e+01
6.629325865173034e+00,2.181297075104453e+01
6.631326265253050e+00,2.181386779473634e+01
6.633326665333066e+00,2.181476441047698e+01
6.635327065413082e+00,2.181566059861483e+01
6.637327465493098e+00,2.181655635949826e+01
6.639327865573114e+00,2.181745169345076e+01
6.641328265653130e+00,2.181834660082071e+01
6.643328665733146e+00,2.181924108193159e+01
6.645329065813162e+00,2.182013513710689e+01
6.647329465893178e+00,2.182102876669499e+01
6.649329865973194e+00,2.182192197104426e+01
6.651330266053210e+00,2.182281475045330e+01
6.653330666133226e+00,2.182370710527049e+01
6.655331066213242e+00,2.182459903581931e+01
6.657331466293258e+00,2.182549054242326e+01
6.659331866373274e+00,2.182638162545559e+01
6.661332266453290e+00,2.182727228521491e+01
6.663332666533306e+00,2.182816252204958e+01
6.665333066613322e+00,2.182905233625822e+01
6.667333466693338e+00,2.182994172818920e+01
6.669333866773354e+00,2.183083069819089e+01
6.671334266853370e+00,2.183171924656189e+01
6.673334666933386e+00,2.183260737362570e+01
6.675335067013402e+00,2.183349507975557e+01
6.677335467093418e+00,2.183438236525011e+01
6.679335867173434e+00,2.183526923043280e+01
6.681336267253450e+00,2.183615567562714e+01
6.683336667333466e+00,2.183704170120637e+01
6.685337067413482e+00,2.183792730741935e+01
6.687337467493498e+00,2.183881249466421e+01
6.689337867573514e+00,2.183969726321467e+01
6.691338267653530e+00,2.184058161344398e+01
6.693338667733546e+00,2.184146554562588e+01
6.695339067813562e+00,2.184234906013361e+01
6.697339467893578e+00,2.184323215726578e+01
6.699339867973594e+00,2.184411483732100e+01
6.701340268053610e+00,2.184499710069741e+01
6.703340668133627e+00,2.184587894764384e+01
6.705341068213643e+00,2.184676037853356e+01
6.707341468293659e+00,2.184764139364027e+01
6.709341868373675e+00,2.184852199333725e+01
6.711342268453691e+00,2.184940217792309e+01
6.713342668533707e+00,2.185028194772128e+01
6.715343068613723e+00,2.185116130305532e+01
6.717343468693739e+00,2.185204024422380e+01
6.719343868773755e+00,2.185291877159999e+01
6.721344268853771e+00,2.185379688543272e+01
6.723344668933787e+00,2.185467458612014e+01
6.725345069013803e+00,2.185555187391108e+01
6.727345469093819e+00,2.185642874917879e+01
6.729345869173835e+00,2.185730521222188e+01
6.731346269253851e+00,2.185818126333897e+01
6.733346669333867e+00,2.185905690287841e+01
6.735347069413883e+00,2.185993213116371e+01
6.737347469493899e+00,2.186080694846857e+01
6.739347869573915e+00,2.186168135514139e+01
6.741348269653931e+00,2.186255535150563e+01
6.743348669733947e+00,2.186342893785991e+01
6.745349069813963e+00,2.186430211455260e+01
6.747349469893979e+00,2.186517488185743e+01
6.749349869973995e+00,2.186604724009788e+01
6.751350270054011e+00,2.186691918959744e+01
6.753350670134027e+00,2.186779073067960e+01
6.755351070214043e+00,2.186866186366785e+01
6.757351470294059e+00,2.186953258883591e+01
6.759351870374075e+00,2.187040290653216e+01
6.761352270454091e+00,2.187127281708007e+01
6.763352670534107e+00,2.187214232075339e+01
6.765353070614123e+00,2.187301141787558e+01
6.767353470694139e+00,2.187388010879503e+01
6.769353870774155e+00,2.187474839378546e+01
6.771354270854171e+00,2.187561627317035e+01
6.773354670934187e+00,2.187648374724832e+01
6.775355071014203e+00,2.187735081636774e+01
6.777355471094219e+00,2.187821748080232e+01
6.779355871174235e+00,2.187908374087555e+01
6.781356271254251e+00,2.187994959691093e+01
6.783356671334267e+00,2.188081504920706e+01
6.785357071414283e+00,2.188168009806255e+01
6.787357471494299e+00,2.188254474380087e+01
6.789357871574315e+00,2.188340898672065e+01
6.791358271654331e+00,2.188427282714537e+01
6.793358671734347e+00,2.188513626537363e+01
6.795359071814363e+00,2.188599930172893e+01
6.797359471894379e+00,2.188686193648498e+01
6.799359871974395e+00,2.188772416999015e+01
6.801360272054411e+00,2.188858600251818e+01
6.803360672134427e+00,2.188944743436766e+01
6.805361072214443e+00,2.189030846588697e+01
6.807361472294459e+00,2.189116909734982e+01
6.809361872374475e+00,2.189202932910460e+01
6.811362272454491e+00,2.189288916140014e+01
6.813362672534507e+00,2.189374859455992e+01
6.815363072614523e+00,2.189460762890744e+01
6.817363472694539e+00,2.189546626471643e+01
6.819363872774555e+00,2.189632450233524e+01
6.821364272854571e+00,2.189718234201272e+01
6.823364672934587e+00,2.189803978409725e+01
6.825365073014603e+00,2.189889682888742e+01
6.827365473094619e+00,2.189975347665696e+01
6.829365873174635e+00,2.190060972772936e+01
6.831366273254651e+00,2.190146558240323e+01
6.833366673334667e+00,2.190232104097716e+01
6.835367073414683e+00,2.190317610377465e+01
6.837367473494699e+00,2.190403077106942e+01
6.839367873574715e+00,2.190488504316008e+01
6.841368273654731e+00,2.190573892037010e+01
6.843368673734747e+00,2.190659240297323e+01
6.845369073814763e+00,2.190744549129294e+01
6.847369473894779e+00,2.190829818562784e+01
6.849369873974795e+00,2.190915048627653e+01
6.851370274054811e+00,2.191000239351274e+01
6.853370674134827e+00,2.191085390765996e+01
6.855371074214843e+00,2.191170502901679e+01
6.857371474294859e+00,2.191255575788183e+01
6.859371874374875e+00,2.191340609452881e+01
6.861372274454891e+00,2.191425603928122e+01
6.863372674534907e+00,2.191510559241278e+01
6.865373074614923e+00,2.191595475424697e+01
6.867373474694939e+00,2.191680352508241e+01
6.869373874774955e+00,2.191765190516793e+01
6.871374274854971e+00,2.191849989485189e+01
6.873374674934987e+00,2.191934749443293e+01
6.875375075015003e+00,2.192019470415985e+01
6.877375475095019e+00,2.192104152435616e+01
6.879375875175035e+00,2.192188795529558e+01
6.881376275255051e+00,2.192273399730160e+01
6.883376675335067e+00,2.192357965067281e+01
6.885377075415083e+00,2.192442491565807e+01
6.887377475495099e+00,2.192526979260574e+01
6.889377875575115e+00,2.192611428176465e+01
6.891378275655131e+00,2.192695838343342e+01
6.893378675735147e+00,2.192780209793554e+01
6.895379075815163e+00,2.192864542554472e+01
6.897379475895179e+00,2.192948836653469e+01
6.899379875975195e+00,2.193033092122894e+01
6.901380276055211e+00,2.193117308990118e+01
6.903380676135227e+00,2.193201487285003e+01
6.905381076215243e+00,2.193285627034919e+01
6.907381476295259e+00,2.193369728272218e+01
6.909381876375275e+00,2.193453791021782e+01
6.911382276455291e+00,2.193537815315959e+01
6.913382676535307e+00,2.193621801179635e+01
6.915383076615323e+00,2.193705748647645e+01
6.917383476695339e+00,2.193789657744875e+01
6.919383876775355e+00,2.193873528498695e+01
6.921384276855371e+00,2.193957360943944e+01
6.923384676935387e+00,2.194041155103017e+01
6.925385077015403e+00,2.194124911008262e+01
6.927385477095419e+00,2.194208628687052e+01
6.929385877175435e+00,2.194292308169247e+01
6.931386277255451e+00,2.194375949482220e+01
6.933386677335467e+00,2.194459552655831e+01
6.935387077415483e+00,2.194543117717452e+01
6.937387477495499e+00,2.194626644696943e+01
6.939387877575515e+00,2.194710133621678e+01
6.941388277655531e+00,2.194793584521516e+01
6.943388677735547e+00,2.194876997423829e+01
6.945389077815563e+00,2.194960372358478e+01
6.947389477895579e+00,2.195043709350347e+01
6.949389877975595e+00,2.195127008431785e+01
6.951390278055611e+00,2.195210269630164e+01
6.953390678135627e+00,2.195293492972856e+01
6.955391078215643e+00,2.195376678489721e+01
6.957391478295659e+00,2.195459826205644e+01
6.959391878375675e+00,2.195542936152972e+01
6.961392278455691e+00,2.195626008359080e+01
6.963392678535707e+00,2.195709042851338e+01
6.965393078615723e+00,2.195792039657118e+01
6.967393478695739e+00,2.195874998803794e+01
6.969393878775755e+00,2.195957920323713e+01
6.971394278855771e+00,2.196040804241760e+01
6.973394678935787e+00,2.196123650585306e+01
6.975395079015803e+00,2.196206459386701e+01
6.977395479095819e+00,2.196289230668340e+01
6.979395879175835e+00,2.196371964460084e+01
6.981396279255851e+00,2.196454660791792e+01
6.983396679335867e+00,2.196537319690838e+01
6.985397079415884e+00,2.196619941184593e+01
6.987397479495900e+00,2.196702525300430e+01
6.989397879575916e+00,2.196785072065720e+01
6.991398279655932e+00,2.196867581510325e+01
6.993398679735948e+00,2.196950053659127e+01
6.995399079815964e+00,2.197032488541988e+01
6.997399479895980e+00,2.197114886186280e+01
6.999399879975996e+00,2.197197246619374e+01
7.001400280056012e+00,2.197279569868643e+01
7.003400680136028e+00,2.197361855963948e+01
7.005401080216044e+00,2.197444104930172e+01
7.007401480296060e+00,2.197526316794688e+01
7.009401880376076e+00,2.197608491587356e+01
7.011402280456092e+00,2.197690629333059e+01
7.013402680536108e+00,2.197772730061658e+01
7.015403080616124e+00,2.197854793800526e+01
7.017403480696140e+00,2.197936820574546e+01
7.019403880776156e+00,2.198018810413579e+01
7.021404280856172e+00,2.198100763344997e+01
7.023404680936188e+00,2.198182679396171e+01
7.025405081016204e+00,2.198264558591987e+01
7.027405481096220e+00,2.198346400959815e+01
7.029405881176236e+00,2.198428206532005e+01
7.031406281256252e+00,2.198509975330953e+01
7.033406681336268e+00,2.198591707384029e+01
7.035407081416284e+00,2.198673402721096e+01
7.037407481496300e+00,2.198755061367037e+01
7.039407881576316e+00,2.198836683349223e+01
7.041408281656332e+00,2.198918268695027e+01
7.043408681736348e+00,2.198999817431822e+01
7.045409081816364e+00,2.199081329586979e+01
7.047409481896380e+00,2.199162805187870e+01
7.049409881976396e+00,2.199244244259379e+01
7.051410282056412e+00,2.199325646831368e+01
7.053410682136428e+00,2.199407012928719e+01
7.055411082216444e+00,2.199488342576316e+01
7.057411482296459e+00,2.199569635806508e+01
7.059411882376475e+00,2.199650892641691e+01
7.061412282456491e+00,2.199732113111725e+01
7.063412682536507e+00,2.199813297239006e+01
7.065413082616523e+00,2.199894445055882e+01
7.067413482696539e+00,2.199975556584749e+01
7.069413882776555e+00,2.200056631852979e+01
7.071414282856571e+00,2.200137670890433e+01
7.073414682936587e+00,2.200218673719505e+01
7.075415083016603e+00,2.200299640370057e+01
7.077415483096619e+00,2.200380570866973e+01
7.079415883176635e+00,2.200461465237623e+01
7.081416283256651e+00,2.200542323509382e+01
7.083416683336667e+00,2.200623145704643e+01
7.085417083416683e+00,2.200703931855756e+01
7.087417483496699e+00,2.200784681985116e+01
7.089417883576715e+00,2.200865396120096e+01
7.091418283656731e+00,2.200946074288067e+01
7.093418683736747e+00,2.201026716513913e+01
7.095419083816763e+00,2.201107322825007e+01
7.097419483896779e+00,2.201187893248721e+01
7.099419883976795e+00,2.201268427807450e+01
7.101420284056811e+00,2.201348926531054e+01
7.103420684136827e+00,2.201429389446906e+01
7.105421084216843e+00,2.201509816577401e+01
7.107421484296859e+00,2.201590207949911e+01
7.109421884376875e+00,2.201670563591809e+01
7.111422284456891e+00,2.201750883530466e+01
7.113422684536907e+00,2.201831167788279e+01
7.115423084616923e+00,2.201911416392618e+01
7.117423484696939e+00,2.201991629370857e+01
7.119423884776955e+00,2.202071806750367e+01
7.121424284856971e+00,2.202151948553544e+01
7.123424684936987e+00,2.202232054807760e+01
7.125425085017003e+00,2.202312125537899e+01
7.127425485097019e+00,2.202392160773821e+01
7.129425885177035e+00,2.202472160537921e+01
7.131426285257051e+00,2.202552124855084e+01
7.133426685337067e+00,2.202632053755170e+01
7.135427085417083e+00,2.202711947260575e+01
7.137427485497099e+00,2.202791805401158e+01
7.139427885577115e+00,2.202871628196828e+01
7.141428285657131e+00,2.202951415677443e+01
7.143428685737147e+00,2.203031167867889e+01
7.145429085817163e+00,2.203110884793049e+01
7.147429485897179e+00,2.203190566480296e+01
7.149429885977195e+00,2.203270212954512e+01
7.151430286057211e+00,2.203349824240582e+01
7.153430686137227e+00,2.203429400363389e+01
7.155431086217243e+00,2.203508941352794e+01
7.157431486297259e+00,2.203588447228704e+01
7.159431886377275e+00,2.203667918018492e+01
7.161432286457291e+00,2.203747353749529e+01
7.163432686537307e+00,2.203826754446699e+01
7.165433086617323e+00,2.203906120134886e+01
7.167433486697339e+00,2.203985450838974e+01
7.169433886777355e+00,2.204064746583846e+01
7.171434286857371e+00,2.204144007396874e+01
7.173434686937387e+00,2.204223233302944e+01
7.175435087017403e+00,2.204302424326937e+01
7.177435487097419e+00,2.204381580491249e+01
7.179435887177435e+00,2.204460701825742e+01
7.181436287257451e+00,2.204539788355299e+01
7.183436687337467e+00,2.204618840102315e+01
7.185437087417483e+00,2.204697857094162e+01
7.187437487497499e+00,2.204776839353236e+01
7.189437887577515e+00,2.204855786906909e+01
7.191438287657531e+00,2.204934699782553e+01
7.193438687737547e+00,2.205013578000076e+01
7.195439087817563e+00,2.205092421586848e+01
7.197439487897579e+00,2.205171230570243e+01
7.199439887977595e+00,2.205250004972656e+01
7.201440288057611e+00,2.205328744818971e+01
7.203440688137627e+00,2.205407450134070e+01
7.205441088217643e+00,2.205486120945328e+01
7.207441488297659e+00,2.205564757275138e+01
7.209441888377675e+00,2.205643359150873e+01
7.211442288457691e+00,2.205721926594929e+01
7.213442688537707e+00,2.205800459632189e+01
7.215443088617723e+00,2.205878958287537e+01
7.217443488697739e+00,2.205957422588346e+01
7.219443888777755e+00,2.206035852554521e+01
7.221444288857771e+00,2.206114248215924e+01
7.223444688937787e+00,2.206192609594951e+01
7.225445089017803e+00,2.206270936716484e+01
7.227445489097819e+00,2.206349229605408e+01
7.229445889177835e+00,2.206427488286606e+01
7.231446289257851e+00,2.206505712784962e+01
7.233446689337867e+00,2.206583903122873e+01
7.235447089417884e+00,2.206662059325220e+01
7.237447489497900e+00,2.206740181419378e+01
7.239447889577916e+00,2.206818269427740e+01
7.241448289657932e+00,2.206896323375191e+01
7.243448689737948e+00,2.206974343284125e+01
7.245449089817964e+00,2.207052329184405e+01
7.247449489897980e+00,2.207130281095936e+01
7.249449889977996e+00,2.207208199043603e+01
7.251450290058012e+00,2.207286083052289e+01
7.253450690138028e+00,2.207363933146878e+01
7.255451090218044e+00,2.207441749352254e+01
7.257451490298060e+00,2.207519531690811e+01
7.259451890378076e+00,2.207597280189924e+01
7.261452290458092e+00,2.207674994869497e+01
7.263452690538108e+00,2.207752675756904e+01
7.265453090618124e+00,2.207830322874540e+01
7.267453490698140e+00,2.207907936247289e+01
7.269453890778156e+00,2.207985515900034e+01
7.271454290858172e+00,2.208063061857659e+01
7.273454690938188e+00,2.208140574140072e+01
7.275455091018204e+00,2.208218052777132e+01
7.277455491098220e+00,2.208295497788747e+01
7.279455891178236e+00,2.208372909199801e+01
7.281456291258252e+00,2.208450287035176e+01
7.283456691338268e+00,2.208527631319759e+01
7.285457091418284e+00,2.208604942073454e+01
7.287457491498300e+00,2.208682219326123e+01
7.289457891578316e+00,2.208759463095184e+01
7.291458291658332e+00,2.208836673410498e+01
7.293458691738348e+00,2.208913850291972e+01
7.295459091818364e+00,2.208990993764489e+01
7.297459491898380e+00,2.209068103852934e+01
7.299459891978396e+00,2.209145180579702e+01
7.301460292058412e+00,2.209222223969676e+01
7.303460692138428e+00,2.209299234045252e+01
7.305461092218444e+00,2.209376210831314e+01
7.307461492298460e+00,2.209453154352746e+01
7.309461892378476e+00,2.209530064629454e+01
7.311462292458492e+00,2.209606941688811e+01
7.313462692538508e+00,2.209683785550723e+01
7.315463092618524e+00,2.209760596242564e+01
7.317463492698540e+00,2.209837373786727e+01
7.319463892778556e+00,2.209914118208098e+01
7.321464292858572e+00,2.209990829526583e+01
7.323464692938588e+00,2.210067507767065e+01
7.325465093018604e+00,2.210144152954429e+01
7.327465493098620e+00,2.210220765113559e+01
7.329465893178636e+00,2.210297344261873e+01
7.331466293258652e+00,2.210373890429231e+01
7.333466693338668e+00,2.210450403635540e+01
7.335467093418684e+00,2.210526883905685e+01
7.337467493498700e+00,2.210603331262061e+01
7.339467893578716e+00,2.210679745729552e+01
7.341468293658732e+00,2.210756127330552e+01
7.343468693738748e+00,2.210832476084969e+01
7.345469093818764e+00,2.210908792022664e+01
7.347469493898780e+00,2.210985075161055e+01
7.349469893978796e+00,2.211061325527514e+01
7.351470294058812e+00,2.211137543141949e+01
7.353470694138828e+00,2.211213728029242e+01
7.355471094218844e+00,2.211289880211790e+01
7.357471494298860e+00,2.211365999714476e+01
7.359471894378876e+00,2.211442086559696e+01
7.361472294458892e+00,2.211518140769845e+01
7.363472694538908e+00,2.211594162367318e+01
7.365473094618924e+00,2.211670151377000e+01
7.367473494698940e+00,2.211746107818797e+01
7.369473894778956e+00,2.211822031720081e+01
7.371474294858972e+00,2.211897923100759e+01
7.373474694938988e+00,2.211973781983227e+01
7.375475095019004e+00,2.212049608394858e+01
7.377475495099020e+00,2.212125402353069e+01
7.379475895179036e+00,2.212201163882744e+01
7.381476295259052e+00,2.212276893008767e+01
7.383476695339068e+00,2.212352589751045e+01
7.385477095419084e+00,2.212428254134463e+01
7.387477495499100e+00,2.212503886181415e+01
7.389477895579116e+00,2.212579485914296e+01
7.391478295659132e+00,2.212655053353015e+01
7.393478695739148e+00,2.212730588527430e+01
7.395479095819164e+00,2.212806091452473e+01
7.397479495899180e+00,2.212881562155516e+01
7.399479895979196e+00,2.212957000658954e+01
7.401480296059212e+00,2.213032406982694e+01
7.403480696139228e+00,2.213107781151620e+01
7.405481096219244e+00,2.213183123188127e+01
7.407481496299260e+00,2.213258433114611e+01
7.409481896379276e+00,2.213333710953467e+01
7.411482296459292e+00,2.213408956727091e+01
7.413482696539308e+00,2.213484170460365e+01
7.415483096619324e+00,2.213559352170710e+01
7.417483496699340e+00,2.213634501883008e+01
7.419483896779356e+00,2.213709619622144e+01
7.421484296859372e+00,2.213784705408024e+01
7.423484696939388e+00,2.213859759263044e+01
7.425485097019404e+00,2.213934781209599e+01
7.427485497099420e+00,2.214009771270086e+01
7.429485897179436e+00,2.214084729469386e+01
7.431486297259452e+00,2.214159655824920e+01
7.433486697339468e+00,2.214234550364058e+01
7.435487097419484e+00,2.214309413104221e+01
7.437487497499500e+00,2.214384244072780e+01
7.439487897579516e+00,2.214459043287153e+01
7.441488297659532e+00,2.214533810772225e+01
7.443488697739548e+00,2.214608546550390e+01
7.445489097819564e+00,2.214683250644045e+01
7.447489497899580e+00,2.214757923073097e+01
7.449489897979596e+00,2.214832563859939e+01
7.451490298059612e+00,2.214907173029458e+01
7.453490698139628e+00,2.214981750601558e+01
7.455491098219644e+00,2.215056296598637e+01
7.457491498299660e+00,2.215130811040600e+01
7.459491898379676e+00,2.215205293954821e+01
7.461492298459692e+00,2.215279745358717e+01
7.463492698539708e+00,2.215354165274684e+01
7.465493098619724e+00,2.215428553725117e+01
7.467493498699740e+00,2.215502910734901e+01
7.469493898779756e+00,2.215577236321454e+01
7.471494298859772e+00,2.215651530509659e+01
7.473494698939788e+00,2.215725793319424e+01
7.475495099019804e+00,2.215800024773144e+01
7.477495499099820e+00,2.215874224893215e+01
7.479495899179836e+00,2.215948393702032e+01
7.481496299259852e+00,2.216022531221989e+01
7.483496699339868e+00,2.216096637470507e+01
7.485497099419884e+00,2.216170712472468e+01
7.487497499499900e+00,2.216244756250269e+01
7.489497899579916e+00,2.216318768826304e+01
7.491498299659932e+00,2.216392750217992e+01
7.493498699739948e+00,2.216466700450216e+01
7.495499099819964e+00,2.216540619545374e+01
7.497499499899980e+00,2.216614507520882e+01
7.499499899979996e+00,2.216688364404113e+01
7.501500300060012e+00,2.216762190212486e+01
7.503500700140028e+00,2.216835984968396e+01
7.505501100220044e+00,2.216909748691750e+01
7.507501500300060e+00,2.216983481409921e+01
7.509501900380076e+00,2.217057183137838e+01
7.511502300460092e+00,2.217130853900385e+01
7.513502700540108e+00,2.217204493717470e+01
7.515503100620124e+00,2.217278102611487e+01
7.517503500700140e+00,2.217351680604833e+01
7.519503900780156e+00,2.217425227714926e+01
7.521504300860172e+00,2.217498743969137e+01
7.523504700940188e+00,2.217572229382398e+01
7.525505101020204e+00,2.217645683982080e+01
7.527505501100220e+00,2.217719107783113e+01
7.529505901180236e+00,2.217792500812871e+01
7.531506301260252e+00,2.217865863088771e+01
7.533506701340268e+00,2.217939194633208e+01
7.535507101420284e+00,2.218012495468579e+01
7.537507501500300e+00,2.218085765614790e+01
7.539507901580316e+00,2.218159005091749e+01
7.541508301660332e+00,2.218232213921850e+01
7.543508701740348e+00,2.218305392127489e+01
7.545509101820364e+00,2.218378539728573e+01
7.547509501900380e+00,2.218451656747498e+01
7.549509901980396e+00,2.218524743201682e+01
7.551510302060412e+00,2.218597799116008e+01
7.553510702140428e+00,2.218670824510385e+01
7.555511102220444e+00,2.218743819404718e+01
7.557511502300460e+00,2.218816783821404e+01
7.559511902380476e+00,2.218889717780349e+01
7.561512302460492e+00,2.218962621303950e+01
7.563512702540508e+00,2.219035494412111e+01
7.565513102620524e+00,2.219108337124742e+01
7.567513502700540e+00,2.219181149464236e+01
7.569513902780556e+00,2.219253931450502e+01
7.571514302860572e+00,2.219326683105935e+01
7.573514702940588e+00,2.219399404450441e+01
7.575515103020604e+00,2.219472095503928e+01
7.577515503100620e+00,2.219544756288791e+01
7.579515903180636e+00,2.219617386824936e+01
7.581516303260652e+00,2.219689987134761e+01
7.583516703340668e+00,2.219762557235682e+01
7.585517103420684e+00,2.219835097150096e+01
7.587517503500700e+00,2.219907606900398e+01
7.589517903580716e+00,2.219980086504006e+01
7.591518303660732e+00,2.220052535985805e+01
7.593518703740748e+00,2.220124955360724e+01
7.595519103820764e+00,2.220197344653648e+01
7.597519503900780e+00,2.220269703884483e+01
7.599519903980796e+00,2.220342033073136e+01
7.601520304060812e+00,2.220414332242003e+01
7.603520704140828e+00,2.220486601408503e+01
7.605521104220844e+00,2.220558840595031e+01
7.607521504300860e+00,2.220631049821493e+01
7.609521904380876e+00,2.220703229110285e+01
7.611522304460892e+00,2.220775378478827e+01
7.613522704540908e+00,2.220847497947024e+01
7.615523104620924e+00,2.220919587539761e+01
7.617523504700940e+00,2.220991647274456e+01
7.619523904780956e+00,2.221063677173506e+01
7.621524304860972e+00,2.221135677254327e+01
7.623524704940988e+00,2.221207647536828e+01
7.625525105021004e+00,2.221279588045892e+01
7.627525505101020e+00,2.221351498798938e+01
7.629525905181036e+00,2.221423379815872e+01
7.631526305261052e+00,2.221495231116603e+01
7.633526705341068e+00,2.221567052723525e+01
7.635527105421084e+00,2.221638844654056e+01
7.637527505501100e+00,2.221710606933081e+01
7.639527905581116e+00,2.221782339575531e+01
7.641528305661132e+00,2.221854042603799e+01
7.643528705741148e+00,2.221925716037794e+01
7.645529105821164e+00,2.221997359897422e+01
7.647529505901180e+00,2.222068974205079e+01
7.649529905981196e+00,2.222140558978184e+01
7.651530306061212e+00,2.222212114236643e+01
7.653530706141228e+00,2.222283640002851e+01
7.655531106221244e+00,2.222355136296717e+01
7.657531506301260e+00,2.222426603135658e+01
7.659531906381276e+00,2.222498040539581e+01
7.661532306461292e+00,2.222569448533371e+01
7.663532706541308e+00,2.222640827129469e+01
7.665533106621324e+00,2.222712176355247e+01
7.667533506701340e+00,2.222783496225636e+01
7.669533906781356e+00,2.222854786763031e+01
7.671534306861372e+00,2.222926047987339e+01
7.673534706941388e+00,2.222997279915978e+01
7.675535107021404e+00,2.223068482571345e+01
7.677535507101420e+00,2.223139655973345e+01
7.679535907181436e+00,2.223210800139398e+01
7.681536307261452e+00,2.223281915091900e+01
7.683536707341468e+00,2.223353000848268e+01
7.685537107421484e+00,2.223424057428410e+01
7.687537507501500e+00,2.223495084854721e+01
7.689537907581516e+00,2.223566083147108e+01
7.691538307661532e+00,2.223637052320502e+01
7.693538707741548e+00,2.223707992399786e+01
7.695539107821564e+00,2.223778903399890e+01
7.697539507901580e+00,2.223849785345699e+01
7.699539907981596e+00,2.223920638252142e+01
7.701540308061612e+00,2.223991462141615e+01
7.703540708141628e+00,2.224062257034025e+01
7.705541108221644e+00,2.224133022946791e+01
7.707541508301660e+00,2.224203759899819e+01
7.709541908381676e+00,2.224274467915505e+01
7.711542308461692e+00,2.224345147008779e+01
7.713542708541708e+00,2.224415797202038e+01
7.715543108621724e+00,2.224486418515187e+01
7.717543508701740e+00,2.224557010968133e+01
7.719543908781756e+00,2.224627574575808e+01
7.721544308861772e+00,2.224698109363094e+01
7.723544708941788e+00,2.224768615347411e+01
7.725545109021804e+00,2.224839092546177e+01
7.727545509101820e+00,2.224909540981787e+01
7.729545909181836e+00,2.224979960671660e+01
7.731546309261852e+00,2.225050351635703e+01
7.733546709341868e+00,2.225120713893824e+01
7.735547109421884e+00,2.225191047465928e+01
7.737547509501900e+00,2.225261352369436e+01
7.739547909581916e+00,2.225331628624253e+01
7.741548309661932e+00,2.225401876247798e+01
7.743548709741948e+00,2.225472095262468e+01
7.745549109821964e+00,2.225542285688168e+01
7.747549509901980e+00,2.225612447539829e+01
7.749549909981996e+00,2.225682580839847e+01
7.751550310062012e+00,2.225752685605640e+01
7.753550710142028e+00,2.225822761859604e+01
7.755551110222044e+00,2.225892809616668e+01
7.757551510302060e+00,2.225962828896741e+01
7.759551910382076e+00,2.226032819722217e+01
7.761552310462092e+00,2.226102782108025e+01
7.763552710542108e+00,2.226172716076563e+01
7.765553110622124e+00,2.226242621645249e+01
7.767553510702141e+00,2.226312498831501e+01
7.769553910782157e+00,2.226382347657714e+01
7.771554310862173e+00,2.226452168141307e+01
7.773554710942189e+00,2.226521960299700e+01
7.775555111022205e+00,2.226591724155286e+01
7.777555511102221e+00,2.226661459722997e+01
7.779555911182237e+00,2.226731167025229e+01
7.781556311262253e+00,2.226800846079398e+01
7.783556711342269e+00,2.226870496902925e+01
7.785557111422285e+00,2.226940119515717e+01
7.787557511502301e+00,2.227009713937679e+01
7.789557911582317e+00,2.227079280188719e+01
7.791558311662333e+00,2.227148818283769e+01
7.793558711742349e+00,2.227218328245222e+01
7.795559111822365e+00,2.227287810090498e+01
7.797559511902381e+00,2.227357263837014e+01
7.799559911982397e+00,2.227426689504680e+01
7.801560312062413e+00,2.227496087113400e+01
7.803560712142429e+00,2.227565456680594e+01
7.805561112222445e+00,2.227634798223681e+01
7.807561512302461e+00,2.227704111762568e+01
7.809561912382477e+00,2.227773397317161e+01
7.811562312462493e+00,2.227842654904879e+01
7.813562712542509e+00,2.227911884545630e+01
7.815563112622525e+00,2.227981086254343e+01
7.817563512702541e+00,2.228050260053414e+01
7.819563912782557e+00,2.228119405960262e+01
7.821564312862573e+00,2.228188523994793e+01
7.823564712942589e+00,2.228257614171937e+01
7.825565113022605e+00,2.228326676511604e+01
7.827565513102621e+00,2.228395711033697e+01
7.829565913182637e+00,2.228464717758126e+01
7.831566313262653e+00,2.228533696697331e+01
7.833566713342669e+00,2.228602647876197e+01
7.835567113422685e+00,2.228671571309654e+01
7.837567513502701e+00,2.228740467017609e+01
7.839567913582717e+00,2.228809335017480e+01
7.841568313662733e+00,2.228878175329174e+01
7.843568713742749e+00,2.228946987970111e+01
7.845569113822765e+00,2.229015772957709e+01
7.847569513902781e+00,2.229084530309386e+01
7.849569913982797e+00,2.229153260047538e+01
7.851570314062813e+00,2.229221962187095e+01
7.853570714142829e+00,2.229290636745475e+01
7.855571114222845e+00,2.229359283745075e+01
7.857571514302861e+00,2.229427903200825e+01
7.859571914382877e+00,2.229496495132630e+01
7.861572314462893e+00,2.229565059557911e+01
7.863572714542909e+00,2.229633596494086e+01
7.865573114622925e+00,2.229702105961061e+01
7.867573514702941e+00,2.229770587973767e+01
7.869573914782957e+00,2.229839042554600e+01
7.871574314862973e+00,2.229907469720978e+01
7.873574714942989e+00,2.229975869487830e+01
7.875575115023005e+00,2.230044241877554e+01
7.877575515103021e+00,2.230112586902590e+01
7.879575915183037e+00,2.230180904587823e+01
7.881576315263053e+00,2.230249194945694e+01
7.883576715343069e+00,2.230317457996110e+01
7.885577115423085e+00,2.230385693756490e+01
7.887577515503101e+00,2.230453902249229e+01
7.889577915583117e+00,2.230522083484281e+01
7.891578315663133e+00,2.230590237486530e+01
7.893578715743149e+00,2.230658364270906e+01
7.895579115823165e+00,2.230726463857316e+01
7.897579515903181e+00,2.230794536260689e+01
7.899579915983197e+00,2.230862581500934e+01
7.901580316063213e+00,2.230930599595468e+01
7.903580716143229e+00,2.230998590561711e+01
7.905581116223245e+00,2.231066554417082e+01
7.907581516303261e+00,2.231134491181486e+01
7.909581916383277e+00,2.231202400872343e+01
7.911582316463293e+00,2.231270283504583e+01
7.913582716543309e+00,2.231338139098113e+01
7.915583116623325e+00,2.231405967672841e+01
7.917583516703341e+00,2.231473769241207e+01
7.919583916783357e+00,2.231541543825607e+01
7.921584316863373e+00,2.231609291443461e+01
7.923584716943389e+00,2.231677012109697e+01
7.925585117023405e+00,2.231744705844224e+01
7.927585517103421e+00,2.231812372661972e+01
7.929585917183437e+00,2.231880012585335e+01
7.931586317263453e+00,2.231947625626756e+01
7.933586717343469e+00,2.232015211808631e+01
7.935587117423485e+00,2.232082771145889e+01
7.937587517503501e+00,2.232150303653461e+01
7.939587917583517e+00,2.232217809353742e+01
7.941588317663533e+00,2.232285288264150e+01
7.943588717743549e+00,2.232352740399617e+01
7.945589117823565e+00,2.232420165777560e+01
7.947589517903581e+00,2.232487564417888e+01
7.949589917983597e+00,2.232554936335529e+01
7.951590318063613e+00,2.232622281547902e+01
7.953590718143629e+00,2.232689600077404e+01
7.955591118223645e+00,2.232756891933987e+01
7.957591518303661e+00,2.232824157140048e+01
7.959591918383677e+00,2.232891395713004e+01
7.961592318463693e+00,2.232958607667785e+01
7.963592718543709e+00,2.233025793024300e+01
7.965593118623725e+00,2.233092951797478e+01
7.967593518703740e+00,2.233160084007226e+01
7.969593918783756e+00,2.233227189668474e+01
7.971594318863772e+00,2.233294268801129e+01
7.973594718943788e+00,2.233361321420123e+01
7.975595119023804e+00,2.233428347542872e+01
7.977595519103820e+00,2.233495347186797e+01
7.979595919183836e+00,2.233562320371804e+01
7.981596319263852e+00,2.233629267110334e+01
7.983596719343868e+00,2.233696187424784e+01
7.985597119423884e+00,2.233763081330083e+01
7.987597519503900e+00,2.233829948841163e+01
7.989597919583916e+00,2.233896789977928e+01
7.991598319663932e+00,2.233963604757800e+01
7.993598719743948e+00,2.234030393195707e+01
7.995599119823964e+00,2.234097155311557e+01
7.997599519903980e+00,2.234163891120280e+01
7.999599919983996e+00,2.234230600639295e+01
8.001600320064012e+00,2.234297283886020e+01
8.003600720144028e+00,2.234363940877874e+01
8.005601120224044e+00,2.234430571632275e+01
8.007601520304060e+00,2.234497176164155e+01
8.009601920384076e+00,2.234563754493419e+01
8.011602320464092e+00,2.234630306634999e+01
8.013602720544108e+00,2.234696832608800e+01
8.015603120624125e+00,2.234763332427266e+01
8.017603520704141e+00,2.234829806110303e+01
8.019603920784157e+00,2.234896253672841e+01
8.021604320864173e+00,2.234962675134787e+01
8.023604720944189e+00,2.235029070511072e+01
8.025605121024205e+00,2.235095439819115e+01
8.027605521104221e+00,2.235161783073844e+01
8.029605921184237e+00,2.235228100295169e+01
8.031606321264253e+00,2.235294391500506e+01
8.033606721344269e+00,2.235360656702299e+01
8.035607121424285e+00,2.235426895920454e+01
8.037607521504301e+00,2.235493109172389e+01
8.039607921584317e+00,2.235559296473036e+01
8.041608321664333e+00,2.235625457839812e+01
8.043608721744349e+00,2.235691593290137e+01
8.045609121824365e+00,2.235757702841428e+01
8.047609521904381e+00,2.235823786508617e+01
8.049609921984397e+00,2.235889844306633e+01
8.051610322064413e+00,2.235955876257872e+01
8.053610722144429e+00,2.236021882374776e+01
8.055611122224445e+00,2.236087862674763e+01
8.057611522304461e+00,2.236153817172764e+01
8.059611922384477e+00,2.236219745891173e+01
8.061612322464493e+00,2.236285648839946e+01
8.063612722544509e+00,2.236351526038988e+01
8.065613122624525e+00,2.236417377505718e+01
8.067613522704541e+00,2.236483203255067e+01
8.069613922784557e+00,2.236549003301964e+01
8.071614322864573e+00,2.236614777668806e+01
8.073614722944589e+00,2.236680526365545e+01
8.075615123024605e+00,2.236746249412089e+01
8.077615523104621e+00,2.236811946825857e+01
8.079615923184637e+00,2.236877618619289e+01
8.081616323264653e+00,2.236943264814782e+01
8.083616723344669e+00,2.237008885422290e+01
8.085617123424685e+00,2.237074480464207e+01
8.087617523504701e+00,2.237140049952975e+01
8.089617923584717e+00,2.237205593906013e+01
8.091618323664733e+00,2.237271112340740e+01
8.093618723744749e+00,2.237336605272086e+01
8.095619123824765e+00,2.237402072717470e+01
8.097619523904781e+00,2.237467514691821e+01
8.099619923984797e+00,2.237532931215047e+01
8.101620324064813e+00,2.237598322299590e+01
8.103620724144829e+00,2.237663687962869e+01
8.105621124224845e+00,2.237729028222302e+01
8.107621524304861e+00,2.237794343092818e+01
8.109621924384877e+00,2.237859632591838e+01
8.111622324464893e+00,2.237924896734291e+01
8.113622724544909e+00,2.237990135537596e+01
8.115623124624925e+00,2.238055349019172e+01
8.117623524704941e+00,2.238120537191460e+01
8.119623924784957e+00,2.238185700074367e+01
8.121624324864973e+00,2.238250837682824e+01
8.123624724944989e+00,2.238315950031761e+01
8.125625125025005e+00,2.238381037138597e+01
8.127625525105021e+00,2.238446099018261e+01
8.129625925185037e+00,2.238511135690661e+01
8.131626325265053e+00,2.238576147165751e+01
8.133626725345069e+00,2.238641133465925e+01
8.135627125425085e+00,2.238706094603626e+01
8.137627525505101e+00,2.238771030593785e+01
8.139627925585117e+00,2.238835941456307e+01
8.141628325665133e+00,2.238900827206123e+01
8.143628725745149e+00,2.238965687855676e+01
8.145629125825165e+00,2.239030523427359e+01
8.147629525905181e+00,2.239095333931128e+01
8.149629925985197e+00,2.239160119384401e+01
8.151630326065213e+00,2.239224879807085e+01
8.153630726145229e+00,2.239289615209132e+01
8.155631126225245e+00,2.239354325612939e+01
8.157631526305261e+00,2.239419011028459e+01
8.159631926385277e+00,2.239483671475600e+01
8.161632326465293e+00,2.239548306966802e+01
8.163632726545309e+00,2.239612917521973e+01
8.165633126625325e+00,2.239677503156044e+01
8.167633526705341e+00,2.239742063881456e+01
8.169633926785357e+00,2.239806599718116e+01
8.171634326865373e+00,2.239871110680954e+01
8.173634726945389e+00,2.239935596784902e+01
8.175635127025405e+00,2.240000058044888e+01
8.177635527105421e+00,2.240064494478332e+01
8.179635927185437e+00,2.240128906100164e+01
8.181636327265453e+00,2.240193292925314e+01
8.183636727345469e+00,2.240257654971201e+01
8.185637127425485e+00,2.240321992255243e+01
8.187637527505501e+00,2.240386304789882e+01
8.189637927585517e+00,2.240450592590050e+01
8.191638327665533e+00,2.240514855675652e+01
8.193638727745549e+00,2.240579094059130e+01
8.195639127825565e+00,2.240643307757903e+01
8.197639527905581e+00,2.240707496784414e+01
8.199639927985597e+00,2.240771661158569e+01
8.201640328065613e+00,2.240835800895298e+01
8.203640728145629e+00,2.240899916007043e+01
8.205641128225645e+00,2.240964006511223e+01
8.207641528305661e+00,2.241028072425257e+01
8.209641928385677e+00,2.241092113761585e+01
8.211642328465693e+00,2.241156130537628e+01
8.213642728545709e+00,2.241220122768316e+01
8.215643128625725e+00,2.241284090471066e+01
8.217643528705741e+00,2.241348033658321e+01
8.219643928785757e+00,2.241411952347499e+01
8.221644328865773e+00,2.241475846553532e+01
8.223644728945789e+00,2.241539716291348e+01
8.225645129025805e+00,2.241603561575879e+01
8.227645529105821e+00,2.241667382427030e+01
8.229645929185837e+00,2.241731178854757e+01
8.231646329265853e+00,2.241794950876477e+01
8.233646729345869e+00,2.241858698507121e+01
8.235647129425885e+00,2.241922421764107e+01
8.237647529505901e+00,2.241986120662366e+01
8.239647929585917e+00,2.242049795214339e+01
8.241648329665933e+00,2.242113445439934e+01
8.243648729745949e+00,2.242177071349104e+01
8.245649129825965e+00,2.242240672961755e+01
8.247649529905981e+00,2.242304250290331e+01
8.249649929985997e+00,2.242367803352250e+01
8.251650330066013e+00,2.242431332162441e+01
8.253650730146029e+00,2.242494836733347e+01
8.255651130226045e+00,2.242558317084874e+01
8.257651530306061e+00,2.242621773226977e+01
8.259651930386077e+00,2.242685205179562e+01
8.261652330466093e+00,2.242748612957560e+01
8.263652730546109e+00,2.242811996573413e+01
8.265653130626125e+00,2.242875356042049e+01
8.267653530706141e+00,2.242938691383378e+01
8.269653930786157e+00,2.243002002607352e+01
8.271654330866173e+00,2.243065289731390e+01
8.273654730946189e+00,2.243128552770422e+01
8.275655131026205e+00,2.243191791739378e+01
8.277655531106221e+00,2.243255006653189e+01
8.279655931186237e+00,2.243318197526785e+01
8.281656331266253e+00,2.243381364377584e+01
8.283656731346269e+00,2.243444507218029e+01
8.285657131426285e+00,2.243507626063050e+01
8.287657531506301e+00,2.243570720930065e+01
8.289657931586317e+00,2.243633791834004e+01
8.291658331666333e+00,2.243696838784822e+01
8.293658731746349e+00,2.243759861804914e+01
8.295659131826365e+00,2.243822860904232e+01
8.297659531906382e+00,2.243885836100196e+01
8.299659931986398e+00,2.243948787405248e+01
8.301660332066414e+00,2.244011714836806e+01
8.303660732146430e+00,2.244074618407312e+01
8.305661132226446e+00,2.244137498134184e+01
8.307661532306462e+00,2.244200354032354e+01
8.309661932386478e+00,2.244263186116751e+01
8.311662332466494e+00,2.244325994399818e+01
8.313662732546510e+00,2.244388778896483e+01
8.315663132626526e+00,2.244451539626655e+01
8.317663532706542e+00,2.244514276597799e+01
8.319663932786558e+00,2.244576989832310e+01
8.321664332866574e+00,2.244639679337653e+01
8.323664732946590e+00,2.244702345136223e+01
8.325665133026606e+00,2.244764987235486e+01
8.327665533106622e+00,2.244827605655349e+01
8.329665933186638e+00,2.244890200408253e+01
8.331666333266654e+00,2.244952771509129e+01
8.333666733346670e+00,2.245015318975396e+01
8.335667133426686e+00,2.245077842817006e+01
8.337667533506702e+00,2.245140343053868e+01
8.339667933586718e+00,2.245202819695934e+01
8.341668333666734e+00,2.245265272760623e+01
8.343668733746750e+00,2.245327702262866e+01
8.345669133826766e+00,2.245390108215103e+01
8.347669533906782e+00,2.245452490634755e+01
8.349669933986798e+00,2.245514849534263e+01
8.351670334066814e+00,2.245577184931045e+01
8.353670734146830e+00,2.245639496835055e+01
8.355671134226846e+00,2.245701785266201e+01
8.357671534306862e+00,2.245764050234434e+01
8.359671934386878e+00,2.245826291757175e+01
8.361672334466894e+00,2.245888509849353e+01
8.363672734546910e+00,2.245950704523411e+01
8.365673134626926e+00,2.246012875796766e+01
8.367673534706942e+00,2.246075023679373e+01
8.369673934786958e+00,2.246137148191139e+01
8.371674334866974e+00,2.246199249342016e+01
8.373674734946990e+00,2.246261327149424e+01
8.375675135027006e+00,2.246323381625805e+01
8.377675535107022e+00,2.246385412788576e+01
8.379675935187038e+00,2.246447420650181e+01
8.381676335267054e+00,2.246509405223061e+01
8.383676735347070e+00,2.246571366527123e+01
8.385677135427086e+00,2.246633304569831e+01
8.387677535507102e+00,2.246695219373583e+01
8.389677935587118e+00,2.246757110945842e+01
8.391678335667134e+00,2.246818979304027e+01
8.393678735747150e+00,2.246880824460580e+01
8.395679135827166e+00,2.246942646432920e+01
8.397679535907182e+00,2.247004445233489e+01
8.399679935987198e+00,2.247066220877217e+01
8.401680336067214e+00,2.247127973379034e+01
8.403680736147230e+00,2.247189702751382e+01
8.405681136227246e+00,2.247251409011680e+01
8.407681536307262e+00,2.247313092169880e+01
8.409681936387278e+00,2.247374752243404e+01
8.411682336467294e+00,2.247436389244690e+01
8.413682736547310e+00,2.247498003191159e+01
8.415683136627326e+00,2.247559594092764e+01
8.417683536707342e+00,2.247621161966924e+01
8.419683936787358e+00,2.247682706826080e+01
8.421684336867374e+00,2.247744228685163e+01
8.423684736947390e+00,2.247805727559103e+01
8.425685137027406e+00,2.247867203460342e+01
8.427685537107422e+00,2.247928656403809e+01
8.429685937187438e+00,2.247990086404437e+01
8.431686337267454e+00,2.248051493477154e+01
8.433686737347470e+00,2.248112877634403e+01
8.435687137427486e+00,2.248174238888624e+01
8.437687537507502e+00,2.248235577257238e+01
8.439687937587518e+00,2.248296892752687e+01
8.441688337667534e+00,2.248358185389899e+01
8.443688737747550e+00,2.248419455181317e+01
8.445689137827566e+00,2.248480702141872e+01
8.447689537907582e+00,2.248541926286494e+01
8.449689937987598e+00,2.248603127630112e+01
8.451690338067614e+00,2.248664306185169e+01
8.453690738147630e+00,2.248725461964107e+01
8.455691138227646e+00,2.248786594981856e+01
8.457691538307662e+00,2.248847705255835e+01
8.459691938387678e+00,2.248908792793508e+01
8.461692338467694e+00,2.248969857614783e+01
8.463692738547710e+00,2.249030899732102e+01
8.465693138627726e+00,2.249091919157906e+01
8.467693538707742e+00,2.249152915907126e+01
8.469693938787758e+00,2.249213889994692e+01
8.471694338867774e+00,2.249274841430558e+01
8.473694738947790e+00,2.249335770234631e+01
8.475695139027806e+00,2.249396676414375e+01
8.477695539107822e+00,2.249457559989697e+01
8.479695939187838e+00,2.249518420970552e+01
8.481696339267854e+00,2.249579259371870e+01
8.483696739347870e+00,2.249640075206092e+01
8.485697139427886e+00,2.249700868490637e+01
8.487697539507902e+00,2.249761639235459e+01
8.489697939587918e+00,2.249822387455487e+01
8.491698339667934e+00,2.249883113165653e+01
8.493698739747950e+00,2.249943816378397e+01
8.495699139827966e+00,2.250004497108651e+01
8.497699539907982e+00,2.250065155371345e+01
8.499699939987998e+00,2.250125791176431e+01
8.501700340068014e+00,2.250186404541329e+01
8.503700740148030e+00,2.250246995475992e+01
8.505701140228046e+00,2.250307563997839e+01
8.507701540308062e+00,2.250368110119312e+01
8.509701940388078e+00,2.250428633852852e+01
8.511702340468094e+00,2.250489135213390e+01
8.513702740548110e+00,2.250549614213368e+01
8.515703140628126e+00,2.250610070867716e+01
8.517703540708142e+00,2.250670505191365e+01
8.519703940788158e+00,2.250730917194266e+01
8.521704340868174e+00,2.250791306893841e+01
8.523704740948190e+00,2.250851674300041e+01
8.525705141028206e+00,2.250912019427798e+01
8.527705541108222e+00,2.250972342294529e+01
8.529705941188238e+00,2.251032642907701e+01
8.531706341268254e+00,2.251092921284731e+01
8.533706741348270e+00,2.251153177435573e+01
8.535707141428286e+00,2.251213411377646e+01
8.537707541508302e+00,2.251273623125880e+01
8.539707941588318e+00,2.251333812687740e+01
8.541708341668334e+00,2.251393980080645e+01
8.543708741748350e+00,2.251454125317037e+01
8.545709141828366e+00,2.251514248411845e+01
8.547709541908382e+00,2.251574349377513e+01
8.549709941988398e+00,2.251634428226481e+01
8.551710342068414e+00,2.251694484971192e+01
8.553710742148430e+00,2.251754519629064e+01
8.555711142228446e+00,2.251814532212540e+01
8.557711542308462e+00,2.251874522731572e+01
8.559711942388478e+00,2.251934491203579e+01
8.561712342468494e+00,2.251994437641003e+01
8.563712742548510e+00,2.252054362053799e+01
8.565713142628526e+00,2.252114264459383e+01
8.567713542708542e+00,2.252174144870199e+01
8.569713942788558e+00,2.252234003298688e+01
8.571714342868574e+00,2.252293839757292e+01
8.573714742948590e+00,2.252353654263430e+01
8.575715143028606e+00,2.252413446824566e+01
8.577715543108622e+00,2.252473217460608e+01
8.579715943188639e+00,2.252532966179021e+01
8.581716343268655e+00,2.252592692994736e+01
8.583716743348671e+00,2.252652397922682e+01
8.585717143428687e+00,2.252712080972812e+01
8.587717543508703e+00,2.252771742162547e+01
8.589717943588719e+00,2.252831381504327e+01
8.591718343668735e+00,2.252890999008106e+01
8.593718743748751e+00,2.252950594691303e+01
8.595719143828767e+00,2.253010168563871e+01
8.597719543908783e+00,2.253069720638251e+01
8.599719943988799e+00,2.253129250931864e+01
8.601720344068815e+00,2.253188759454662e+01
8.603720744148831e+00,2.253248246219087e+01
8.605721144228847e+00,2.253307711242557e+01
8.607721544308863e+00,2.253367154535027e+01
8.609721944388879e+00,2.253426576108938e+01
8.611722344468895e+00,2.253485975976733e+01
8.613722744548911e+00,2.253545354155828e+01
8.615723144628927e+00,2.253604710656179e+01
8.617723544708943e+00,2.253664045490228e+01
8.619723944788959e+00,2.253723358672903e+01
8.621724344868975e+00,2.253782650219136e+01
8.623724744948991e+00,2.253841920136392e+01
8.625725145029007e+00,2.253901168442089e+01
8.627725545109023e+00,2.253960395146181e+01
8.629725945189039e+00,2.254019600263598e+01
8.631726345269055e+00,2.254078783809270e+01
8.633726745349071e+00,2.254137945790664e+01
8.635727145429087e+00,2.254197086227684e+01
8.637727545509103e+00,2.254256205127798e+01
8.639727945589119e+00,2.254315302505934e+01
8.641728345669135e+00,2.254374378374535e+01
8.643728745749151e+00,2.254433432748532e+01
8.645729145829167e+00,2.254492465637876e+01
8.647729545909183e+00,2.254551477057500e+01
8.649729945989197e+00,2.254610467017357e+01
8.651730346069213e+00,2.254669435534864e+01
8.653730746149229e+00,2.254728382619976e+01
8.655731146229245e+00,2.254787308287623e+01
8.657731546309261e+00,2.254846212547757e+01
8.659731946389277e+00,2.254905095415311e+01
8.661732346469293e+00,2.254963956902725e+01
8.663732746549309e+00,2.255022797022442e+01
8.665733146629325e+00,2.255081615786903e+01
8.667733546709341e+00,2.255140413211038e+01
8.669733946789357e+00,2.255199189304801e+01
8.671734346869373e+00,2.255257944083123e+01
8.673734746949389e+00,2.255316677558444e+01
8.675735147029405e+00,2.255375389740720e+01
8.677735547109421e+00,2.255434080647368e+01
8.679735947189437e+00,2.255492750288341e+01
8.681736347269453e+00,2.255551398676083e+01
8.683736747349469e+00,2.255610025823034e+01
8.685737147429485e+00,2.255668631744125e+01
8.687737547509501e+00,2.255727216449309e+01
8.689737947589517e+00,2.255785779953517e+01
8.691738347669533e+00,2.255844322269191e+01
8.693738747749549e+00,2.255902843408771e+01
8.695739147829565e+00,2.255961343384702e+01
8.697739547909581e+00,2.256019822209424e+01
8.699739947989597e+00,2.256078279895378e+01
8.701740348069613e+00,2.256136716455008e+01
8.703740748149629e+00,2.256195131900754e+01
8.705741148229645e+00,2.256253526247548e+01
8.707741548309661e+00,2.256311899505342e+01
8.709741948389677e+00,2.256370251689068e+01
8.711742348469693e+00,2.256428582808677e+01
8.713742748549709e+00,2.256486892876613e+01
8.715743148629725e+00,2.256545181907806e+01
8.717743548709741e+00,2.256603449914697e+01
8.719743948789757e+00,2.256661696907240e+01
8.721744348869773e+00,2.256719922900365e+01
8.723744748949789e+00,2.256778127906514e+01
8.725745149029805e+00,2.256836311938130e+01
8.727745549109821e+00,2.256894475005165e+01
8.729745949189837e+00,2.256952617122549e+01
8.731746349269853e+00,2.257010738302726e+01
8.733746749349869e+00,2.257068838555647e+01
8.735747149429885e+00,2.257126917898733e+01
8.737747549509901e+00,2.257184976339447e+01
8.739747949589917e+00,2.257243013890232e+01
8.741748349669933e+00,2.257301030568507e+01
8.743748749749949e+00,2.257359026384225e+01
8.745749149829965e+00,2.257417001347339e+01
8.747749549909981e+00,2.257474955470292e+01
8.749749949989997e+00,2.257532888770501e+01
8.751750350070013e+00,2.257590801255433e+01
8.753750750150029e+00,2.257648692940017e+01
8.755751150230045e+00,2.257706563834208e+01
8.757751550310061e+00,2.257764413952934e+01
8.759751950390077e+00,2.257822243306151e+01
8.761752350470093e+00,2.257880051908787e+01
8.763752750550109e+00,2.257937839770796e+01
8.765753150630125e+00,2.257995606904622e+01
8.767753550710141e+00,2.258053353325192e+01
8.769753950790157e+00,2.258111079042462e+01
8.771754350870173e+00,2.258168784068873e+01
8.773754750950189e+00,2.258226468416867e+01
8.775755151030205e+00,2.258284132096397e+01
8.777755551110221e+00,2.258341775124883e+01
8.779755951190237e+00,2.258399397512277e+01
8.781756351270253e+00,2.258456999268533e+01
8.783756751350269e+00,2.258514580408582e+01
8.785757151430285e+00,2.258572140942376e+01
8.787757551510301e+00,2.258629680882358e+01
8.789757951590317e+00,2.258687200243459e+01
8.791758351670333e+00,2.258744699035631e+01
8.793758751750349e+00,2.258802177271316e+01
8.795759151830365e+00,2.258859634965445e+01
8.797759551910382e+00,2.258917072122994e+01
8.799759951990398e+00,2.258974488763871e+01
8.801760352070414e+00,2.259031884895541e+01
8.803760752150430e+00,2.259089260530445e+01
8.805761152230446e+00,2.259146615683513e+01
8.807761552310462e+00,2.259203950364700e+01
8.809761952390478e+00,2.259261264583959e+01
8.811762352470494e+00,2.259318558358709e+01
8.813762752550510e+00,2.259375831696413e+01
8.815763152630526e+00,2.259433084612004e+01
8.817763552710542e+00,2.259490317115434e+01
8.819763952790558e+00,2.259547529219145e+01
8.821764352870574e+00,2.259604720935580e+01
8.823764752950590e+00,2.259661892277179e+01
8.825765153030606e+00,2.259719043256385e+01
8.827765553110622e+00,2.259776173883152e+01
8.829765953190638e+00,2.259833284169920e+01
8.831766353270654e+00,2.259890374131622e+01
8.833766753350670e+00,2.259947443775721e+01
8.835767153430686e+00,2.260004493117148e+01
8.837767553510702e+00,2.260061522165856e+01
8.839767953590718e+00,2.260118530936777e+01
8.841768353670734e+00,2.260175519439862e+01
8.843768753750750e+00,2.260232487685067e+01
8.845769153830766e+00,2.260289435687320e+01
8.847769553910782e+00,2.260346363459064e+01
8.849769953990798e+00,2.260403271010252e+01
8.851770354070814e+00,2.260460158350839e+01
8.853770754150830e+00,2.260517025498241e+01
8.855771154230846e+00,2.260573872457438e+01
8.857771554310862e+00,2.260630699245846e+01
8.859771954390878e+00,2.260687505873420e+01
8.861772354470894e+00,2.260744292352601e+01
8.863772754550910e+00,2.260801058693342e+01
8.865773154630926e+00,2.260857804910576e+01
8.867773554710942e+00,2.260914531011765e+01
8.869773954790958e+00,2.260971237011841e+01
8.871774354870974e+00,2.261027922920757e+01
8.873774754950990e+00,2.261084588753443e+01
8.875775155031006e+00,2.261141234517364e+01
8.877775555111022e+00,2.261197860227452e+01
8.879775955191038e+00,2.261254465896146e+01
8.881776355271054e+00,2.261311051530914e+01
8.883776755351070e+00,2.261367617146684e+01
8.885777155431086e+00,2.261424162753411e+01
8.887777555511102e+00,2.261480688366025e+01
8.889777955591118e+00,2.261537193991991e+01
8.891778355671134e+00,2.261593679646239e+01
8.893778755751150e+00,2.261650145338722e+01
8.895779155831166e+00,2.261706591079395e+01
8.897779555911182e+00,2.261763016885675e+01
8.899779955991198e+00,2.261819422762540e+01
8.901780356071214e+00,2.261875808727408e+01
8.903780756151230e+00,2.261932174787745e+01
8.905781156231246e+00,2.261988520955992e+01
8.907781556311262e+00,2.262044847244591e+01
8.909781956391278e+00,2.262101153665984e+01
8.911782356471294e+00,2.262157440230124e+01
8.913782756551310e+00,2.262213706949454e+01
8.915783156631326e+00,2.262269953833927e+01
8.917783556711342e+00,2.262326180898473e+01
8.919783956791358e+00,2.262382388150557e+01
8.921784356871374e+00,2.262438575605110e+01
8.923784756951390e+00,2.262494743269596e+01
8.925785157031406e+00,2.262550891161435e+01
8.927785557111422e+00,2.262607019285603e+01
8.929785957191438e+00,2.262663127659519e+01
8.931786357271454e+00,2.262719216290648e+01
8.933786757351470e+00,2.262775285191431e+01
8.935787157431486e+00,2.262831334374311e+01
8.937787557511502e+00,2.262887363851730e+01
8.939787957591518e+00,2.262943373631152e+01
8.941788357671534e+00,2.262999363727508e+01
8.943788757751550e+00,2.263055334150752e+01
8.945789157831566e+00,2.263111284913325e+01
8.947789557911582e+00,2.263167216025181e+01
8.949789957991598e+00,2.263223127498762e+01
8.951790358071614e+00,2.263279019346509e+01
8.953790758151630e+00,2.263334891578377e+01
8.955791158231646e+00,2.263390744204317e+01
8.957791558311662e+00,2.263446577239263e+01
8.959791958391678e+00,2.263502390690677e+01
8.961792358471694e+00,2.263558184573490e+01
8.963792758551710e+00,2.263613958895167e+01
8.965793158631726e+00,2.263669713670640e+01
8.967793558711742e+00,2.263725448909861e+01
8.969793958791758e+00,2.263781164625271e+01
8.971794358871774e+00,2.263836860824338e+01
8.973794758951790e+00,2.263892537524477e+01
8.975795159031806e+00,2.263948194730668e+01
8.977795559111822e+00,2.264003832457839e+01
8.979795959191838e+00,2.264059450715945e+01
8.981796359271854e+00,2.264115049517427e+01
8.983796759351870e+00,2.264170628874728e+01
8.985797159431886e+00,2.264226188795311e+01
8.987797559511902e+00,2.264281729291620e+01
8.989797959591918e+00,2.264337250378584e+01
8.991798359671934e+00,2.264392752061181e+01
8.993798759751950e+00,2.264448234354340e+01
8.995799159831966e+00,2.264503697270503e+01
8.997799559911982e+00,2.264559140819625e+01
8.999799959991998e+00,2.264614565009169e+01
9.001800360072014e+00,2.264669969856555e+01
9.003800760152030e+00,2.264725355369247e+01
9.005801160232046e+00,2.264780721557200e+01
9.007801560312062e+00,2.264836068435344e+01
9.009801960392078e+00,2.264891396013632e+01
9.011802360472094e+00,2.264946704299529e+01
9.013802760552110e+00,2.265001993310453e+01
9.015803160632126e+00,2.265057263051383e+01
9.017803560712142e+00,2.265112513537247e+01
9.019803960792158e+00,2.265167744778000e+01
9.021804360872174e+00,2.265222956786083e+01
9.023804760952190e+00,2.265278149568961e+01
9.025805161032206e+00,2.265333323141565e+01
9.027805561112222e+00,2.265388477513848e+01
9.029805961192238e+00,2.265443612693275e+01
9.031806361272254e+00,2.265498728697266e+01
9.033806761352270e+00,2.265553825533284e+01
9.035807161432286e+00,2.265608903211284e+01
9.037807561512302e+00,2.265663961743708e+01
9.039807961592318e+00,2.265719001140508e+01
9.041808361672334e+00,2.265774021416616e+01
9.043808761752350e+00,2.265829022577008e+01
9.045809161832366e+00,2.265884004636614e+01
9.047809561912382e+00,2.265938967607877e+01
9.049809961992398e+00,2.265993911495772e+01
9.051810362072414e+00,2.266048836317719e+01
9.053810762152430e+00,2.266103742078694e+01
9.055811162232446e+00,2.266158628796116e+01
9.057811562312462e+00,2.266213496474962e+01
9.059811962392478e+00,2.266268345130161e+01
9.061812362472494e+00,2.266323174769180e+01
9.063812762552510e+00,2.266377985406948e+01
9.065813162632526e+00,2.266432777050931e+01
9.067813562712542e+00,2.266487549713570e+01
9.069813962792558e+00,2.266542303404819e+01
9.071814362872574e+00,2.266597038137120e+01
9.073814762952590e+00,2.266651753920426e+01
9.075815163032606e+00,2.266706450764691e+01
9.077815563112622e+00,2.266761128682357e+01
9.079815963192639e+00,2.266815787683377e+01
9.081816363272655e+00,2.266870427780193e+01
9.083816763352671e+00,2.266925048980270e+01
9.085817163432687e+00,2.266979651296051e+01
9.087817563512703e+00,2.267034234739976e+01
9.089817963592719e+00,2.267088799319511e+01
9.091818363672735e+00,2.267143345049587e+01
9.093818763752751e+00,2.267197871937669e+01
9.095819163832767e+00,2.267252379993709e+01
9.097819563912783e+00,2.267306869232639e+01
9.099819963992799e+00,2.267361339661923e+01
9.101820364072815e+00,2.267415791294004e+01
9.103820764152831e+00,2.267470224136346e+01
9.105821164232847e+00,2.267524638203880e+01
9.107821564312863e+00,2.267579033506559e+01
9.109821964392879e+00,2.267633410054336e+01
9.111822364472895e+00,2.267687767854678e+01
9.113822764552911e+00,2.267742106922514e+01
9.115823164632927e+00,2.267796427267798e+01
9.117823564712943e+00,2.267850728900482e+01
9.119823964792959e+00,2.267905011833010e+01
9.121824364872975e+00,2.267959276072846e+01
9.123824764952991e+00,2.268013521632432e+01
9.125825165033007e+00,2.268067748521721e+01
9.127825565113023e+00,2.268121956750668e+01
9.129825965193039e+00,2.268176146331714e+01
9.131826365273055e+00,2.268230317274812e+01
9.133826765353071e+00,2.268284469592404e+01
9.135827165433087e+00,2.268338603291956e+01
9.137827565513103e+00,2.268392718383421e+01
9.139827965593119e+00,2.268446814881730e+01
9.141828365673135e+00,2.268500892791858e+01
9.143828765753151e+00,2.268554952131225e+01
9.145829165833167e+00,2.268608992904808e+01
9.147829565913183e+00,2.268663015122559e+01
9.149829965993199e+00,2.268717018799410e+01
9.151830366073215e+00,2.268771003945313e+01
9.153830766153231e+00,2.268824970567735e+01
9.155831166233247e+00,2.268878918679116e+01
9.157831566313263e+00,2.268932848286922e+01
9.159831966393279e+00,2.268986759408571e+01
9.161832366473295e+00,2.269040652046552e+01
9.163832766553311e+00,2.269094526218284e+01
9.165833166633327e+00,2.269148381928743e+01
9.167833566713343e+00,2.269202219190372e+01
9.169833966793359e+00,2.269256038015611e+01
9.171834366873375e+00,2.269309838411927e+01
9.173834766953391e+00,2.269363620391761e+01
9.175835167033407e+00,2.269417383962578e+01
9.177835567113423e+00,2.269471129139308e+01
9.179835967193439e+00,2.269524855929417e+01
9.181836367273455e+00,2.269578564342858e+01
9.183836767353471e+00,2.269632254392074e+01
9.185837167433487e+00,2.269685926087016e+01
9.187837567513503e+00,2.269739579435152e+01
9.189837967593519e+00,2.269793214451410e+01
9.191838367673535e+00,2.269846831143256e+01
9.193838767753551e+00,2.269900429523133e+01
9.195839167833567e+00,2.269954009598504e+01
9.197839567913583e+00,2.270007571379324e+01
9.199839967993599e+00,2.270061114880523e+01
9.201840368073615e+00,2.270114640107078e+01
9.203840768153631e+00,2.270168147073918e+01
9.205841168233647e+00,2.270221635788509e+01
9.207841568313663e+00,2.270275106263293e+01
9.209841968393679e+00,2.270328558505736e+01
9.211842368473695e+00,2.270381992528278e+01
9.213842768553711e+00,2.270435408338385e+01
9.215843168633727e+00,2.270488805950988e+01
9.217843568713743e+00,2.270542185371063e+01
9.219843968793759e+00,2.270595546613540e+01
9.221844368873775e+00,2.270648889685884e+01
9.223844768953791e+00,2.270702214600538e+01
9.225845169033807e+00,2.270755521364966e+01
9.227845569113823e+00,2.270808809989122e+01
9.229845969193839e+00,2.270862080487937e+01
9.231846369273855e+00,2.270915332866386e+01
9.233846769353871e+00,2.270968567136913e+01
9.235847169433887e+00,2.271021783309470e+01
9.237847569513903e+00,2.271074981394010e+01
9.239847969593919e+00,2.271128161402977e+01
9.241848369673935e+00,2.271181323341346e+01
9.243848769753951e+00,2.271234467224048e+01
9.245849169833967e+00,2.271287593058548e+01
9.247849569913983e+00,2.271340700857288e+01
9.249849969993999e+00,2.271393790630221e+01
9.251850370074015e+00,2.271446862384813e+01
9.253850770154031e+00,2.271499916131016e+01
9.255851170234047e+00,2.271552951883762e+01
9.257851570314063e+00,2.271605969648027e+01
9.259851970394079e+00,2.271658969436253e+01
9.261852370474095e+00,2.271711951258393e+01
9.263852770554111e+00,2.271764915124401e+01
9.265853170634127e+00,2.271817861041743e+01
9.267853570714143e+00,2.271870789025348e+01
9.269853970794159e+00,2.271923699082680e+01
9.271854370874175e+00,2.271976591223696e+01
9.273854770954191e+00,2.272029465458346e+01
9.275855171034207e+00,2.272082321799074e+01
9.277855571114223e+00,2.272135160250856e+01
9.279855971194239e+00,2.272187980828622e+01
9.281856371274255e+00,2.272240783539838e+01
9.283856771354271e+00,2.272293568394457e+01
9.285857171434287e+00,2.272346335402433e+01
9.287857571514303e+00,2.272399084576207e+01
9.289857971594319e+00,2.272451815923244e+01
9.291858371674335e+00,2.272504529453499e+01
9.293858771754351e+00,2.272557225176924e+01
9.295859171834367e+00,2.272609903105961e+01
9.297859571914383e+00,2.272662563248076e+01
9.299859971994399e+00,2.272715205613223e+01
9.301860372074415e+00,2.272767830211354e+01
9.303860772154431e+00,2.272820437054911e+01
9.305861172234447e+00,2.272873026151360e+01
9.307861572314463e+00,2.272925597510655e+01
9.309861972394479e+00,2.272978151142748e+01
9.311862372474495e+00,2.273030687057593e+01
9.313862772554511e+00,2.273083205265143e+01
9.315863172634527e+00,2.273135705777842e+01
9.317863572714543e+00,2.273188188600664e+01
9.319863972794559e+00,2.273240653746053e+01
9.321864372874575e+00,2.273293101223962e+01
9.323864772954591e+00,2.273345531046832e+01
9.325865173034607e+00,2.273397943219640e+01
9.327865573114623e+00,2.273450337752341e+01
9.329865973194639e+00,2.273502714659863e+01
9.331866373274655e+00,2.273555073947185e+01
9.333866773354671e+00,2.273607415626747e+01
9.335867173434687e+00,2.273659739706015e+01
9.337867573514703e+00,2.273712046197431e+01
9.339867973594719e+00,2.273764335108460e+01
9.341868373674735e+00,2.273816606449055e+01
9.343868773754751e+00,2.273868860231659e+01
9.345869173834767e+00,2.273921096463736e+01
9.347869573914783e+00,2.273973315155240e+01
9.349869973994799e+00,2.274025516316125e+01
9.351870374074815e+00,2.274077699953855e+01
9.353870774154831e+00,2.274129866083361e+01
9.355871174234847e+00,2.274182014709620e+01
9.357871574314863e+00,2.274234145845073e+01
9.359871974394880e+00,2.274286259499674e+01
9.361872374474896e+00,2.274338355680889e+01
9.363872774554912e+00,2.274390434398670e+01
9.365873174634928e+00,2.274442495665459e+01
9.367873574714944e+00,2.274494539486235e+01
9.369873974794960e+00,2.274546565875925e+01
9.371874374874976e+00,2.274598574839508e+01
9.373874774954992e+00,2.274650566389425e+01
9.375875175035008e+00,2.274702540535630e+01
9.377875575115024e+00,2.274754497285588e+01
9.379875975195040e+00,2.274806436649252e+01
9.381876375275056e+00,2.274858358639064e+01
9.383876775355072e+00,2.274910263260002e+01
9.385877175435088e+00,2.274962150526995e+01
9.387877575515104e+00,2.275014020447508e+01
9.389877975595120e+00,2.275065873029006e+01
9.391878375675136e+00,2.275117708281444e+01
9.393878775755152e+00,2.275169526217263e+01
9.395879175835168e+00,2.275221326843927e+01
9.397879575915184e+00,2.275273110171392e+01
9.399879975995200e+00,2.275324876209609e+01
9.401880376075216e+00,2.275376624968533e+01
9.403880776155232e+00,2.275428356455629e+01
9.405881176235248e+00,2.275480070683339e+01
9.407881576315264e+00,2.275531767656638e+01
9.409881976395280e+00,2.275583447390459e+01
9.411882376475296e+00,2.275635109892265e+01
9.413882776555312e+00,2.275686755169523e+01
9.415883176635328e+00,2.275738383234673e+01
9.417883576715344e+00,2.275789994095181e+01
9.419883976795360e+00,2.275841587761000e+01
9.421884376875376e+00,2.275893164242084e+01
9.423884776955392e+00,2.275944723548387e+01
9.425885177035408e+00,2.275996265687373e+01
9.427885577115424e+00,2.276047790668997e+01
9.429885977195440e+00,2.276099298505699e+01
9.431886377275456e+00,2.276150789202458e+01
9.433886777355472e+00,2.276202262774202e+01
9.435887177435488e+00,2.276253719223421e+01
9.437887577515504e+00,2.276305158565044e+01
9.439887977595520e+00,2.276356580806537e+01
9.441888377675536e+00,2.276407985957854e+01
9.443888777755552e+00,2.276459374026458e+01
9.445889177835568e+00,2.276510745024794e+01
9.447889577915584e+00,2.276562098957836e+01
9.449889977995600e+00,2.276613435840515e+01
9.451890378075616e+00,2.276664755677809e+01
9.453890778155632e+00,2.276716058482159e+01
9.455891178235648e+00,2.276767344261030e+01
9.457891578315664e+00,2.276818613024375e+01
9.459891978395680e+00,2.276869864779660e+01
9.461892378475696e+00,2.276921099539327e+01
9.463892778555712e+00,2.276972317310841e+01
9.465893178635728e+00,2.277023518104155e+01
9.467893578715744e+00,2.277074701929222e+01
9.469893978795760e+00,2.277125868793509e+01
9.471894378875776e+00,2.277177018706968e+01
9.473894778955792e+00,2.277228151679553e+01
9.475895179035808e+00,2.277279267721218e+01
9.477895579115824e+00,2.277330366839427e+01
9.479895979195840e+00,2.277381449041646e+01
9.481896379275856e+00,2.277432514342804e+01
9.483896779355872e+00,2.277483562747880e+01
9.485897179435888e+00,2.277534594269314e+01
9.487897579515904e+00,2.277585608912084e+01
9.489897979595920e+00,2.277636606688630e+01
9.491898379675936e+00,2.277687587606420e+01
9.493898779755952e+00,2.277738551675405e+01
9.495899179835968e+00,2.277789498905540e+01
9.497899579915984e+00,2.277840429306777e+01
9.499899979996000e+00,2.277891342884094e+01
9.501900380076016e+00,2.277942239649933e+01
9.503900780156032e+00,2.277993119614247e+01
9.505901180236048e+00,2.278043982784502e+01
9.507901580316064e+00,2.278094829170649e+01
9.509901980396080e+00,2.278145658780156e+01
9.511902380476096e+00,2.278196471625463e+01
9.513902780556112e+00,2.278247267714037e+01
9.515903180636128e+00,2.278298047053341e+01
9.517903580716144e+00,2.278348809653330e+01
9.519903980796160e+00,2.278399555523957e+01
9.521904380876176e+00,2.278450284675176e+01
9.523904780956192e+00,2.278500997114451e+01
9.525905181036208e+00,2.278551692851737e+01
9.527905581116224e+00,2.278602371896986e+01
9.529905981196240e+00,2.278653034255175e+01
9.531906381276256e+00,2.278703679941236e+01
9.533906781356272e+00,2.278754308960144e+01
9.535907181436288e+00,2.278804921321852e+01
9.537907581516304e+00,2.278855517036315e+01
9.539907981596320e+00,2.278906096113487e+01
9.541908381676336e+00,2.278956658558343e+01
9.543908781756352e+00,2.279007204385814e+01
9.545909181836368e+00,2.279057733598388e+01
9.547909581916384e+00,2.279108246210997e+01
9.549909981996400e+00,2.279158742228615e+01
9.551910382076416e+00,2.279209221661198e+01
9.553910782156432e+00,2.279259684518697e+01
9.555911182236448e+00,2.279310130811069e+01
9.557911582316464e+00,2.279360560543287e+01
9.559911982396478e+00,2.279410973730284e+01
9.561912382476494e+00,2.279461370374547e+01
9.563912782556510e+00,2.279511750491006e+01
9.565913182636526e+00,2.279562114084639e+01
9.567913582716542e+00,2.279612461165399e+01
9.569913982796558e+00,2.279662791743239e+01
9.571914382876574e+00,2.279713105825625e+01
9.573914782956590e+00,2.279763403422509e+01
9.575915183036606e+00,2.279813684541358e+01
9.577915583116622e+00,2.279863949194614e+01
9.579915983196639e+00,2.279914197387251e+01
9.581916383276655e+00,2.279964429129225e+01
9.583916783356671e+00,2.280014644432978e+01
9.585917183436687e+00,2.280064843300997e+01
9.587917583516703e+00,2.280115025748212e+01
9.589917983596719e+00,2.280165191779602e+01
9.591918383676735e+00,2.280215341405118e+01
9.593918783756751e+00,2.280265474634716e+01
9.595919183836767e+00,2.280315591475858e+01
9.597919583916783e+00,2.280365691938501e+01
9.599919983996799e+00,2.280415776030107e+01
9.601920384076815e+00,2.280465843760631e+01
9.603920784156831e+00,2.280515895137539e+01
9.605921184236847e+00,2.280565930173271e+01
9.607921584316863e+00,2.280615948872806e+01
9.609921984396879e+00,2.280665951246095e+01
9.611922384476895e+00,2.280715937303093e+01
9.613922784556911e+00,2.280765907051265e+01
9.615923184636927e+00,2.280815860500564e+01
9.617923584716943e+00,2.280865797658456e+01
9.619923984796959e+00,2.280915718534893e+01
9.621924384876975e+00,2.280965623137342e+01
9.623924784956991e+00,2.281015511475756e+01
9.625925185037007e+00,2.281065383557599e+01
9.627925585117023e+00,2.281115239392825e+01
9.629925985197039e+00,2.281165078991389e+01
9.631926385277055e+00,2.281214902358266e+01
9.633926785357071e+00,2.281264709505898e+01
9.635927185437087e+00,2.281314500441750e+01
9.637927585517103e+00,2.281364275173289e+01
9.639927985597119e+00,2.281414033710467e+01
9.641928385677135e+00,2.281463776063237e+01
9.643928785757151e+00,2.281513502239065e+01
9.645929185837167e+00,2.281563212245416e+01
9.647929585917183e+00,2.281612906092244e+01
9.649929985997199e+00,2.281662583787013e+01
9.651930386077215e+00,2.281712245342166e+01
9.653930786157231e+00,2.281761890762679e+01
9.655931186237247e+00,2.281811520056018e+01
9.657931586317263e+00,2.281861133234624e+01
9.659931986397279e+00,2.281910730305962e+01
9.661932386477295e+00,2.281960311279986e+01
9.663932786557311e+00,2.282009876161673e+01
9.665933186637327e+00,2.282059424960976e+01
9.667933586717343e+00,2.282108957687849e+01
9.669933986797359e+00,2.282158474349756e+01
9.671934386877375e+00,2.282207974956652e+01
9.673934786957391e+00,2.282257459516002e+01
9.675935187037407e+00,2.282306928037758e+01
9.677935587117423e+00,2.282356380529387e+01
9.679935987197439e+00,2.282405816998352e+01
9.681936387277455e+00,2.282455237454609e+01
9.683936787357471e+00,2.282504641908109e+01
9.685937187437487e+00,2.282554030363831e+01
9.687937587517503e+00,2.282603402834216e+01
9.689937987597519e+00,2.282652759326729e+01
9.691938387677535e+00,2.282702099846346e+01
9.693938787757551e+00,2.282751424407999e+01
9.695939187837567e+00,2.282800733014175e+01
9.697939587917583e+00,2.282850025677316e+01
9.699939987997599e+00,2.282899302402400e+01
9.701940388077615e+00,2.282948563201867e+01
9.703940788157631e+00,2.282997808083184e+01
9.705941188237647e+00,2.283047037053814e+01
9.707941588317663e+00,2.283096250121224e+01
9.709941988397679e+00,2.283145447297856e+01
9.711942388477695e+00,2.283194628586197e+01
9.713942788557711e+00,2.283243794001178e+01
9.715943188637727e+00,2.283292943547776e+01
9.717943588717743e+00,2.283342077233455e+01
9.719943988797759e+00,2.283391195070658e+01
9.721944388877775e+00,2.283440297064362e+01
9.723944788957791e+00,2.283489383224519e+01
9.725945189037807e+00,2.283538453558596e+01
9.727945589117823e+00,2.283587508074056e+01
9.729945989197839e+00,2.283636546783343e+01
9.731946389277855e+00,2.283685569691433e+01
9.733946789357871e+00,2.283734576805790e+01
9.735947189437887e+00,2.283783568138858e+01
9.737947589517903e+00,2.283832543698101e+01
9.739947989597919e+00,2.283881503488495e+01
9.741948389677935e+00,2.283930447522483e+01
9.743948789757951e+00,2.283979375805041e+01
9.745949189837967e+00,2.284028288346124e+01
9.747949589917983e+00,2.284077185155683e+01
9.749949989997999e+00,2.284126066238697e+01
9.751950390078015e+00,2.284174931607607e+01
9.753950790158031e+00,2.284223781267390e+01
9.755951190238047e+00,2.284272615227999e+01
9.757951590318063e+00,2.284321433496899e+01
9.759951990398079e+00,2.284370236081556e+01
9.761952390478095e+00,2.284419022994412e+01
9.763952790558111e+00,2.284467794237954e+01
9.765953190638127e+00,2.284516549827114e+01
9.767953590718143e+00,2.284565289764379e+01
9.769953990798159e+00,2.284614014059703e+01
9.771954390878175e+00,2.284662722723040e+01
9.773954790958191e+00,2.284711415761854e+01
9.775955191038207e+00,2.284760093186099e+01
9.777955591118223e+00,2.284808755000752e+01
9.779955991198239e+00,2.284857401213279e+01
9.781956391278255e+00,2.284906031836120e+01
9.783956791358271e+00,2.284954646876741e+01
9.785957191438287e+00,2.285003246340120e+01
9.787957591518303e+00,2.285051830238697e+01
9.789957991598319e+00,2.285100398577449e+01
9.791958391678335e+00,2.285148951366330e+01
9.793958791758351e+00,2.285197488612806e+01
9.795959191838367e+00,2.285246010326829e+01
9.797959591918383e+00,2.285294516513376e+01
9.799959991998399e+00,2.285343007184890e+01
9.801960392078415e+00,2.285391482346347e+01
9.803960792158431e+00,2.285439942005211e+01
9.805961192238447e+00,2.285488386173926e+01
9.807961592318463e+00,2.285536814854980e+01
9.809961992398479e+00,2.285585228060814e+01
9.811962392478495e+00,2.285633625801381e+01
9.813962792558511e+00,2.285682008079171e+01
9.815963192638527e+00,2.285730374904136e+01
9.817963592718543e+00,2.285778726286231e+01
9.819963992798559e+00,2.285827062235408e+01
9.821964392878575e+00,2.285875382754156e+01
9.823964792958591e+00,2.285923687854918e+01
9.825965193038607e+00,2.285971977545157e+01
9.827965593118623e+00,2.286020251829851e+01
9.829965993198639e+00,2.286068510721443e+01
9.831966393278655e+00,2.286116754227395e+01
9.833966793358671e+00,2.286164982352687e+01
9.835967193438687e+00,2.286213195109759e+01
9.837967593518703e+00,2.286261392503589e+01
9.839967993598719e+00,2.286309574541641e+01
9.841968393678735e+00,2.286357741236357e+01
9.843968793758751e+00,2.286405892590226e+01
9.845969193838767e+00,2.286454028615689e+01
9.847969593918783e+00,2.286502149317724e+01
9.849969993998799e+00,2.286550254708772e+01
9.851970394078815e+00,2.286598344791322e+01
9.853970794158831e+00,2.286646419577815e+01
9.855971194238847e+00,2.286694479073228e+01
9.857971594318863e+00,2.286742523287515e+01
9.859971994398880e+00,2.286790552228141e+01
9.861972394478896e+00,2.286838565905060e+01
9.863972794558912e+00,2.286886564320758e+01
9.865973194638928e+00,2.286934547490169e+01
9.867973594718944e+00,2.286982515415778e+01
9.869973994798960e+00,2.287030468110029e+01
9.871974394878976e+00,2.287078405577898e+01
9.873974794958992e+00,2.287126327826850e+01
9.875975195039008e+00,2.287174234869327e+01
9.877975595119024e+00,2.287222126707818e+01
9.879975995199040e+00,2.287270003352275e+01
9.881976395279056e+00,2.287317864812653e+01
9.883976795359072e+00,2.287365711096417e+01
9.885977195439088e+00,2.287413542208543e+01
9.887977595519104e+00,2.287461358158985e+01
9.889977995599120e+00,2.287509158957696e+01
9.891978395679136e+00,2.287556944609653e+01
9.893978795759152e+00,2.287604715122322e+01
9.895979195839168e+00,2.287652470508144e+01
9.897979595919184e+00,2.287700210769608e+01
9.899979995999200e+00,2.287747935916666e+01
9.901980396079216e+00,2.287795645959273e+01
9.903980796159232e+00,2.287843340902405e+01
9.905981196239248e+00,2.287891020756016e+01
9.907981596319264e+00,2.287938685527571e+01
9.909981996399280e+00,2.287986335224535e+01
9.911982396479296e+00,2.288033969854373e+01
9.913982796559312e+00,2.288081589424551e+01
9.915983196639328e+00,2.288129193945021e+01
9.917983596719344e+00,2.288176783423250e+01
9.919983996799360e+00,2.288224357864213e+01
9.921984396879376e+00,2.288271917280353e+01
9.923984796959392e+00,2.288319461674158e+01
9.925985197039408e+00,2.288366991058070e+01
9.927985597119424e+00,2.288414505439553e+01
9.929985997199440e+00,2.288462004823586e+01
9.931986397279456e+00,2.288509489220121e+01
9.933986797359472e+00,2.288556958634135e+01
9.935987197439488e+00,2.288604413078070e+01
9.937987597519504e+00,2.288651852556902e+01
9.939987997599520e+00,2.288699277080586e+01
9.941988397679536e+00,2.288746686654098e+01
9.943988797759552e+00,2.288794081284902e+01
9.945989197839568e+00,2.288841460982954e+01
9.947989597919584e+00,2.288888825758205e+01
9.949989997999600e+00,2.288936175613145e+01
9.951990398079616e+00,2.288983510557727e+01
9.953990798159632e+00,2.289030830599416e+01
9.955991198239648e+00,2.289078135748166e+01
9.957991598319664e+00,2.289125426008953e+01
9.959991998399680e+00,2.289172701391731e+01
9.961992398479696e+00,2.289219961903965e+01
9.963992798559712e+00,2.289267207550632e+01
9.965993198639728e+00,2.289314438344173e+01
9.967993598719744e+00,2.289361654287078e+01
9.969993998799760e+00,2.289408855391788e+01
9.971994398879776e+00,2.289456041660790e+01
9.973994798959792e+00,2.289503213109017e+01
9.975995199039808e+00,2.289550369736467e+01
9.977995599119824e+00,2.289597511555582e+01
9.979995999199840e+00,2.289644638573828e+01
9.981996399279856e+00,2.289691750796182e+01
9.983996799359872e+00,2.289738848235084e+01
9.985997199439888e+00,2.289785930893025e+01
9.987997599519904e+00,2.289832998779956e+01
9.989997999599920e+00,2.289880051903344e+01
9.991998399679936e+00,2.289927090270653e+01
9.993998799759952e+00,2.289974113891837e+01
9.995999199839968e+00,2.290021122771873e+01
9.997999599919984e+00,2.290068116918226e+01
1.000000000000000e+01,2.290115096338360e+01
