,Domain_1,Domain_2,Domain_3,Domain_4,Domain_5,Domain_6,Domain_7,Domain_8,Domain_9,Domain_10
0.000000000000000e+00,0.000000000000000e+00,0.000000000000000e+00,0.000000000000000e+00,0.000000000000000e+00,0.000000000000000e+00,0.000000000000000e+00,0.000000000000000e+00,0.000000000000000e+00,0.000000000000000e+00,0.000000000000000e+00
1.010101010101010e-01,0.000000000000000e+00,0.000000000000000e+00,0.000000000000000e+00,0.000000000000000e+00,0.000000000000000e+00,0.000000000000000e+00,0.000000000000000e+00,0.000000000000000e+00,0.000000000000000e+00,0.000000000000000e+00
2.020202020202020e-01,0.000000000000000e+00,0.000000000000000e+00,0.000000000000000e+00,0.000000000000000e+00,0.000000000000000e+00,0.000000000000000e+00,0.000000000000000e+00,0.000000000000000e+00,0.000000000000000e+00,0.000000000000000e+00
3.030303030303030e-01,0.000000000000000e+00,0.000000000000000e+00,0.000000000000000e+00,0.000000000000000e+00,0.000000000000000e+00,0.000000000000000e+00,0.000000000000000e+00,0.000000000000000e+00,0.000000000000000e+00,0.000000000000000e+00
4.040404040404040e-01,0.000000000000000e+00,0.000000000000000e+00,0.000000000000000e+00,0.000000000000000e+00,0.000000000000000e+00,0.000000000000000e+00,0.000000000000000e+00,0.000000000000000e+00,0.000000000000000e+00,0.000000000000000e+00
5.050505050505051e-01,0.000000000000000e+00,0.000000000000000e+00,0.000000000000000e+00,0.000000000000000e+00,0.000000000000000e+00,0.000000000000000e+00,0.000000000000000e+00,0.000000000000000e+00,0.000000000000000e+00,0.000000000000000e+00
6.060606060606061e-01,0.000000000000000e+00,0.000000000000000e+00,0.000000000000000e+00,0.000000000000000e+00,0.000000000000000e+00,0.000000000000000e+00,0.000000000000000e+00,0.000000000000000e+00,0.000000000000000e+00,0.000000000000000e+00
7.070707070707071e-01,0.000000000000000e+00,0.000000000000000e+00,0.000000000000000e+00,0.000000000000000e+00,0.000000000000000e+00,0.000000000000000e+00,0.000000000000000e+00,0.000000000000000e+00,0.000000000000000e+00,0.000000000000000e+00
8.080808080808081e-01,0.000000000000000e+00,0.000000000000000e+00,0.000000000000000e+00,0.000000000000000e+00,0.000000000000000e+00,0.000000000000000e+00,0.000000000000000e+00,0.000000000000000e+00,0.000000000000000e+00,0.000000000000000e+00
9.090909090909091e-01,0.000000000000000e+00,0.000000000000000e+00,0.000000000000000e+00,0.000000000000000e+00,0.000000000000000e+00,0.000000000000000e+00,0.000000000000000e+00,0.000000000000000e+00,0.000000000000000e+00,0.000000000000000e+00
1.010101010101010e+00,0.000000000000000e+00,0.000000000000000e+00,0.000000000000000e+00,0.000000000000000e+00,0.000000000000000e+00,0.000000000000000e+00,0.000000000000000e+00,0.000000000000000e+00,0.000000000000000e+00,0.000000000000000e+00
1.111111111111111e+00,0.000000000000000e+00,0.000000000000000e+00,0.000000000000000e+00,0.000000000000000e+00,0.000000000000000e+00,0.000000000000000e+00,0.000000000000000e+00,0.000000000000000e+00,0.000000000000000e+00,0.000000000000000e+00
1.212121212121212e+00,0.000000000000000e+00,0.000000000000000e+00,0.000000000000000e+00,0.000000000000000e+00,0.000000000000000e+00,0.000000000000000e+00,0.000000000000000e+00,0.000000000000000e+00,0.000000000000000e+00,0.000000000000000e+00
1.224747474747475e+00,0.000000000000000e+00,0.000000000000000e+00,0.000000000000000e+00,0.000000000000000e+00,0.000000000000000e+00,0.000000000000000e+00,0.000000000000000e+00,0.000000000000000e+00,0.000000000000000e+00,0.000000000000000e+00
1.231060606060606e+00,0.000000000000000e+00,0.000000000000000e+00,0.000000000000000e+00,0.000000000000000e+00,0.000000000000000e+00,0.000000000000000e+00,0.000000000000000e+00,0.000000000000000e+00,0.000000000000000e+00,0.000000000000000e+00
1.231849747474747e+00,0.000000000000000e+00,0.000000000000000e+00,0.000000000000000e+00,0.000000000000000e+00,0.000000000000000e+00,0.000000000000000e+00,0.000000000000000e+00,0.000000000000000e+00,0.000000000000000e+00,0.000000000000000e+00
1.232244318181818e+00,0.000000000000000e+00,0.000000000000000e+00,0.000000000000000e+00,0.000000000000000e+00,0.000000000000000e+00,0.000000000000000e+00,0.000000000000000e+00,0.000000000000000e+00,0.000000000000000e+00,0.000000000000000e+00
1.232342960858586e+00,0.000000000000000e+00,9.999724120493828e-01,0.000000000000000e+00,0.000000000000000e+00,0.000000000000000e+00,0.000000000000000e+00,0.000000000000000e+00,0.000000000000000e+00,0.000000000000000e+00,0.000000000000000e+00
1.232441603535353e+00,0.000000000000000e+00,9.999757941728395e-01,0.000000000000000e+00,0.000000000000000e+00,0.000000000000000e+00,0.000000000000000e+00,0.000000000000000e+00,0.000000000000000e+00,0.000000000000000e+00,0.000000000000000e+00
1.232638888888889e+00,0.000000000000000e+00,9.999825609481482e-01,0.000000000000000e+00,0.000000000000000e+00,0.000000000000000e+00,0.000000000000000e+00,0.000000000000000e+00,0.000000000000000e+00,0.000000000000000e+00,0.000000000000000e+00
1.234217171717172e+00,0.000000000000000e+00,1.000000000000000e+00,0.000000000000000e+00,0.000000000000000e+00,0.000000000000000e+00,0.000000000000000e+00,0.000000000000000e+00,0.000000000000000e+00,0.000000000000000e+00,0.000000000000000e+00
1.237373737373737e+00,0.000000000000000e+00,1.000000000000000e+00,0.000000000000000e+00,0.000000000000000e+00,0.000000000000000e+00,0.000000000000000e+00,0.000000000000000e+00,0.000000000000000e+00,0.000000000000000e+00,0.000000000000000e+00
1.262626262626263e+00,0.000000000000000e+00,1.000000000000000e+00,0.000000000000000e+00,0.000000000000000e+00,0.000000000000000e+00,0.000000000000000e+00,0.000000000000000e+00,0.000000000000000e+00,0.000000000000000e+00,0.000000000000000e+00
1.313131313131313e+00,0.000000000000000e+00,1.000000000000000e+00,0.000000000000000e+00,0.000000000000000e+00,0.000000000000000e+00,0.000000000000000e+00,0.000000000000000e+00,0.000000000000000e+00,0.000000000000000e+00,0.000000000000000e+00
1.338383838383838e+00,0.000000000000000e+00,1.000000000000000e+00,0.000000000000000e+00,0.000000000000000e+00,0.000000000000000e+00,0.000000000000000e+00,0.000000000000000e+00,0.000000000000000e+00,0.000000000000000e+00,0.000000000000000e+00
1.351010101010101e+00,0.000000000000000e+00,1.000000000000000e+00,0.000000000000000e+00,0.000000000000000e+00,0.000000000000000e+00,0.000000000000000e+00,0.000000000000000e+00,0.000000000000000e+00,0.000000000000000e+00,0.000000000000000e+00
1.357323232323232e+00,0.000000000000000e+00,1.000000000000000e+00,0.000000000000000e+00,0.000000000000000e+00,0.000000000000000e+00,0.000000000000000e+00,0.000000000000000e+00,0.000000000000000e+00,0.000000000000000e+00,0.000000000000000e+00
1.360479797979798e+00,0.000000000000000e+00,1.000000000000000e+00,0.000000000000000e+00,0.000000000000000e+00,0.000000000000000e+00,0.000000000000000e+00,0.000000000000000e+00,0.000000000000000e+00,0.000000000000000e+00,0.000000000000000e+00
1.360677083333333e+00,0.000000000000000e+00,1.000000000000000e+00,0.000000000000000e+00,0.000000000000000e+00,0.000000000000000e+00,0.000000000000000e+00,0.000000000000000e+00,0.000000000000000e+00,0.000000000000000e+00,0.000000000000000e+00
1.360775726010101e+00,0.000000000000000e+00,1.000000000000000e+00,0.000000000000000e+00,0.000000000000000e+00,0.000000000000000e+00,0.000000000000000e+00,0.000000000000000e+00,0.000000000000000e+00,9.999994898567901e-01,0.000000000000000e+00
1.360874368686869e+00,0.000000000000000e+00,1.000000000000000e+00,0.000000000000000e+00,0.000000000000000e+00,0.000000000000000e+00,0.000000000000000e+00,0.000000000000000e+00,0.000000000000000e+00,1.000000000000000e+00,0.000000000000000e+00
1.361268939393939e+00,0.000000000000000e+00,1.000000000000000e+00,0.000000000000000e+00,0.000000000000000e+00,0.000000000000000e+00,0.000000000000000e+00,0.000000000000000e+00,0.000000000000000e+00,1.000000000000000e+00,0.000000000000000e+00
1.362058080808081e+00,0.000000000000000e+00,1.000000000000000e+00,0.000000000000000e+00,0.000000000000000e+00,0.000000000000000e+00,0.000000000000000e+00,0.000000000000000e+00,0.000000000000000e+00,1.000000000000000e+00,0.000000000000000e+00
1.363636363636364e+00,0.000000000000000e+00,1.000000000000000e+00,0.000000000000000e+00,0.000000000000000e+00,0.000000000000000e+00,0.000000000000000e+00,0.000000000000000e+00,0.000000000000000e+00,1.000000000000000e+00,0.000000000000000e+00
1.414141414141414e+00,0.000000000000000e+00,1.000000000000000e+00,0.000000000000000e+00,0.000000000000000e+00,0.000000000000000e+00,0.000000000000000e+00,0.000000000000000e+00,0.000000000000000e+00,1.000000000000000e+00,0.000000000000000e+00
1.414930555555555e+00,0.000000000000000e+00,1.000000000000000e+00,0.000000000000000e+00,0.000000000000000e+00,0.000000000000000e+00,0.000000000000000e+00,0.000000000000000e+00,0.000000000000000e+00,1.000000000000000e+00,0.000000000000000e+00
1.415325126262626e+00,0.000000000000000e+00,1.000000000000000e+00,0.000000000000000e+00,0.000000000000000e+00,0.000000000000000e+00,0.000000000000000e+00,0.000000000000000e+00,0.000000000000000e+00,1.000000000000000e+00,0.000000000000000e+00
1.415522411616161e+00,0.000000000000000e+00,1.000000000000000e+00,0.000000000000000e+00,0.000000000000000e+00,0.000000000000000e+00,0.000000000000000e+00,0.000000000000000e+00,2.020345679012345e-06,1.000000000000000e+00,0.000000000000000e+00
1.415621054292929e+00,0.000000000000000e+00,1.000000000000000e+00,0.000000000000000e+00,0.000000000000000e+00,0.000000000000000e+00,0.000000000000000e+00,0.000000000000000e+00,1.000000000000000e+00,1.000000000000000e+00,0.000000000000000e+00
1.415719696969697e+00,0.000000000000000e+00,1.000000000000000e+00,0.000000000000000e+00,0.000000000000000e+00,0.000000000000000e+00,0.000000000000000e+00,0.000000000000000e+00,1.000000000000000e+00,1.000000000000000e+00,0.000000000000000e+00
1.417297979797980e+00,0.000000000000000e+00,1.000000000000000e+00,0.000000000000000e+00,0.000000000000000e+00,0.000000000000000e+00,0.000000000000000e+00,0.000000000000000e+00,1.000000000000000e+00,1.000000000000000e+00,0.000000000000000e+00
1.420454545454545e+00,0.000000000000000e+00,1.000000000000000e+00,0.000000000000000e+00,0.000000000000000e+00,0.000000000000000e+00,0.000000000000000e+00,0.000000000000000e+00,1.000000000000000e+00,1.000000000000000e+00,0.000000000000000e+00
1.426767676767677e+00,0.000000000000000e+00,1.000000000000000e+00,0.000000000000000e+00,0.000000000000000e+00,0.000000000000000e+00,0.000000000000000e+00,0.000000000000000e+00,1.000000000000000e+00,1.000000000000000e+00,0.000000000000000e+00
1.433080808080808e+00,0.000000000000000e+00,1.000000000000000e+00,0.000000000000000e+00,0.000000000000000e+00,0.000000000000000e+00,0.000000000000000e+00,0.000000000000000e+00,1.000000000000000e+00,1.000000000000000e+00,0.000000000000000e+00
1.436237373737374e+00,0.000000000000000e+00,1.000000000000000e+00,0.000000000000000e+00,0.000000000000000e+00,0.000000000000000e+00,0.000000000000000e+00,0.000000000000000e+00,1.000000000000000e+00,1.000000000000000e+00,0.000000000000000e+00
1.437815656565657e+00,0.000000000000000e+00,1.000000000000000e+00,0.000000000000000e+00,0.000000000000000e+00,0.000000000000000e+00,0.000000000000000e+00,0.000000000000000e+00,1.000000000000000e+00,1.000000000000000e+00,0.000000000000000e+00
1.438210227272727e+00,0.000000000000000e+00,1.000000000000000e+00,0.000000000000000e+00,0.000000000000000e+00,0.000000000000000e+00,0.000000000000000e+00,0.000000000000000e+00,1.000000000000000e+00,1.000000000000000e+00,0.000000000000000e+00
1.438407512626263e+00,0.000000000000000e+00,1.000000000000000e+00,0.000000000000000e+00,0.000000000000000e+00,0.000000000000000e+00,0.000000000000000e+00,0.000000000000000e+00,1.000000000000000e+00,1.000000000000000e+00,0.000000000000000e+00
1.438506155303030e+00,0.000000000000000e+00,1.000000000000000e+00,0.000000000000000e+00,0.000000000000000e+00,0.000000000000000e+00,0.000000000000000e+00,0.000000000000000e+00,1.000000000000000e+00,1.000000000000000e+00,0.000000000000000e+00
1.438604797979798e+00,0.000000000000000e+00,1.000000000000000e+00,0.000000000000000e+00,1.000000000000000e+00,0.000000000000000e+00,0.000000000000000e+00,0.000000000000000e+00,1.000000000000000e+00,1.000000000000000e+00,0.000000000000000e+00
1.439393939393939e+00,0.000000000000000e+00,1.000000000000000e+00,0.000000000000000e+00,1.000000000000000e+00,0.000000000000000e+00,0.000000000000000e+00,0.000000000000000e+00,1.000000000000000e+00,1.000000000000000e+00,0.000000000000000e+00
1.464646464646465e+00,0.000000000000000e+00,1.000000000000000e+00,0.000000000000000e+00,1.000000000000000e+00,0.000000000000000e+00,0.000000000000000e+00,0.000000000000000e+00,1.000000000000000e+00,1.000000000000000e+00,0.000000000000000e+00
1.470959595959596e+00,0.000000000000000e+00,1.000000000000000e+00,0.000000000000000e+00,1.000000000000000e+00,0.000000000000000e+00,0.000000000000000e+00,0.000000000000000e+00,1.000000000000000e+00,1.000000000000000e+00,0.000000000000000e+00
1.471748737373737e+00,0.000000000000000e+00,1.000000000000000e+00,0.000000000000000e+00,1.000000000000000e+00,0.000000000000000e+00,0.000000000000000e+00,0.000000000000000e+00,1.000000000000000e+00,1.000000000000000e+00,0.000000000000000e+00
1.471946022727272e+00,0.000000000000000e+00,1.000000000000000e+00,0.000000000000000e+00,1.000000000000000e+00,0.000000000000000e+00,2.133925925925926e-06,0.000000000000000e+00,1.000000000000000e+00,1.000000000000000e+00,0.000000000000000e+00
1.472044665404040e+00,0.000000000000000e+00,1.000000000000000e+00,0.000000000000000e+00,1.000000000000000e+00,0.000000000000000e+00,1.000000000000000e+00,0.000000000000000e+00,1.000000000000000e+00,1.000000000000000e+00,0.000000000000000e+00
1.472143308080808e+00,0.000000000000000e+00,1.000000000000000e+00,0.000000000000000e+00,1.000000000000000e+00,0.000000000000000e+00,1.000000000000000e+00,0.000000000000000e+00,1.000000000000000e+00,1.000000000000000e+00,0.000000000000000e+00
1.472537878787878e+00,0.000000000000000e+00,1.000000000000000e+00,0.000000000000000e+00,1.000000000000000e+00,0.000000000000000e+00,1.000000000000000e+00,0.000000000000000e+00,1.000000000000000e+00,1.000000000000000e+00,0.000000000000000e+00
1.474116161616161e+00,0.000000000000000e+00,1.000000000000000e+00,0.000000000000000e+00,1.000000000000000e+00,0.000000000000000e+00,1.000000000000000e+00,0.000000000000000e+00,1.000000000000000e+00,1.000000000000000e+00,0.000000000000000e+00
1.477272727272727e+00,0.000000000000000e+00,1.000000000000000e+00,0.000000000000000e+00,1.000000000000000e+00,0.000000000000000e+00,1.000000000000000e+00,0.000000000000000e+00,1.000000000000000e+00,1.000000000000000e+00,0.000000000000000e+00
1.480429292929293e+00,0.000000000000000e+00,1.000000000000000e+00,0.000000000000000e+00,1.000000000000000e+00,0.000000000000000e+00,1.000000000000000e+00,0.000000000000000e+00,1.000000000000000e+00,1.000000000000000e+00,0.000000000000000e+00
1.482007575757576e+00,0.000000000000000e+00,1.000000000000000e+00,0.000000000000000e+00,1.000000000000000e+00,0.000000000000000e+00,1.000000000000000e+00,0.000000000000000e+00,1.000000000000000e+00,1.000000000000000e+00,0.000000000000000e+00
1.482796717171717e+00,0.000000000000000e+00,1.000000000000000e+00,0.000000000000000e+00,1.000000000000000e+00,0.000000000000000e+00,1.000000000000000e+00,0.000000000000000e+00,1.000000000000000e+00,1.000000000000000e+00,0.000000000000000e+00
1.482994002525253e+00,0.000000000000000e+00,1.000000000000000e+00,0.000000000000000e+00,1.000000000000000e+00,0.000000000000000e+00,1.000000000000000e+00,0.000000000000000e+00,1.000000000000000e+00,1.000000000000000e+00,0.000000000000000e+00
1.483092645202020e+00,0.000000000000000e+00,1.000000000000000e+00,1.000000000000000e+00,1.000000000000000e+00,0.000000000000000e+00,1.000000000000000e+00,0.000000000000000e+00,1.000000000000000e+00,1.000000000000000e+00,0.000000000000000e+00
1.483191287878788e+00,0.000000000000000e+00,1.000000000000000e+00,1.000000000000000e+00,1.000000000000000e+00,0.000000000000000e+00,1.000000000000000e+00,0.000000000000000e+00,1.000000000000000e+00,1.000000000000000e+00,0.000000000000000e+00
1.483585858585859e+00,0.000000000000000e+00,1.000000000000000e+00,1.000000000000000e+00,1.000000000000000e+00,0.000000000000000e+00,1.000000000000000e+00,0.000000000000000e+00,1.000000000000000e+00,1.000000000000000e+00,0.000000000000000e+00
1.489898989898990e+00,0.000000000000000e+00,1.000000000000000e+00,1.000000000000000e+00,1.000000000000000e+00,0.000000000000000e+00,1.000000000000000e+00,0.000000000000000e+00,1.000000000000000e+00,1.000000000000000e+00,0.000000000000000e+00
1.493055555555555e+00,0.000000000000000e+00,1.000000000000000e+00,1.000000000000000e+00,1.000000000000000e+00,0.000000000000000e+00,1.000000000000000e+00,0.000000000000000e+00,1.000000000000000e+00,1.000000000000000e+00,0.000000000000000e+00
1.493450126262626e+00,0.000000000000000e+00,1.000000000000000e+00,1.000000000000000e+00,1.000000000000000e+00,0.000000000000000e+00,1.000000000000000e+00,0.000000000000000e+00,1.000000000000000e+00,1.000000000000000e+00,0.000000000000000e+00
1.493548768939394e+00,0.000000000000000e+00,1.000000000000000e+00,1.000000000000000e+00,1.000000000000000e+00,0.000000000000000e+00,1.000000000000000e+00,0.000000000000000e+00,1.000000000000000e+00,1.000000000000000e+00,0.000000000000000e+00
1.493647411616161e+00,9.999999999913580e-01,1.000000000000000e+00,1.000000000000000e+00,1.000000000000000e+00,0.000000000000000e+00,1.000000000000000e+00,0.000000000000000e+00,1.000000000000000e+00,1.000000000000000e+00,0.000000000000000e+00
1.493844696969697e+00,1.000000000000000e+00,1.000000000000000e+00,1.000000000000000e+00,1.000000000000000e+00,0.000000000000000e+00,1.000000000000000e+00,0.000000000000000e+00,1.000000000000000e+00,1.000000000000000e+00,0.000000000000000e+00
1.494633838383838e+00,1.000000000000000e+00,1.000000000000000e+00,1.000000000000000e+00,1.000000000000000e+00,0.000000000000000e+00,1.000000000000000e+00,0.000000000000000e+00,1.000000000000000e+00,1.000000000000000e+00,0.000000000000000e+00
1.496212121212121e+00,1.000000000000000e+00,1.000000000000000e+00,1.000000000000000e+00,1.000000000000000e+00,0.000000000000000e+00,1.000000000000000e+00,0.000000000000000e+00,1.000000000000000e+00,1.000000000000000e+00,0.000000000000000e+00
1.502525252525253e+00,1.000000000000000e+00,1.000000000000000e+00,1.000000000000000e+00,1.000000000000000e+00,0.000000000000000e+00,1.000000000000000e+00,0.000000000000000e+00,1.000000000000000e+00,1.000000000000000e+00,0.000000000000000e+00
1.515151515151515e+00,1.000000000000000e+00,1.000000000000000e+00,1.000000000000000e+00,1.000000000000000e+00,0.000000000000000e+00,1.000000000000000e+00,0.000000000000000e+00,1.000000000000000e+00,1.000000000000000e+00,0.000000000000000e+00
1.515940656565657e+00,1.000000000000000e+00,1.000000000000000e+00,1.000000000000000e+00,1.000000000000000e+00,0.000000000000000e+00,1.000000000000000e+00,0.000000000000000e+00,1.000000000000000e+00,1.000000000000000e+00,0.000000000000000e+00
1.516137941919192e+00,1.000000000000000e+00,1.000000000000000e+00,1.000000000000000e+00,1.000000000000000e+00,0.000000000000000e+00,1.000000000000000e+00,0.000000000000000e+00,1.000000000000000e+00,1.000000000000000e+00,0.000000000000000e+00
1.516236584595960e+00,1.000000000000000e+00,1.000000000000000e+00,1.000000000000000e+00,1.000000000000000e+00,0.000000000000000e+00,1.000000000000000e+00,0.000000000000000e+00,1.000000000000000e+00,1.000000000000000e+00,0.000000000000000e+00
1.516335227272727e+00,1.000000000000000e+00,1.000000000000000e+00,1.000000000000000e+00,1.000000000000000e+00,0.000000000000000e+00,1.000000000000000e+00,0.000000000000000e+00,1.000000000000000e+00,1.000000000000000e+00,9.999982992592592e-01
1.516729797979798e+00,1.000000000000000e+00,1.000000000000000e+00,1.000000000000000e+00,1.000000000000000e+00,0.000000000000000e+00,1.000000000000000e+00,0.000000000000000e+00,1.000000000000000e+00,1.000000000000000e+00,1.000000000000000e+00
1.518308080808081e+00,1.000000000000000e+00,1.000000000000000e+00,1.000000000000000e+00,1.000000000000000e+00,0.000000000000000e+00,1.000000000000000e+00,0.000000000000000e+00,1.000000000000000e+00,1.000000000000000e+00,1.000000000000000e+00
1.521464646464646e+00,1.000000000000000e+00,1.000000000000000e+00,1.000000000000000e+00,1.000000000000000e+00,0.000000000000000e+00,1.000000000000000e+00,0.000000000000000e+00,1.000000000000000e+00,1.000000000000000e+00,1.000000000000000e+00
1.527777777777778e+00,1.000000000000000e+00,1.000000000000000e+00,1.000000000000000e+00,1.000000000000000e+00,0.000000000000000e+00,1.000000000000000e+00,0.000000000000000e+00,1.000000000000000e+00,1.000000000000000e+00,1.000000000000000e+00
1.540404040404040e+00,1.000000000000000e+00,1.000000000000000e+00,1.000000000000000e+00,1.000000000000000e+00,0.000000000000000e+00,1.000000000000000e+00,0.000000000000000e+00,1.000000000000000e+00,1.000000000000000e+00,1.000000000000000e+00
1.565656565656566e+00,1.000000000000000e+00,1.000000000000000e+00,1.000000000000000e+00,1.000000000000000e+00,0.000000000000000e+00,1.000000000000000e+00,0.000000000000000e+00,1.000000000000000e+00,1.000000000000000e+00,1.000000000000000e+00
1.616161616161616e+00,1.000000000000000e+00,1.000000000000000e+00,1.000000000000000e+00,1.000000000000000e+00,0.000000000000000e+00,1.000000000000000e+00,0.000000000000000e+00,1.000000000000000e+00,1.000000000000000e+00,1.000000000000000e+00
1.666666666666667e+00,1.000000000000000e+00,1.000000000000000e+00,1.000000000000000e+00,1.000000000000000e+00,0.000000000000000e+00,1.000000000000000e+00,0.000000000000000e+00,1.000000000000000e+00,1.000000000000000e+00,1.000000000000000e+00
1.669823232323232e+00,1.000000000000000e+00,1.000000000000000e+00,1.000000000000000e+00,1.000000000000000e+00,0.000000000000000e+00,1.000000000000000e+00,0.000000000000000e+00,1.000000000000000e+00,1.000000000000000e+00,1.000000000000000e+00
1.671401515151515e+00,1.000000000000000e+00,1.000000000000000e+00,1.000000000000000e+00,1.000000000000000e+00,0.000000000000000e+00,1.000000000000000e+00,0.000000000000000e+00,1.000000000000000e+00,1.000000000000000e+00,1.000000000000000e+00
1.671796085858586e+00,1.000000000000000e+00,1.000000000000000e+00,1.000000000000000e+00,1.000000000000000e+00,0.000000000000000e+00,1.000000000000000e+00,0.000000000000000e+00,1.000000000000000e+00,1.000000000000000e+00,1.000000000000000e+00
1.671894728535353e+00,1.000000000000000e+00,1.000000000000000e+00,1.000000000000000e+00,1.000000000000000e+00,9.999807083456791e-01,1.000000000000000e+00,0.000000000000000e+00,1.000000000000000e+00,1.000000000000000e+00,1.000000000000000e+00
1.671993371212121e+00,1.000000000000000e+00,1.000000000000000e+00,1.000000000000000e+00,1.000000000000000e+00,9.999830735802470e-01,1.000000000000000e+00,0.000000000000000e+00,1.000000000000000e+00,1.000000000000000e+00,1.000000000000000e+00
1.672190656565657e+00,1.000000000000000e+00,1.000000000000000e+00,1.000000000000000e+00,1.000000000000000e+00,9.999878056296297e-01,1.000000000000000e+00,0.000000000000000e+00,1.000000000000000e+00,1.000000000000000e+00,1.000000000000000e+00
1.672979797979798e+00,1.000000000000000e+00,1.000000000000000e+00,1.000000000000000e+00,1.000000000000000e+00,1.000000000000000e+00,1.000000000000000e+00,0.000000000000000e+00,1.000000000000000e+00,1.000000000000000e+00,1.000000000000000e+00
1.679292929292929e+00,1.000000000000000e+00,1.000000000000000e+00,1.000000000000000e+00,1.000000000000000e+00,1.000000000000000e+00,1.000000000000000e+00,0.000000000000000e+00,1.000000000000000e+00,1.000000000000000e+00,1.000000000000000e+00
1.691919191919192e+00,1.000000000000000e+00,1.000000000000000e+00,1.000000000000000e+00,1.000000000000000e+00,1.000000000000000e+00,1.000000000000000e+00,0.000000000000000e+00,1.000000000000000e+00,1.000000000000000e+00,1.000000000000000e+00
1.717171717171717e+00,1.000000000000000e+00,1.000000000000000e+00,1.000000000000000e+00,1.000000000000000e+00,1.000000000000000e+00,1.000000000000000e+00,0.000000000000000e+00,1.000000000000000e+00,1.000000000000000e+00,1.000000000000000e+00
1.818181818181818e+00,1.000000000000000e+00,1.000000000000000e+00,1.000000000000000e+00,1.000000000000000e+00,1.000000000000000e+00,1.000000000000000e+00,0.000000000000000e+00,1.000000000000000e+00,1.000000000000000e+00,1.000000000000000e+00
1.830808080808081e+00,1.000000000000000e+00,1.000000000000000e+00,1.000000000000000e+00,1.000000000000000e+00,1.000000000000000e+00,1.000000000000000e+00,0.000000000000000e+00,1.000000000000000e+00,1.000000000000000e+00,1.000000000000000e+00
1.833964646464647e+00,1.000000000000000e+00,1.000000000000000e+00,1.000000000000000e+00,1.000000000000000e+00,1.000000000000000e+00,1.000000000000000e+00,0.000000000000000e+00,1.000000000000000e+00,1.000000000000000e+00,1.000000000000000e+00
1.835542929292930e+00,1.000000000000000e+00,1.000000000000000e+00,1.000000000000000e+00,1.000000000000000e+00,1.000000000000000e+00,1.000000000000000e+00,0.000000000000000e+00,1.000000000000000e+00,1.000000000000000e+00,1.000000000000000e+00
1.835937500000000e+00,1.000000000000000e+00,1.000000000000000e+00,1.000000000000000e+00,1.000000000000000e+00,1.000000000000000e+00,1.000000000000000e+00,0.000000000000000e+00,1.000000000000000e+00,1.000000000000000e+00,1.000000000000000e+00
1.836036142676768e+00,1.000000000000000e+00,1.000000000000000e+00,1.000000000000000e+00,1.000000000000000e+00,1.000000000000000e+00,1.000000000000000e+00,0.000000000000000e+00,1.000000000000000e+00,1.000000000000000e+00,1.000000000000000e+00
1.836134785353535e+00,1.000000000000000e+00,1.000000000000000e+00,1.000000000000000e+00,1.000000000000000e+00,1.000000000000000e+00,1.000000000000000e+00,9.999927320493827e-01,1.000000000000000e+00,1.000000000000000e+00,1.000000000000000e+00
1.836332070707071e+00,1.000000000000000e+00,1.000000000000000e+00,1.000000000000000e+00,1.000000000000000e+00,1.000000000000000e+00,1.000000000000000e+00,9.999969704691358e-01,1.000000000000000e+00,1.000000000000000e+00,1.000000000000000e+00
1.837121212121212e+00,1.000000000000000e+00,1.000000000000000e+00,1.000000000000000e+00,1.000000000000000e+00,1.000000000000000e+00,1.000000000000000e+00,1.000000000000000e+00,1.000000000000000e+00,1.000000000000000e+00,1.000000000000000e+00
1.843434343434343e+00,1.000000000000000e+00,1.000000000000000e+00,1.000000000000000e+00,1.000000000000000e+00,1.000000000000000e+00,1.000000000000000e+00,1.000000000000000e+00,1.000000000000000e+00,1.000000000000000e+00,1.000000000000000e+00
1.868686868686869e+00,1.000000000000000e+00,1.000000000000000e+00,1.000000000000000e+00,1.000000000000000e+00,1.000000000000000e+00,1.000000000000000e+00,1.000000000000000e+00,1.000000000000000e+00,1.000000000000000e+00,1.000000000000000e+00
1.919191919191919e+00,1.000000000000000e+00,1.000000000000000e+00,1.000000000000000e+00,1.000000000000000e+00,1.000000000000000e+00,1.000000000000000e+00,1.000000000000000e+00,1.000000000000000e+00,1.000000000000000e+00,1.000000000000000e+00
2.020202020202020e+00,1.000000000000000e+00,1.000000000000000e+00,1.000000000000000e+00,1.000000000000000e+00,1.000000000000000e+00,1.000000000000000e+00,1.000000000000000e+00,1.000000000000000e+00,1.000000000000000e+00,1.000000000000000e+00
2.121212121212121e+00,1.000000000000000e+00,1.000000000000000e+00,1.000000000000000e+00,1.000000000000000e+00,1.000000000000000e+00,1.000000000000000e+00,1.000000000000000e+00,1.000000000000000e+00,1.000000000000000e+00,1.000000000000000e+00
2.222222222222222e+00,1.000000000000000e+00,1.000000000000000e+00,1.000000000000000e+00,1.000000000000000e+00,1.000000000000000e+00,1.000000000000000e+00,1.000000000000000e+00,1.000000000000000e+00,1.000000000000000e+00,1.000000000000000e+00
2.323232323232323e+00,1.000000000000000e+00,1.000000000000000e+00,1.000000000000000e+00,1.000000000000000e+00,1.000000000000000e+00,1.000000000000000e+00,1.000000000000000e+00,1.000000000000000e+00,1.000000000000000e+00,1.000000000000000e+00
2.424242424242424e+00,1.000000000000000e+00,1.000000000000000e+00,1.000000000000000e+00,1.000000000000000e+00,1.000000000000000e+00,1.000000000000000e+00,1.000000000000000e+00,1.000000000000000e+00,1.000000000000000e+00,1.000000000000000e+00
2.525252525252525e+00,1.000000000000000e+00,1.000000000000000e+00,1.000000000000000e+00,1.000000000000000e+00,1.000000000000000e+00,1.000000000000000e+00,1.000000000000000e+00,1.000000000000000e+00,1.000000000000000e+00,1.000000000000000e+00
2.626262626262626e+00,1.000000000000000e+00,1.000000000000000e+00,1.000000000000000e+00,1.000000000000000e+00,1.000000000000000e+00,1.000000000000000e+00,1.000000000000000e+00,1.000000000000000e+00,1.000000000000000e+00,1.000000000000000e+00
2.727272727272727e+00,1.000000000000000e+00,1.000000000000000e+00,1.000000000000000e+00,1.000000000000000e+00,1.000000000000000e+00,1.000000000000000e+00,1.000000000000000e+00,1.000000000000000e+00,1.000000000000000e+00,1.000000000000000e+00
2.828282828282828e+00,1.000000000000000e+00,1.000000000000000e+00,1.000000000000000e+00,1.000000000000000e+00,1.000000000000000e+00,1.000000000000000e+00,1.000000000000000e+00,1.000000000000000e+00,1.000000000000000e+00,1.000000000000000e+00
2.929292929292929e+00,1.000000000000000e+00,1.000000000000000e+00,1.000000000000000e+00,1.000000000000000e+00,1.000000000000000e+00,1.000000000000000e+00,1.000000000000000e+00,1.000000000000000e+00,1.000000000000000e+00,1.000000000000000e+00
3.030303030303030e+00,1.000000000000000e+00,1.000000000000000e+00,1.000000000000000e+00,1.000000000000000e+00,1.000000000000000e+00,1.000000000000000e+00,1.000000000000000e+00,1.000000000000000e+00,1.000000000000000e+00,1.000000000000000e+00
3.131313131313131e+00,1.000000000000000e+00,1.000000000000000e+00,1.000000000000000e+00,1.000000000000000e+00,1.000000000000000e+00,1.000000000000000e+00,1.000000000000000e+00,1.000000000000000e+00,1.000000000000000e+00,1.000000000000000e+00
3.232323232323232e+00,1.000000000000000e+00,1.000000000000000e+00,1.000000000000000e+00,1.000000000000000e+00,1.000000000000000e+00,1.000000000000000e+00,1.000000000000000e+00,1.000000000000000e+00,1.000000000000000e+00,1.000000000000000e+00
3.333333333333333e+00,1.000000000000000e+00,1.000000000000000e+00,1.000000000000000e+00,1.000000000000000e+00,1.000000000000000e+00,1.000000000000000e+00,1.000000000000000e+00,1.000000000000000e+00,1.000000000000000e+00,1.000000000000000e+00
3.434343434343434e+00,1.000000000000000e+00,1.000000000000000e+00,1.000000000000000e+00,1.000000000000000e+00,1.000000000000000e+00,1.000000000000000e+00,1.000000000000000e+00,1.000000000000000e+00,1.000000000000000e+00,1.000000000000000e+00
3.535353535353535e+00,1.000000000000000e+00,1.000000000000000e+00,1.000000000000000e+00,1.000000000000000e+00,1.000000000000000e+00,1.000000000000000e+00,1.000000000000000e+00,1.000000000000000e+00,1.000000000000000e+00,1.000000000000000e+00
3.636363636363636e+00,1.000000000000000e+00,1.000000000000000e+00,1.000000000000000e+00,1.000000000000000e+00,1.000000000000000e+00,1.000000000000000e+00,1.000000000000000e+00,1.000000000000000e+00,1.000000000000000e+00,1.000000000000000e+00
3.737373737373737e+00,1.000000000000000e+00,1.000000000000000e+00,1.000000000000000e+00,1.000000000000000e+00,1.000000000000000e+00,1.000000000000000e+00,1.000000000000000e+00,1.000000000000000e+00,1.000000000000000e+00,1.000000000000000e+00
3.838383838383838e+00,1.000000000000000e+00,1.000000000000000e+00,1.000000000000000e+00,1.000000000000000e+00,1.000000000000000e+00,1.000000000000000e+00,1.000000000000000e+00,1.000000000000000e+00,1.000000000000000e+00,1.000000000000000e+00
3.939393939393939e+00,1.000000000000000e+00,1.000000000000000e+00,1.000000000000000e+00,1.000000000000000e+00,1.000000000000000e+00,1.000000000000000e+00,1.000000000000000e+00,1.000000000000000e+00,1.000000000000000e+00,1.000000000000000e+00
4.040404040404041e+00,1.000000000000000e+00,1.000000000000000e+00,1.000000000000000e+00,1.000000000000000e+00,1.000000000000000e+00,1.000000000000000e+00,1.000000000000000e+00,1.000000000000000e+00,1.000000000000000e+00,1.000000000000000e+00
4.141414141414141e+00,1.000000000000000e+00,1.000000000000000e+00,1.000000000000000e+00,1.000000000000000e+00,1.000000000000000e+00,1.000000000000000e+00,1.000000000000000e+00,1.000000000000000e+00,1.000000000000000e+00,1.000000000000000e+00
4.242424242424242e+00,1.000000000000000e+00,1.000000000000000e+00,1.000000000000000e+00,1.000000000000000e+00,1.000000000000000e+00,1.000000000000000e+00,1.000000000000000e+00,1.000000000000000e+00,1.000000000000000e+00,1.000000000000000e+00
4.343434343434343e+00,1.000000000000000e+00,1.000000000000000e+00,1.000000000000000e+00,1.000000000000000e+00,1.000000000000000e+00,1.000000000000000e+00,1.000000000000000e+00,1.000000000000000e+00,1.000000000000000e+00,1.000000000000000e+00
4.444444444444445e+00,1.000000000000000e+00,1.000000000000000e+00,1.000000000000000e+00,1.000000000000000e+00,1.000000000000000e+00,1.000000000000000e+00,1.000000000000000e+00,1.000000000000000e+00,1.000000000000000e+00,1.000000000000000e+00
4.545454545454545e+00,1.000000000000000e+00,1.000000000000000e+00,1.000000000000000e+00,1.000000000000000e+00,1.000000000000000e+00,1.000000000000000e+00,1.000000000000000e+00,1.000000000000000e+00,1.000000000000000e+00,1.000000000000000e+00
4.646464646464646e+00,1.000000000000000e+00,1.000000000000000e+00,1.000000000000000e+00,1.000000000000000e+00,1.000000000000000e+00,1.000000000000000e+00,1.000000000000000e+00,1.000000000000000e+00,1.000000000000000e+00,1.000000000000000e+00
4.747474747474747e+00,1.000000000000000e+00,1.000000000000000e+00,1.000000000000000e+00,1.000000000000000e+00,1.000000000000000e+00,1.000000000000000e+00,1.000000000000000e+00,1.000000000000000e+00,1.000000000000000e+00,1.000000000000000e+00
4.848484848484849e+00,1.000000000000000e+00,1.000000000000000e+00,1.000000000000000e+00,1.000000000000000e+00,1.000000000000000e+00,1.000000000000000e+00,1.000000000000000e+00,1.000000000000000e+00,1.000000000000000e+00,1.000000000000000e+00
4.949494949494950e+00,1.000000000000000e+00,1.000000000000000e+00,1.000000000000000e+00,1.000000000000000e+00,1.000000000000000e+00,1.000000000000000e+00,1.000000000000000e+00,1.000000000000000e+00,1.000000000000000e+00,1.000000000000000e+00
5.050505050505050e+00,1.000000000000000e+00,1.000000000000000e+00,1.000000000000000e+00,1.000000000000000e+00,1.000000000000000e+00,1.000000000000000e+00,1.000000000000000e+00,1.000000000000000e+00,1.000000000000000e+00,1.000000000000000e+00
5.151515151515151e+00,1.000000000000000e+00,1.000000000000000e+00,1.000000000000000e+00,1.000000000000000e+00,1.000000000000000e+00,1.000000000000000e+00,1.000000000000000e+00,1.000000000000000e+00,1.000000000000000e+00,1.000000000000000e+00
5.252525252525253e+00,1.000000000000000e+00,1.000000000000000e+00,1.000000000000000e+00,1.000000000000000e+00,1.000000000000000e+00,1.000000000000000e+00,1.000000000000000e+00,1.000000000000000e+00,1.000000000000000e+00,1.000000000000000e+00
5.353535353535354e+00,1.000000000000000e+00,1.000000000000000e+00,1.000000000000000e+00,1.000000000000000e+00,1.000000000000000e+00,1.000000000000000e+00,1.000000000000000e+00,1.000000000000000e+00,1.000000000000000e+00,1.000000000000000e+00
5.454545454545454e+00,1.000000000000000e+00,1.000000000000000e+00,1.000000000000000e+00,1.000000000000000e+00,1.000000000000000e+00,1.000000000000000e+00,1.000000000000000e+00,1.000000000000000e+00,1.000000000000000e+00,1.000000000000000e+00
5.555555555555555e+00,1.000000000000000e+00,1.000000000000000e+00,1.000000000000000e+00,1.000000000000000e+00,1.000000000000000e+00,1.000000000000000e+00,1.000000000000000e+00,1.000000000000000e+00,1.000000000000000e+00,1.000000000000000e+00
5.656565656565657e+00,1.000000000000000e+00,1.000000000000000e+00,1.000000000000000e+00,1.000000000000000e+00,1.000000000000000e+00,1.000000000000000e+00,1.000000000000000e+00,1.000000000000000e+00,1.000000000000000e+00,1.000000000000000e+00
5.757575757575758e+00,1.000000000000000e+00,1.000000000000000e+00,1.000000000000000e+00,1.000000000000000e+00,1.000000000000000e+00,1.000000000000000e+00,1.000000000000000e+00,1.000000000000000e+00,1.000000000000000e+00,1.000000000000000e+00
5.858585858585858e+00,1.000000000000000e+00,1.000000000000000e+00,1.000000000000000e+00,1.000000000000000e+00,1.000000000000000e+00,1.000000000000000e+00,1.000000000000000e+00,1.000000000000000e+00,1.000000000000000e+00,1.000000000000000e+00
5.959595959595959e+00,1.000000000000000e+00,1.000000000000000e+00,1.000000000000000e+00,1.000000000000000e+00,1.000000000000000e+00,1.000000000000000e+00,1.000000000000000e+00,1.000000000000000e+00,1.000000000000000e+00,1.000000000000000e+00
6.060606060606061e+00,1.000000000000000e+00,1.000000000000000e+00,1.000000000000000e+00,1.000000000000000e+00,1.000000000000000e+00,1.000000000000000e+00,1.000000000000000e+00,1.000000000000000e+00,1.000000000000000e+00,1.000000000000000e+00
6.161616161616162e+00,1.000000000000000e+00,1.000000000000000e+00,1.000000000000000e+00,1.000000000000000e+00,1.000000000000000e+00,1.000000000000000e+00,1.000000000000000e+00,1.000000000000000e+00,1.000000000000000e+00,1.000000000000000e+00
6.262626262626262e+00,1.000000000000000e+00,1.000000000000000e+00,1.000000000000000e+00,1.000000000000000e+00,1.000000000000000e+00,1.000000000000000e+00,1.000000000000000e+00,1.000000000000000e+00,1.000000000000000e+00,1.000000000000000e+00
6.363636363636363e+00,1.000000000000000e+00,1.000000000000000e+00,1.000000000000000e+00,1.000000000000000e+00,1.000000000000000e+00,1.000000000000000e+00,1.000000000000000e+00,1.000000000000000e+00,1.000000000000000e+00,1.000000000000000e+00
6.464646464646465e+00,1.000000000000000e+00,1.000000000000000e+00,1.000000000000000e+00,1.000000000000000e+00,1.000000000000000e+00,1.000000000000000e+00,1.000000000000000e+00,1.000000000000000e+00,1.000000000000000e+00,1.000000000000000e+00
6.565656565656566e+00,1.000000000000000e+00,1.000000000000000e+00,1.000000000000000e+00,1.000000000000000e+00,1.000000000000000e+00,1.000000000000000e+00,1.000000000000000e+00,1.000000000000000e+00,1.000000000000000e+00,1.000000000000000e+00
6.666666666666667e+00,1.000000000000000e+00,1.000000000000000e+00,1.000000000000000e+00,1.000000000000000e+00,1.000000000000000e+00,1.000000000000000e+00,1.000000000000000e+00,1.000000000000000e+00,1.000000000000000e+00,1.000000000000000e+00
6.767676767676767e+00,1.000000000000000e+00,1.000000000000000e+00,1.000000000000000e+00,1.000000000000000e+00,1.000000000000000e+00,1.000000000000000e+00,1.000000000000000e+00,1.000000000000000e+00,1.000000000000000e+00,1.000000000000000e+00
6.868686868686869e+00,1.000000000000000e+00,1.000000000000000e+00,1.000000000000000e+00,1.000000000000000e+00,1.000000000000000e+00,1.000000000000000e+00,1.000000000000000e+00,1.000000000000000e+00,1.000000000000000e+00,1.000000000000000e+00
6.969696969696970e+00,1.000000000000000e+00,1.000000000000000e+00,1.000000000000000e+00,1.000000000000000e+00,1.000000000000000e+00,1.000000000000000e+00,1.000000000000000e+00,1.000000000000000e+00,1.000000000000000e+00,1.000000000000000e+00
7.070707070707071e+00,1.000000000000000e+00,1.000000000000000e+00,1.000000000000000e+00,1.000000000000000e+00,1.000000000000000e+00,1.000000000000000e+00,1.000000000000000e+00,1.000000000000000e+00,1.000000000000000e+00,1.000000000000000e+00
7.171717171717171e+00,1.000000000000000e+00,1.000000000000000e+00,1.000000000000000e+00,1.000000000000000e+00,1.000000000000000e+00,1.000000000000000e+00,1.000000000000000e+00,1.000000000000000e+00,1.000000000000000e+00,1.000000000000000e+00
7.272727272727272e+00,1.000000000000000e+00,1.000000000000000e+00,1.000000000000000e+00,1.000000000000000e+00,1.000000000000000e+00,1.000000000000000e+00,1.000000000000000e+00,1.000000000000000e+00,1.000000000000000e+00,1.000000000000000e+00
7.373737373737374e+00,1.000000000000000e+00,1.000000000000000e+00,1.000000000000000e+00,1.000000000000000e+00,1.000000000000000e+00,1.000000000000000e+00,1.000000000000000e+00,1.000000000000000e+00,1.000000000000000e+00,1.000000000000000e+00
7.474747474747475e+00,1.000000000000000e+00,1.000000000000000e+00,1.000000000000000e+00,1.000000000000000e+00,1.000000000000000e+00,1.000000000000000e+00,1.000000000000000e+00,1.000000000000000e+00,1.000000000000000e+00,1.000000000000000e+00
7.575757575757575e+00,1.000000000000000e+00,1.000000000000000e+00,1.000000000000000e+00,1.000000000000000e+00,1.000000000000000e+00,1.000000000000000e+00,1.000000000000000e+00,1.000000000000000e+00,1.000000000000000e+00,1.000000000000000e+00
7.676767676767676e+00,1.000000000000000e+00,1.000000000000000e+00,1.000000000000000e+00,1.000000000000000e+00,1.000000000000000e+00,1.000000000000000e+00,1.000000000000000e+00,1.000000000000000e+00,1.000000000000000e+00,1.000000000000000e+00
7.777777777777778e+00,1.000000000000000e+00,1.000000000000000e+00,1.000000000000000e+00,1.000000000000000e+00,1.000000000000000e+00,1.000000000000000e+00,1.000000000000000e+00,1.000000000000000e+00,1.000000000000000e+00,1.000000000000000e+00
7.878787878787879e+00,1.000000000000000e+00,1.000000000000000e+00,1.000000000000000e+00,1.000000000000000e+00,1.000000000000000e+00,1.000000000000000e+00,1.000000000000000e+00,1.000000000000000e+00,1.000000000000000e+00,1.000000000000000e+00
7.979797979797979e+00,1.000000000000000e+00,1.000000000000000e+00,1.000000000000000e+00,1.000000000000000e+00,1.000000000000000e+00,1.000000000000000e+00,1.000000000000000e+00,1.000000000000000e+00,1.000000000000000e+00,1.000000000000000e+00
8.080808080808081e+00,1.000000000000000e+00,1.000000000000000e+00,1.000000000000000e+00,1.000000000000000e+00,1.000000000000000e+00,1.000000000000000e+00,1.000000000000000e+00,1.000000000000000e+00,1.000000000000000e+00,1.000000000000000e+00
8.181818181818182e+00,1.000000000000000e+00,1.000000000000000e+00,1.000000000000000e+00,1.000000000000000e+00,1.000000000000000e+00,1.000000000000000e+00,1.000000000000000e+00,1.000000000000000e+00,1.000000000000000e+00,1.000000000000000e+00
8.282828282828282e+00,1.000000000000000e+00,1.000000000000000e+00,1.000000000000000e+00,1.000000000000000e+00,1.000000000000000e+00,1.000000000000000e+00,1.000000000000000e+00,1.000000000000000e+00,1.000000000000000e+00,1.000000000000000e+00
8.383838383838384e+00,1.000000000000000e+00,1.000000000000000e+00,1.000000000000000e+00,1.000000000000000e+00,1.000000000000000e+00,1.000000000000000e+00,1.000000000000000e+00,1.000000000000000e+00,1.000000000000000e+00,1.000000000000000e+00
8.484848484848484e+00,1.000000000000000e+00,1.000000000000000e+00,1.000000000000000e+00,1.000000000000000e+00,1.000000000000000e+00,1.000000000000000e+00,1.000000000000000e+00,1.000000000000000e+00,1.000000000000000e+00,1.000000000000000e+00
8.585858585858587e+00,1.000000000000000e+00,1.000000000000000e+00,1.000000000000000e+00,1.000000000000000e+00,1.000000000000000e+00,1.000000000000000e+00,1.000000000000000e+00,1.000000000000000e+00,1.000000000000000e+00,1.000000000000000e+00
8.686868686868687e+00,1.000000000000000e+00,1.000000000000000e+00,1.000000000000000e+00,1.000000000000000e+00,1.000000000000000e+00,1.000000000000000e+00,1.000000000000000e+00,1.000000000000000e+00,1.000000000000000e+00,1.000000000000000e+00
8.787878787878787e+00,1.000000000000000e+00,1.000000000000000e+00,1.000000000000000e+00,1.000000000000000e+00,1.000000000000000e+00,1.000000000000000e+00,1.000000000000000e+00,1.000000000000000e+00,1.000000000000000e+00,1.000000000000000e+00
8.888888888888889e+00,1.000000000000000e+00,1.000000000000000e+00,1.000000000000000e+00,1.000000000000000e+00,1.000000000000000e+00,1.000000000000000e+00,1.000000000000000e+00,1.000000000000000e+00,1.000000000000000e+00,1.000000000000000e+00
8.989898989898990e+00,1.000000000000000e+00,1.000000000000000e+00,1.000000000000000e+00,1.000000000000000e+00,1.000000000000000e+00,1.000000000000000e+00,1.000000000000000e+00,1.000000000000000e+00,1.000000000000000e+00,1.000000000000000e+00
9.090909090909090e+00,1.000000000000000e+00,1.000000000000000e+00,1.000000000000000e+00,1.000000000000000e+00,1.000000000000000e+00,1.000000000000000e+00,1.000000000000000e+00,1.000000000000000e+00,1.000000000000000e+00,1.000000000000000e+00
9.191919191919192e+00,1.000000000000000e+00,1.000000000000000e+00,1.000000000000000e+00,1.000000000000000e+00,1.000000000000000e+00,1.000000000000000e+00,1.000000000000000e+00,1.000000000000000e+00,1.000000000000000e+00,1.000000000000000e+00
9.292929292929292e+00,1.000000000000000e+00,1.000000000000000e+00,1.000000000000000e+00,1.000000000000000e+00,1.000000000000000e+00,1.000000000000000e+00,1.000000000000000e+00,1.000000000000000e+00,1.000000000000000e+00,1.000000000000000e+00
9.393939393939394e+00,1.000000000000000e+00,1.000000000000000e+00,1.000000000000000e+00,1.000000000000000e+00,1.000000000000000e+00,1.000000000000000e+00,1.000000000000000e+00,1.000000000000000e+00,1.000000000000000e+00,1.000000000000000e+00
9.494949494949495e+00,1.000000000000000e+00,1.000000000000000e+00,1.000000000000000e+00,1.000000000000000e+00,1.000000000000000e+00,1.000000000000000e+00,1.000000000000000e+00,1.000000000000000e+00,1.000000000000000e+00,1.000000000000000e+00
9.595959595959595e+00,1.000000000000000e+00,1.000000000000000e+00,1.000000000000000e+00,1.000000000000000e+00,1.000000000000000e+00,1.000000000000000e+00,1.000000000000000e+00,1.000000000000000e+00,1.000000000000000e+00,1.000000000000000e+00
9.696969696969697e+00,1.000000000000000e+00,1.000000000000000e+00,1.000000000000000e+00,1.000000000000000e+00,1.000000000000000e+00,1.000000000000000e+00,1.000000000000000e+00,1.000000000000000e+00,1.000000000000000e+00,1.000000000000000e+00
9.797979797979798e+00,1.000000000000000e+00,1.000000000000000e+00,1.000000000000000e+00,1.000000000000000e+00,1.000000000000000e+00,1.000000000000000e+00,1.000000000000000e+00,1.000000000000000e+00,1.000000000000000e+00,1.000000000000000e+00
9.898989898989900e+00,1.000000000000000e+00,1.000000000000000e+00,1.000000000000000e+00,1.000000000000000e+00,1.000000000000000e+00,1.000000000000000e+00,1.000000000000000e+00,1.000000000000000e+00,1.000000000000000e+00,1.000000000000000e+00
1.000000000000000e+01,1.000000000000000e+00,1.000000000000000e+00,1.000000000000000e+00,1.000000000000000e+00,1.000000000000000e+00,1.000000000000000e+00,1.000000000000000e+00,1.000000000000000e+00,1.000000000000000e+00,1.000000000000000e+00
