,Domain_1,Domain_2,Domain_3,Domain_4,Domain_5,Domain_6,Domain_7,Domain_8,Domain_9,Domain_10
0.000000000000000e+00,0.000000000000000e+00,0.000000000000000e+00,0.000000000000000e+00,0.000000000000000e+00,0.000000000000000e+00,0.000000000000000e+00,0.000000000000000e+00,0.000000000000000e+00,0.000000000000000e+00,0.000000000000000e+00
1.010101010101010e-01,0.000000000000000e+00,0.000000000000000e+00,0.000000000000000e+00,0.000000000000000e+00,0.000000000000000e+00,0.000000000000000e+00,0.000000000000000e+00,0.000000000000000e+00,0.000000000000000e+00,0.000000000000000e+00
2.020202020202020e-01,0.000000000000000e+00,0.000000000000000e+00,0.000000000000000e+00,0.000000000000000e+00,0.000000000000000e+00,0.000000000000000e+00,0.000000000000000e+00,0.000000000000000e+00,0.000000000000000e+00,0.000000000000000e+00
3.030303030303030e-01,0.000000000000000e+00,0.000000000000000e+00,0.000000000000000e+00,0.000000000000000e+00,0.000000000000000e+00,0.000000000000000e+00,0.000000000000000e+00,0.000000000000000e+00,0.000000000000000e+00,0.000000000000000e+00
4.040404040404040e-01,0.000000000000000e+00,0.000000000000000e+00,0.000000000000000e+00,0.000000000000000e+00,0.000000000000000e+00,0.000000000000000e+00,0.000000000000000e+00,0.000000000000000e+00,0.000000000000000e+00,0.000000000000000e+00
5.050505050505051e-01,0.000000000000000e+00,0.000000000000000e+00,0.000000000000000e+00,0.000000000000000e+00,0.000000000000000e+00,0.000000000000000e+00,0.000000000000000e+00,0.000000000000000e+00,0.000000000000000e+00,0.000000000000000e+00
6.060606060606061e-01,0.000000000000000e+00,0.000000000000000e+00,0.000000000000000e+00,0.000000000000000e+00,0.000000000000000e+00,0.000000000000000e+00,0.000000000000000e+00,0.000000000000000e+00,0.000000000000000e+00,0.000000000000000e+00
7.070707070707071e-01,0.000000000000000e+00,0.000000000000000e+00,0.000000000000000e+00,0.000000000000000e+00,0.000000000000000e+00,0.000000000000000e+00,0.000000000000000e+00,0.000000000000000e+00,0.000000000000000e+00,0.000000000000000e+00
8.080808080808081e-01,0.000000000000000e+00,0.000000000000000e+00,0.000000000000000e+00,0.000000000000000e+00,0.000000000000000e+00,0.000000000000000e+00,0.000000000000000e+00,0.000000000000000e+00,0.000000000000000e+00,0.000000000000000e+00
9.090909090909091e-01,0.000000000000000e+00,0.000000000000000e+00,0.000000000000000e+00,0.000000000000000e+00,0.000000000000000e+00,0.000000000000000e+00,0.000000000000000e+00,0.000000000000000e+00,0.000000000000000e+00,0.000000000000000e+00
1.010101010101010e+00,0.000000000000000e+00,0.000000000000000e+00,0.000000000000000e+00,0.000000000000000e+00,0.000000000000000e+00,0.000000000000000e+00,0.000000000000000e+00,0.000000000000000e+00,0.000000000000000e+00,0.000000000000000e+00
1.111111111111111e+00,0.000000000000000e+00,0.000000000000000e+00,0.000000000000000e+00,0.000000000000000e+00,0.000000000000000e+00,0.000000000000000e+00,0.000000000000000e+00,0.000000000000000e+00,0.000000000000000e+00,0.000000000000000e+00
1.212121212121212e+00,0.000000000000000e+00,0.000000000000000e+00,0.000000000000000e+00,0.000000000000000e+00,0.000000000000000e+00,0.000000000000000e+00,0.000000000000000e+00,0.000000000000000e+00,0.000000000000000e+00,0.000000000000000e+00
1.313131313131313e+00,0.000000000000000e+00,0.000000000000000e+00,0.000000000000000e+00,0.000000000000000e+00,0.000000000000000e+00,0.000000000000000e+00,0.000000000000000e+00,0.000000000000000e+00,0.000000000000000e+00,0.000000000000000e+00
1.316287878787879e+00,0.000000000000000e+00,0.000000000000000e+00,0.000000000000000e+00,0.000000000000000e+00,0.000000000000000e+00,0.000000000000000e+00,0.000000000000000e+00,0.000000000000000e+00,0.000000000000000e+00,0.000000000000000e+00
1.317866161616162e+00,0.000000000000000e+00,0.000000000000000e+00,0.000000000000000e+00,0.000000000000000e+00,0.000000000000000e+00,0.000000000000000e+00,0.000000000000000e+00,0.000000000000000e+00,0.000000000000000e+00,0.000000000000000e+00
1.318655303030303e+00,0.000000000000000e+00,0.000000000000000e+00,0.000000000000000e+00,0.000000000000000e+00,0.000000000000000e+00,0.000000000000000e+00,0.000000000000000e+00,0.000000000000000e+00,0.000000000000000e+00,0.000000000000000e+00
1.318852588383838e+00,0.000000000000000e+00,0.000000000000000e+00,0.000000000000000e+00,0.000000000000000e+00,0.000000000000000e+00,0.000000000000000e+00,0.000000000000000e+00,0.000000000000000e+00,0.000000000000000e+00,0.000000000000000e+00
1.318951231060606e+00,0.000000000000000e+00,0.000000000000000e+00,0.000000000000000e+00,0.000000000000000e+00,0.000000000000000e+00,0.000000000000000e+00,0.000000000000000e+00,0.000000000000000e+00,0.000000000000000e+00,0.000000000000000e+00
1.319049873737374e+00,0.000000000000000e+00,0.000000000000000e+00,0.000000000000000e+00,0.000000000000000e+00,0.000000000000000e+00,0.000000000000000e+00,0.000000000000000e+00,0.000000000000000e+00,0.000000000000000e+00,9.999864908641974e-01
1.319444444444444e+00,0.000000000000000e+00,0.000000000000000e+00,0.000000000000000e+00,0.000000000000000e+00,0.000000000000000e+00,0.000000000000000e+00,0.000000000000000e+00,0.000000000000000e+00,0.000000000000000e+00,9.999989973333333e-01
1.325757575757576e+00,0.000000000000000e+00,0.000000000000000e+00,0.000000000000000e+00,0.000000000000000e+00,0.000000000000000e+00,0.000000000000000e+00,0.000000000000000e+00,0.000000000000000e+00,0.000000000000000e+00,1.000000000000000e+00
1.338383838383838e+00,0.000000000000000e+00,0.000000000000000e+00,0.000000000000000e+00,0.000000000000000e+00,0.000000000000000e+00,0.000000000000000e+00,0.000000000000000e+00,0.000000000000000e+00,0.000000000000000e+00,1.000000000000000e+00
1.351010101010101e+00,0.000000000000000e+00,0.000000000000000e+00,0.000000000000000e+00,0.000000000000000e+00,0.000000000000000e+00,0.000000000000000e+00,0.000000000000000e+00,0.000000000000000e+00,0.000000000000000e+00,1.000000000000000e+00
1.354166666666667e+00,0.000000000000000e+00,0.000000000000000e+00,0.000000000000000e+00,0.000000000000000e+00,0.000000000000000e+00,0.000000000000000e+00,0.000000000000000e+00,0.000000000000000e+00,0.000000000000000e+00,1.000000000000000e+00
1.354265309343435e+00,0.000000000000000e+00,0.000000000000000e+00,0.000000000000000e+00,0.000000000000000e+00,0.000000000000000e+00,0.000000000000000e+00,0.000000000000000e+00,0.000000000000000e+00,9.999973035061728e-01,1.000000000000000e+00
1.354363952020202e+00,0.000000000000000e+00,0.000000000000000e+00,0.000000000000000e+00,0.000000000000000e+00,0.000000000000000e+00,0.000000000000000e+00,0.000000000000000e+00,0.000000000000000e+00,9.999999999950617e-01,1.000000000000000e+00
1.354561237373738e+00,0.000000000000000e+00,0.000000000000000e+00,0.000000000000000e+00,0.000000000000000e+00,0.000000000000000e+00,0.000000000000000e+00,0.000000000000000e+00,0.000000000000000e+00,1.000000000000000e+00,1.000000000000000e+00
1.354955808080808e+00,0.000000000000000e+00,0.000000000000000e+00,0.000000000000000e+00,0.000000000000000e+00,0.000000000000000e+00,0.000000000000000e+00,0.000000000000000e+00,0.000000000000000e+00,1.000000000000000e+00,1.000000000000000e+00
1.355744949494950e+00,0.000000000000000e+00,0.000000000000000e+00,0.000000000000000e+00,0.000000000000000e+00,0.000000000000000e+00,0.000000000000000e+00,0.000000000000000e+00,0.000000000000000e+00,1.000000000000000e+00,1.000000000000000e+00
1.357323232323232e+00,0.000000000000000e+00,0.000000000000000e+00,0.000000000000000e+00,0.000000000000000e+00,0.000000000000000e+00,0.000000000000000e+00,0.000000000000000e+00,0.000000000000000e+00,1.000000000000000e+00,1.000000000000000e+00
1.363636363636364e+00,0.000000000000000e+00,0.000000000000000e+00,0.000000000000000e+00,0.000000000000000e+00,0.000000000000000e+00,0.000000000000000e+00,0.000000000000000e+00,0.000000000000000e+00,1.000000000000000e+00,1.000000000000000e+00
1.388888888888889e+00,0.000000000000000e+00,0.000000000000000e+00,0.000000000000000e+00,0.000000000000000e+00,0.000000000000000e+00,0.000000000000000e+00,0.000000000000000e+00,0.000000000000000e+00,1.000000000000000e+00,1.000000000000000e+00
1.395202020202020e+00,0.000000000000000e+00,0.000000000000000e+00,0.000000000000000e+00,0.000000000000000e+00,0.000000000000000e+00,0.000000000000000e+00,0.000000000000000e+00,0.000000000000000e+00,1.000000000000000e+00,1.000000000000000e+00
1.398358585858586e+00,0.000000000000000e+00,0.000000000000000e+00,0.000000000000000e+00,0.000000000000000e+00,0.000000000000000e+00,0.000000000000000e+00,0.000000000000000e+00,0.000000000000000e+00,1.000000000000000e+00,1.000000000000000e+00
1.398457228535353e+00,0.000000000000000e+00,0.000000000000000e+00,0.000000000000000e+00,0.000000000000000e+00,0.000000000000000e+00,0.000000000000000e+00,0.000000000000000e+00,0.000000000000000e+00,1.000000000000000e+00,1.000000000000000e+00
1.398555871212121e+00,0.000000000000000e+00,0.000000000000000e+00,0.000000000000000e+00,0.000000000000000e+00,9.999991435061728e-01,0.000000000000000e+00,0.000000000000000e+00,0.000000000000000e+00,1.000000000000000e+00,1.000000000000000e+00
1.398753156565656e+00,0.000000000000000e+00,0.000000000000000e+00,0.000000000000000e+00,0.000000000000000e+00,1.000000000000000e+00,0.000000000000000e+00,0.000000000000000e+00,0.000000000000000e+00,1.000000000000000e+00,1.000000000000000e+00
1.399147727272727e+00,0.000000000000000e+00,0.000000000000000e+00,0.000000000000000e+00,0.000000000000000e+00,1.000000000000000e+00,0.000000000000000e+00,0.000000000000000e+00,0.000000000000000e+00,1.000000000000000e+00,1.000000000000000e+00
1.399936868686869e+00,0.000000000000000e+00,0.000000000000000e+00,0.000000000000000e+00,0.000000000000000e+00,1.000000000000000e+00,0.000000000000000e+00,0.000000000000000e+00,0.000000000000000e+00,1.000000000000000e+00,1.000000000000000e+00
1.401515151515151e+00,0.000000000000000e+00,0.000000000000000e+00,0.000000000000000e+00,0.000000000000000e+00,1.000000000000000e+00,0.000000000000000e+00,0.000000000000000e+00,0.000000000000000e+00,1.000000000000000e+00,1.000000000000000e+00
1.414141414141414e+00,0.000000000000000e+00,0.000000000000000e+00,0.000000000000000e+00,0.000000000000000e+00,1.000000000000000e+00,0.000000000000000e+00,0.000000000000000e+00,0.000000000000000e+00,1.000000000000000e+00,1.000000000000000e+00
1.439393939393939e+00,0.000000000000000e+00,0.000000000000000e+00,0.000000000000000e+00,0.000000000000000e+00,1.000000000000000e+00,0.000000000000000e+00,0.000000000000000e+00,0.000000000000000e+00,1.000000000000000e+00,1.000000000000000e+00
1.445707070707071e+00,0.000000000000000e+00,0.000000000000000e+00,0.000000000000000e+00,0.000000000000000e+00,1.000000000000000e+00,0.000000000000000e+00,0.000000000000000e+00,0.000000000000000e+00,1.000000000000000e+00,1.000000000000000e+00
1.446496212121212e+00,0.000000000000000e+00,0.000000000000000e+00,0.000000000000000e+00,0.000000000000000e+00,1.000000000000000e+00,0.000000000000000e+00,0.000000000000000e+00,0.000000000000000e+00,1.000000000000000e+00,1.000000000000000e+00
1.446890782828283e+00,0.000000000000000e+00,0.000000000000000e+00,0.000000000000000e+00,0.000000000000000e+00,1.000000000000000e+00,0.000000000000000e+00,0.000000000000000e+00,0.000000000000000e+00,1.000000000000000e+00,1.000000000000000e+00
1.446989425505050e+00,0.000000000000000e+00,0.000000000000000e+00,0.000000000000000e+00,1.000000000000000e+00,1.000000000000000e+00,0.000000000000000e+00,0.000000000000000e+00,0.000000000000000e+00,1.000000000000000e+00,1.000000000000000e+00
1.447088068181818e+00,0.000000000000000e+00,0.000000000000000e+00,0.000000000000000e+00,1.000000000000000e+00,1.000000000000000e+00,0.000000000000000e+00,0.000000000000000e+00,0.000000000000000e+00,1.000000000000000e+00,1.000000000000000e+00
1.447285353535353e+00,0.000000000000000e+00,0.000000000000000e+00,0.000000000000000e+00,1.000000000000000e+00,1.000000000000000e+00,0.000000000000000e+00,0.000000000000000e+00,0.000000000000000e+00,1.000000000000000e+00,1.000000000000000e+00
1.448863636363636e+00,0.000000000000000e+00,0.000000000000000e+00,0.000000000000000e+00,1.000000000000000e+00,1.000000000000000e+00,0.000000000000000e+00,0.000000000000000e+00,0.000000000000000e+00,1.000000000000000e+00,1.000000000000000e+00
1.452020202020202e+00,0.000000000000000e+00,0.000000000000000e+00,0.000000000000000e+00,1.000000000000000e+00,1.000000000000000e+00,0.000000000000000e+00,0.000000000000000e+00,0.000000000000000e+00,1.000000000000000e+00,1.000000000000000e+00
1.464646464646465e+00,0.000000000000000e+00,0.000000000000000e+00,0.000000000000000e+00,1.000000000000000e+00,1.000000000000000e+00,0.000000000000000e+00,0.000000000000000e+00,0.000000000000000e+00,1.000000000000000e+00,1.000000000000000e+00
1.489898989898990e+00,0.000000000000000e+00,0.000000000000000e+00,0.000000000000000e+00,1.000000000000000e+00,1.000000000000000e+00,0.000000000000000e+00,0.000000000000000e+00,0.000000000000000e+00,1.000000000000000e+00,1.000000000000000e+00
1.493055555555555e+00,0.000000000000000e+00,0.000000000000000e+00,0.000000000000000e+00,1.000000000000000e+00,1.000000000000000e+00,0.000000000000000e+00,0.000000000000000e+00,0.000000000000000e+00,1.000000000000000e+00,1.000000000000000e+00
1.494633838383838e+00,0.000000000000000e+00,0.000000000000000e+00,0.000000000000000e+00,1.000000000000000e+00,1.000000000000000e+00,0.000000000000000e+00,0.000000000000000e+00,0.000000000000000e+00,1.000000000000000e+00,1.000000000000000e+00
1.494831123737374e+00,0.000000000000000e+00,0.000000000000000e+00,0.000000000000000e+00,1.000000000000000e+00,1.000000000000000e+00,0.000000000000000e+00,0.000000000000000e+00,0.000000000000000e+00,1.000000000000000e+00,1.000000000000000e+00
1.494929766414141e+00,0.000000000000000e+00,0.000000000000000e+00,0.000000000000000e+00,1.000000000000000e+00,1.000000000000000e+00,0.000000000000000e+00,0.000000000000000e+00,0.000000000000000e+00,1.000000000000000e+00,1.000000000000000e+00
1.495028409090909e+00,0.000000000000000e+00,0.000000000000000e+00,0.000000000000000e+00,1.000000000000000e+00,1.000000000000000e+00,0.000000000000000e+00,0.000000000000000e+00,9.999996268641974e-01,1.000000000000000e+00,1.000000000000000e+00
1.495422979797980e+00,0.000000000000000e+00,0.000000000000000e+00,0.000000000000000e+00,1.000000000000000e+00,1.000000000000000e+00,0.000000000000000e+00,0.000000000000000e+00,1.000000000000000e+00,1.000000000000000e+00,1.000000000000000e+00
1.496212121212121e+00,0.000000000000000e+00,0.000000000000000e+00,0.000000000000000e+00,1.000000000000000e+00,1.000000000000000e+00,0.000000000000000e+00,0.000000000000000e+00,1.000000000000000e+00,1.000000000000000e+00,1.000000000000000e+00
1.502525252525253e+00,0.000000000000000e+00,0.000000000000000e+00,0.000000000000000e+00,1.000000000000000e+00,1.000000000000000e+00,0.000000000000000e+00,0.000000000000000e+00,1.000000000000000e+00,1.000000000000000e+00,1.000000000000000e+00
1.515151515151515e+00,0.000000000000000e+00,0.000000000000000e+00,0.000000000000000e+00,1.000000000000000e+00,1.000000000000000e+00,0.000000000000000e+00,0.000000000000000e+00,1.000000000000000e+00,1.000000000000000e+00,1.000000000000000e+00
1.518308080808081e+00,0.000000000000000e+00,0.000000000000000e+00,0.000000000000000e+00,1.000000000000000e+00,1.000000000000000e+00,0.000000000000000e+00,0.000000000000000e+00,1.000000000000000e+00,1.000000000000000e+00,1.000000000000000e+00
1.519886363636364e+00,0.000000000000000e+00,0.000000000000000e+00,0.000000000000000e+00,1.000000000000000e+00,1.000000000000000e+00,0.000000000000000e+00,0.000000000000000e+00,1.000000000000000e+00,1.000000000000000e+00,1.000000000000000e+00
1.520083648989899e+00,0.000000000000000e+00,0.000000000000000e+00,0.000000000000000e+00,1.000000000000000e+00,1.000000000000000e+00,0.000000000000000e+00,0.000000000000000e+00,1.000000000000000e+00,1.000000000000000e+00,1.000000000000000e+00
1.520182291666667e+00,0.000000000000000e+00,0.000000000000000e+00,0.000000000000000e+00,1.000000000000000e+00,1.000000000000000e+00,0.000000000000000e+00,0.000000000000000e+00,1.000000000000000e+00,1.000000000000000e+00,1.000000000000000e+00
1.520280934343434e+00,0.000000000000000e+00,0.000000000000000e+00,0.000000000000000e+00,1.000000000000000e+00,1.000000000000000e+00,0.000000000000000e+00,9.999993619753086e-01,1.000000000000000e+00,1.000000000000000e+00,1.000000000000000e+00
1.520675505050505e+00,0.000000000000000e+00,0.000000000000000e+00,0.000000000000000e+00,1.000000000000000e+00,1.000000000000000e+00,0.000000000000000e+00,1.000000000000000e+00,1.000000000000000e+00,1.000000000000000e+00,1.000000000000000e+00
1.521464646464646e+00,0.000000000000000e+00,0.000000000000000e+00,0.000000000000000e+00,1.000000000000000e+00,1.000000000000000e+00,0.000000000000000e+00,1.000000000000000e+00,1.000000000000000e+00,1.000000000000000e+00,1.000000000000000e+00
1.527777777777778e+00,0.000000000000000e+00,0.000000000000000e+00,0.000000000000000e+00,1.000000000000000e+00,1.000000000000000e+00,0.000000000000000e+00,1.000000000000000e+00,1.000000000000000e+00,1.000000000000000e+00,1.000000000000000e+00
1.529356060606061e+00,0.000000000000000e+00,0.000000000000000e+00,0.000000000000000e+00,1.000000000000000e+00,1.000000000000000e+00,0.000000000000000e+00,1.000000000000000e+00,1.000000000000000e+00,1.000000000000000e+00,1.000000000000000e+00
1.529750631313131e+00,0.000000000000000e+00,0.000000000000000e+00,0.000000000000000e+00,1.000000000000000e+00,1.000000000000000e+00,0.000000000000000e+00,1.000000000000000e+00,1.000000000000000e+00,1.000000000000000e+00,1.000000000000000e+00
1.529947916666667e+00,0.000000000000000e+00,0.000000000000000e+00,0.000000000000000e+00,1.000000000000000e+00,1.000000000000000e+00,0.000000000000000e+00,1.000000000000000e+00,1.000000000000000e+00,1.000000000000000e+00,1.000000000000000e+00
1.530046559343434e+00,0.000000000000000e+00,0.000000000000000e+00,0.000000000000000e+00,1.000000000000000e+00,1.000000000000000e+00,0.000000000000000e+00,1.000000000000000e+00,1.000000000000000e+00,1.000000000000000e+00,1.000000000000000e+00
1.530145202020202e+00,1.000000000000000e+00,0.000000000000000e+00,0.000000000000000e+00,1.000000000000000e+00,1.000000000000000e+00,0.000000000000000e+00,1.000000000000000e+00,1.000000000000000e+00,1.000000000000000e+00,1.000000000000000e+00
1.530934343434343e+00,1.000000000000000e+00,0.000000000000000e+00,0.000000000000000e+00,1.000000000000000e+00,1.000000000000000e+00,0.000000000000000e+00,1.000000000000000e+00,1.000000000000000e+00,1.000000000000000e+00,1.000000000000000e+00
1.534090909090909e+00,1.000000000000000e+00,0.000000000000000e+00,0.000000000000000e+00,1.000000000000000e+00,1.000000000000000e+00,0.000000000000000e+00,1.000000000000000e+00,1.000000000000000e+00,1.000000000000000e+00,1.000000000000000e+00
1.540404040404040e+00,1.000000000000000e+00,0.000000000000000e+00,0.000000000000000e+00,1.000000000000000e+00,1.000000000000000e+00,0.000000000000000e+00,1.000000000000000e+00,1.000000000000000e+00,1.000000000000000e+00,1.000000000000000e+00
1.546717171717172e+00,1.000000000000000e+00,0.000000000000000e+00,0.000000000000000e+00,1.000000000000000e+00,1.000000000000000e+00,0.000000000000000e+00,1.000000000000000e+00,1.000000000000000e+00,1.000000000000000e+00,1.000000000000000e+00
1.549873737373737e+00,1.000000000000000e+00,0.000000000000000e+00,0.000000000000000e+00,1.000000000000000e+00,1.000000000000000e+00,0.000000000000000e+00,1.000000000000000e+00,1.000000000000000e+00,1.000000000000000e+00,1.000000000000000e+00
1.550662878787879e+00,1.000000000000000e+00,0.000000000000000e+00,0.000000000000000e+00,1.000000000000000e+00,1.000000000000000e+00,0.000000000000000e+00,1.000000000000000e+00,1.000000000000000e+00,1.000000000000000e+00,1.000000000000000e+00
1.550761521464647e+00,1.000000000000000e+00,0.000000000000000e+00,0.000000000000000e+00,1.000000000000000e+00,1.000000000000000e+00,0.000000000000000e+00,1.000000000000000e+00,1.000000000000000e+00,1.000000000000000e+00,1.000000000000000e+00
1.550860164141414e+00,1.000000000000000e+00,0.000000000000000e+00,9.999969057975309e-01,1.000000000000000e+00,1.000000000000000e+00,0.000000000000000e+00,1.000000000000000e+00,1.000000000000000e+00,1.000000000000000e+00,1.000000000000000e+00
1.551057449494950e+00,1.000000000000000e+00,0.000000000000000e+00,1.000000000000000e+00,1.000000000000000e+00,1.000000000000000e+00,0.000000000000000e+00,1.000000000000000e+00,1.000000000000000e+00,1.000000000000000e+00,1.000000000000000e+00
1.551452020202020e+00,1.000000000000000e+00,0.000000000000000e+00,1.000000000000000e+00,1.000000000000000e+00,1.000000000000000e+00,0.000000000000000e+00,1.000000000000000e+00,1.000000000000000e+00,1.000000000000000e+00,1.000000000000000e+00
1.553030303030303e+00,1.000000000000000e+00,0.000000000000000e+00,1.000000000000000e+00,1.000000000000000e+00,1.000000000000000e+00,0.000000000000000e+00,1.000000000000000e+00,1.000000000000000e+00,1.000000000000000e+00,1.000000000000000e+00
1.565656565656566e+00,1.000000000000000e+00,0.000000000000000e+00,1.000000000000000e+00,1.000000000000000e+00,1.000000000000000e+00,0.000000000000000e+00,1.000000000000000e+00,1.000000000000000e+00,1.000000000000000e+00,1.000000000000000e+00
1.616161616161616e+00,1.000000000000000e+00,0.000000000000000e+00,1.000000000000000e+00,1.000000000000000e+00,1.000000000000000e+00,0.000000000000000e+00,1.000000000000000e+00,1.000000000000000e+00,1.000000000000000e+00,1.000000000000000e+00
1.666666666666667e+00,1.000000000000000e+00,0.000000000000000e+00,1.000000000000000e+00,1.000000000000000e+00,1.000000000000000e+00,0.000000000000000e+00,1.000000000000000e+00,1.000000000000000e+00,1.000000000000000e+00,1.000000000000000e+00
1.679292929292929e+00,1.000000000000000e+00,0.000000000000000e+00,1.000000000000000e+00,1.000000000000000e+00,1.000000000000000e+00,0.000000000000000e+00,1.000000000000000e+00,1.000000000000000e+00,1.000000000000000e+00,1.000000000000000e+00
1.685606060606061e+00,1.000000000000000e+00,0.000000000000000e+00,1.000000000000000e+00,1.000000000000000e+00,1.000000000000000e+00,0.000000000000000e+00,1.000000000000000e+00,1.000000000000000e+00,1.000000000000000e+00,1.000000000000000e+00
1.688762626262626e+00,1.000000000000000e+00,0.000000000000000e+00,1.000000000000000e+00,1.000000000000000e+00,1.000000000000000e+00,0.000000000000000e+00,1.000000000000000e+00,1.000000000000000e+00,1.000000000000000e+00,1.000000000000000e+00
1.690340909090909e+00,1.000000000000000e+00,0.000000000000000e+00,1.000000000000000e+00,1.000000000000000e+00,1.000000000000000e+00,0.000000000000000e+00,1.000000000000000e+00,1.000000000000000e+00,1.000000000000000e+00,1.000000000000000e+00
1.691130050505051e+00,1.000000000000000e+00,0.000000000000000e+00,1.000000000000000e+00,1.000000000000000e+00,1.000000000000000e+00,0.000000000000000e+00,1.000000000000000e+00,1.000000000000000e+00,1.000000000000000e+00,1.000000000000000e+00
1.691228693181818e+00,1.000000000000000e+00,0.000000000000000e+00,1.000000000000000e+00,1.000000000000000e+00,1.000000000000000e+00,0.000000000000000e+00,1.000000000000000e+00,1.000000000000000e+00,1.000000000000000e+00,1.000000000000000e+00
1.691327335858586e+00,1.000000000000000e+00,0.000000000000000e+00,1.000000000000000e+00,1.000000000000000e+00,1.000000000000000e+00,9.999767674469137e-01,1.000000000000000e+00,1.000000000000000e+00,1.000000000000000e+00,1.000000000000000e+00
1.691524621212121e+00,1.000000000000000e+00,0.000000000000000e+00,1.000000000000000e+00,1.000000000000000e+00,1.000000000000000e+00,9.999814324938272e-01,1.000000000000000e+00,1.000000000000000e+00,1.000000000000000e+00,1.000000000000000e+00
1.691919191919192e+00,1.000000000000000e+00,0.000000000000000e+00,1.000000000000000e+00,1.000000000000000e+00,1.000000000000000e+00,9.999907654320989e-01,1.000000000000000e+00,1.000000000000000e+00,1.000000000000000e+00,1.000000000000000e+00
1.717171717171717e+00,1.000000000000000e+00,0.000000000000000e+00,1.000000000000000e+00,1.000000000000000e+00,1.000000000000000e+00,1.000000000000000e+00,1.000000000000000e+00,1.000000000000000e+00,1.000000000000000e+00,1.000000000000000e+00
1.723484848484848e+00,1.000000000000000e+00,0.000000000000000e+00,1.000000000000000e+00,1.000000000000000e+00,1.000000000000000e+00,1.000000000000000e+00,1.000000000000000e+00,1.000000000000000e+00,1.000000000000000e+00,1.000000000000000e+00
1.725063131313131e+00,1.000000000000000e+00,0.000000000000000e+00,1.000000000000000e+00,1.000000000000000e+00,1.000000000000000e+00,1.000000000000000e+00,1.000000000000000e+00,1.000000000000000e+00,1.000000000000000e+00,1.000000000000000e+00
1.725852272727272e+00,1.000000000000000e+00,0.000000000000000e+00,1.000000000000000e+00,1.000000000000000e+00,1.000000000000000e+00,1.000000000000000e+00,1.000000000000000e+00,1.000000000000000e+00,1.000000000000000e+00,1.000000000000000e+00
1.726246843434343e+00,1.000000000000000e+00,0.000000000000000e+00,1.000000000000000e+00,1.000000000000000e+00,1.000000000000000e+00,1.000000000000000e+00,1.000000000000000e+00,1.000000000000000e+00,1.000000000000000e+00,1.000000000000000e+00
1.726444128787878e+00,1.000000000000000e+00,0.000000000000000e+00,1.000000000000000e+00,1.000000000000000e+00,1.000000000000000e+00,1.000000000000000e+00,1.000000000000000e+00,1.000000000000000e+00,1.000000000000000e+00,1.000000000000000e+00
1.726542771464646e+00,1.000000000000000e+00,9.999678696296297e-01,1.000000000000000e+00,1.000000000000000e+00,1.000000000000000e+00,1.000000000000000e+00,1.000000000000000e+00,1.000000000000000e+00,1.000000000000000e+00,1.000000000000000e+00
1.726641414141414e+00,1.000000000000000e+00,9.999701475555557e-01,1.000000000000000e+00,1.000000000000000e+00,1.000000000000000e+00,1.000000000000000e+00,1.000000000000000e+00,1.000000000000000e+00,1.000000000000000e+00,1.000000000000000e+00
1.729797979797980e+00,1.000000000000000e+00,1.000000000000000e+00,1.000000000000000e+00,1.000000000000000e+00,1.000000000000000e+00,1.000000000000000e+00,1.000000000000000e+00,1.000000000000000e+00,1.000000000000000e+00,1.000000000000000e+00
1.742424242424242e+00,1.000000000000000e+00,1.000000000000000e+00,1.000000000000000e+00,1.000000000000000e+00,1.000000000000000e+00,1.000000000000000e+00,1.000000000000000e+00,1.000000000000000e+00,1.000000000000000e+00,1.000000000000000e+00
1.767676767676768e+00,1.000000000000000e+00,1.000000000000000e+00,1.000000000000000e+00,1.000000000000000e+00,1.000000000000000e+00,1.000000000000000e+00,1.000000000000000e+00,1.000000000000000e+00,1.000000000000000e+00,1.000000000000000e+00
1.818181818181818e+00,1.000000000000000e+00,1.000000000000000e+00,1.000000000000000e+00,1.000000000000000e+00,1.000000000000000e+00,1.000000000000000e+00,1.000000000000000e+00,1.000000000000000e+00,1.000000000000000e+00,1.000000000000000e+00
1.919191919191919e+00,1.000000000000000e+00,1.000000000000000e+00,1.000000000000000e+00,1.000000000000000e+00,1.000000000000000e+00,1.000000000000000e+00,1.000000000000000e+00,1.000000000000000e+00,1.000000000000000e+00,1.000000000000000e+00
2.020202020202020e+00,1.000000000000000e+00,1.000000000000000e+00,1.000000000000000e+00,1.000000000000000e+00,1.000000000000000e+00,1.000000000000000e+00,1.000000000000000e+00,1.000000000000000e+00,1.000000000000000e+00,1.000000000000000e+00
2.121212121212121e+00,1.000000000000000e+00,1.000000000000000e+00,1.000000000000000e+00,1.000000000000000e+00,1.000000000000000e+00,1.000000000000000e+00,1.000000000000000e+00,1.000000000000000e+00,1.000000000000000e+00,1.000000000000000e+00
2.222222222222222e+00,1.000000000000000e+00,1.000000000000000e+00,1.000000000000000e+00,1.000000000000000e+00,1.000000000000000e+00,1.000000000000000e+00,1.000000000000000e+00,1.000000000000000e+00,1.000000000000000e+00,1.000000000000000e+00
2.323232323232323e+00,1.000000000000000e+00,1.000000000000000e+00,1.000000000000000e+00,1.000000000000000e+00,1.000000000000000e+00,1.000000000000000e+00,1.000000000000000e+00,1.000000000000000e+00,1.000000000000000e+00,1.000000000000000e+00
2.424242424242424e+00,1.000000000000000e+00,1.000000000000000e+00,1.000000000000000e+00,1.000000000000000e+00,1.000000000000000e+00,1.000000000000000e+00,1.000000000000000e+00,1.000000000000000e+00,1.000000000000000e+00,1.000000000000000e+00
2.525252525252525e+00,1.000000000000000e+00,1.000000000000000e+00,1.000000000000000e+00,1.000000000000000e+00,1.000000000000000e+00,1.000000000000000e+00,1.000000000000000e+00,1.000000000000000e+00,1.000000000000000e+00,1.000000000000000e+00
2.626262626262626e+00,1.000000000000000e+00,1.000000000000000e+00,1.000000000000000e+00,1.000000000000000e+00,1.000000000000000e+00,1.000000000000000e+00,1.000000000000000e+00,1.000000000000000e+00,1.000000000000000e+00,1.000000000000000e+00
2.727272727272727e+00,1.000000000000000e+00,1.000000000000000e+00,1.000000000000000e+00,1.000000000000000e+00,1.000000000000000e+00,1.000000000000000e+00,1.000000000000000e+00,1.000000000000000e+00,1.000000000000000e+00,1.000000000000000e+00
2.828282828282828e+00,1.000000000000000e+00,1.000000000000000e+00,1.000000000000000e+00,1.000000000000000e+00,1.000000000000000e+00,1.000000000000000e+00,1.000000000000000e+00,1.000000000000000e+00,1.000000000000000e+00,1.000000000000000e+00
2.929292929292929e+00,1.000000000000000e+00,1.000000000000000e+00,1.000000000000000e+00,1.000000000000000e+00,1.000000000000000e+00,1.000000000000000e+00,1.000000000000000e+00,1.000000000000000e+00,1.000000000000000e+00,1.000000000000000e+00
3.030303030303030e+00,1.000000000000000e+00,1.000000000000000e+00,1.000000000000000e+00,1.000000000000000e+00,1.000000000000000e+00,1.000000000000000e+00,1.000000000000000e+00,1.000000000000000e+00,1.000000000000000e+00,1.000000000000000e+00
3.131313131313131e+00,1.000000000000000e+00,1.000000000000000e+00,1.000000000000000e+00,1.000000000000000e+00,1.000000000000000e+00,1.000000000000000e+00,1.000000000000000e+00,1.000000000000000e+00,1.000000000000000e+00,1.000000000000000e+00
3.232323232323232e+00,1.000000000000000e+00,1.000000000000000e+00,1.000000000000000e+00,1.000000000000000e+00,1.000000000000000e+00,1.000000000000000e+00,1.000000000000000e+00,1.000000000000000e+00,1.000000000000000e+00,1.000000000000000e+00
3.333333333333333e+00,1.000000000000000e+00,1.000000000000000e+00,1.000000000000000e+00,1.000000000000000e+00,1.000000000000000e+00,1.000000000000000e+00,1.000000000000000e+00,1.000000000000000e+00,1.000000000000000e+00,1.000000000000000e+00
3.434343434343434e+00,1.000000000000000e+00,1.000000000000000e+00,1.000000000000000e+00,1.000000000000000e+00,1.000000000000000e+00,1.000000000000000e+00,1.000000000000000e+00,1.000000000000000e+00,1.000000000000000e+00,1.000000000000000e+00
3.535353535353535e+00,1.000000000000000e+00,1.000000000000000e+00,1.000000000000000e+00,1.000000000000000e+00,1.000000000000000e+00,1.000000000000000e+00,1.000000000000000e+00,1.000000000000000e+00,1.000000000000000e+00,1.000000000000000e+00
3.636363636363636e+00,1.000000000000000e+00,1.000000000000000e+00,1.000000000000000e+00,1.000000000000000e+00,1.000000000000000e+00,1.000000000000000e+00,1.000000000000000e+00,1.000000000000000e+00,1.000000000000000e+00,1.000000000000000e+00
3.737373737373737e+00,1.000000000000000e+00,1.000000000000000e+00,1.000000000000000e+00,1.000000000000000e+00,1.000000000000000e+00,1.000000000000000e+00,1.000000000000000e+00,1.000000000000000e+00,1.000000000000000e+00,1.000000000000000e+00
3.838383838383838e+00,1.000000000000000e+00,1.000000000000000e+00,1.000000000000000e+00,1.000000000000000e+00,1.000000000000000e+00,1.000000000000000e+00,1.000000000000000e+00,1.000000000000000e+00,1.000000000000000e+00,1.000000000000000e+00
3.939393939393939e+00,1.000000000000000e+00,1.000000000000000e+00,1.000000000000000e+00,1.000000000000000e+00,1.000000000000000e+00,1.000000000000000e+00,1.000000000000000e+00,1.000000000000000e+00,1.000000000000000e+00,1.000000000000000e+00
4.040404040404041e+00,1.000000000000000e+00,1.000000000000000e+00,1.000000000000000e+00,1.000000000000000e+00,1.000000000000000e+00,1.000000000000000e+00,1.000000000000000e+00,1.000000000000000e+00,1.000000000000000e+00,1.000000000000000e+00
4.141414141414141e+00,1.000000000000000e+00,1.000000000000000e+00,1.000000000000000e+00,1.000000000000000e+00,1.000000000000000e+00,1.000000000000000e+00,1.000000000000000e+00,1.000000000000000e+00,1.000000000000000e+00,1.000000000000000e+00
4.242424242424242e+00,1.000000000000000e+00,1.000000000000000e+00,1.000000000000000e+00,1.000000000000000e+00,1.000000000000000e+00,1.000000000000000e+00,1.000000000000000e+00,1.000000000000000e+00,1.000000000000000e+00,1.000000000000000e+00
4.343434343434343e+00,1.000000000000000e+00,1.000000000000000e+00,1.000000000000000e+00,1.000000000000000e+00,1.000000000000000e+00,1.000000000000000e+00,1.000000000000000e+00,1.000000000000000e+00,1.000000000000000e+00,1.000000000000000e+00
4.444444444444445e+00,1.000000000000000e+00,1.000000000000000e+00,1.000000000000000e+00,1.000000000000000e+00,1.000000000000000e+00,1.000000000000000e+00,1.000000000000000e+00,1.000000000000000e+00,1.000000000000000e+00,1.000000000000000e+00
4.545454545454545e+00,1.000000000000000e+00,1.000000000000000e+00,1.000000000000000e+00,1.000000000000000e+00,1.000000000000000e+00,1.000000000000000e+00,1.000000000000000e+00,1.000000000000000e+00,1.000000000000000e+00,1.000000000000000e+00
4.646464646464646e+00,1.000000000000000e+00,1.000000000000000e+00,1.000000000000000e+00,1.000000000000000e+00,1.000000000000000e+00,1.000000000000000e+00,1.000000000000000e+00,1.000000000000000e+00,1.000000000000000e+00,1.000000000000000e+00
4.747474747474747e+00,1.000000000000000e+00,1.000000000000000e+00,1.000000000000000e+00,1.000000000000000e+00,1.000000000000000e+00,1.000000000000000e+00,1.000000000000000e+00,1.000000000000000e+00,1.000000000000000e+00,1.000000000000000e+00
4.848484848484849e+00,1.000000000000000e+00,1.000000000000000e+00,1.000000000000000e+00,1.000000000000000e+00,1.000000000000000e+00,1.000000000000000e+00,1.000000000000000e+00,1.000000000000000e+00,1.000000000000000e+00,1.000000000000000e+00
4.949494949494950e+00,1.000000000000000e+00,1.000000000000000e+00,1.000000000000000e+00,1.000000000000000e+00,1.000000000000000e+00,1.000000000000000e+00,1.000000000000000e+00,1.000000000000000e+00,1.000000000000000e+00,1.000000000000000e+00
5.050505050505050e+00,1.000000000000000e+00,1.000000000000000e+00,1.000000000000000e+00,1.000000000000000e+00,1.000000000000000e+00,1.000000000000000e+00,1.000000000000000e+00,1.000000000000000e+00,1.000000000000000e+00,1.000000000000000e+00
5.151515151515151e+00,1.000000000000000e+00,1.000000000000000e+00,1.000000000000000e+00,1.000000000000000e+00,1.000000000000000e+00,1.000000000000000e+00,1.000000000000000e+00,1.000000000000000e+00,1.000000000000000e+00,1.000000000000000e+00
5.252525252525253e+00,1.000000000000000e+00,1.000000000000000e+00,1.000000000000000e+00,1.000000000000000e+00,1.000000000000000e+00,1.000000000000000e+00,1.000000000000000e+00,1.000000000000000e+00,1.000000000000000e+00,1.000000000000000e+00
5.353535353535354e+00,1.000000000000000e+00,1.000000000000000e+00,1.000000000000000e+00,1.000000000000000e+00,1.000000000000000e+00,1.000000000000000e+00,1.000000000000000e+00,1.000000000000000e+00,1.000000000000000e+00,1.000000000000000e+00
5.454545454545454e+00,1.000000000000000e+00,1.000000000000000e+00,1.000000000000000e+00,1.000000000000000e+00,1.000000000000000e+00,1.000000000000000e+00,1.000000000000000e+00,1.000000000000000e+00,1.000000000000000e+00,1.000000000000000e+00
5.555555555555555e+00,1.000000000000000e+00,1.000000000000000e+00,1.000000000000000e+00,1.000000000000000e+00,1.000000000000000e+00,1.000000000000000e+00,1.000000000000000e+00,1.000000000000000e+00,1.000000000000000e+00,1.000000000000000e+00
5.656565656565657e+00,1.000000000000000e+00,1.000000000000000e+00,1.000000000000000e+00,1.000000000000000e+00,1.000000000000000e+00,1.000000000000000e+00,1.000000000000000e+00,1.000000000000000e+00,1.000000000000000e+00,1.000000000000000e+00
5.757575757575758e+00,1.000000000000000e+00,1.000000000000000e+00,1.000000000000000e+00,1.000000000000000e+00,1.000000000000000e+00,1.000000000000000e+00,1.000000000000000e+00,1.000000000000000e+00,1.000000000000000e+00,1.000000000000000e+00
5.858585858585858e+00,1.000000000000000e+00,1.000000000000000e+00,1.000000000000000e+00,1.000000000000000e+00,1.000000000000000e+00,1.000000000000000e+00,1.000000000000000e+00,1.000000000000000e+00,1.000000000000000e+00,1.000000000000000e+00
5.959595959595959e+00,1.000000000000000e+00,1.000000000000000e+00,1.000000000000000e+00,1.000000000000000e+00,1.000000000000000e+00,1.000000000000000e+00,1.000000000000000e+00,1.000000000000000e+00,1.000000000000000e+00,1.000000000000000e+00
6.060606060606061e+00,1.000000000000000e+00,1.000000000000000e+00,1.000000000000000e+00,1.000000000000000e+00,1.000000000000000e+00,1.000000000000000e+00,1.000000000000000e+00,1.000000000000000e+00,1.000000000000000e+00,1.000000000000000e+00
6.161616161616162e+00,1.000000000000000e+00,1.000000000000000e+00,1.000000000000000e+00,1.000000000000000e+00,1.000000000000000e+00,1.000000000000000e+00,1.000000000000000e+00,1.000000000000000e+00,1.000000000000000e+00,1.000000000000000e+00
6.262626262626262e+00,1.000000000000000e+00,1.000000000000000e+00,1.000000000000000e+00,1.000000000000000e+00,1.000000000000000e+00,1.000000000000000e+00,1.000000000000000e+00,1.000000000000000e+00,1.000000000000000e+00,1.000000000000000e+00
6.363636363636363e+00,1.000000000000000e+00,1.000000000000000e+00,1.000000000000000e+00,1.000000000000000e+00,1.000000000000000e+00,1.000000000000000e+00,1.000000000000000e+00,1.000000000000000e+00,1.000000000000000e+00,1.000000000000000e+00
6.464646464646465e+00,1.000000000000000e+00,1.000000000000000e+00,1.000000000000000e+00,1.000000000000000e+00,1.000000000000000e+00,1.000000000000000e+00,1.000000000000000e+00,1.000000000000000e+00,1.000000000000000e+00,1.000000000000000e+00
6.565656565656566e+00,1.000000000000000e+00,1.000000000000000e+00,1.000000000000000e+00,1.000000000000000e+00,1.000000000000000e+00,1.000000000000000e+00,1.000000000000000e+00,1.000000000000000e+00,1.000000000000000e+00,1.000000000000000e+00
6.666666666666667e+00,1.000000000000000e+00,1.000000000000000e+00,1.000000000000000e+00,1.000000000000000e+00,1.000000000000000e+00,1.000000000000000e+00,1.000000000000000e+00,1.000000000000000e+00,1.000000000000000e+00,1.000000000000000e+00
6.767676767676767e+00,1.000000000000000e+00,1.000000000000000e+00,1.000000000000000e+00,1.000000000000000e+00,1.000000000000000e+00,1.000000000000000e+00,1.000000000000000e+00,1.000000000000000e+00,1.000000000000000e+00,1.000000000000000e+00
6.868686868686869e+00,1.000000000000000e+00,1.000000000000000e+00,1.000000000000000e+00,1.000000000000000e+00,1.000000000000000e+00,1.000000000000000e+00,1.000000000000000e+00,1.000000000000000e+00,1.000000000000000e+00,1.000000000000000e+00
6.969696969696970e+00,1.000000000000000e+00,1.000000000000000e+00,1.000000000000000e+00,1.000000000000000e+00,1.000000000000000e+00,1.000000000000000e+00,1.000000000000000e+00,1.000000000000000e+00,1.000000000000000e+00,1.000000000000000e+00
7.070707070707071e+00,1.000000000000000e+00,1.000000000000000e+00,1.000000000000000e+00,1.000000000000000e+00,1.000000000000000e+00,1.000000000000000e+00,1.000000000000000e+00,1.000000000000000e+00,1.000000000000000e+00,1.000000000000000e+00
7.171717171717171e+00,1.000000000000000e+00,1.000000000000000e+00,1.000000000000000e+00,1.000000000000000e+00,1.000000000000000e+00,1.000000000000000e+00,1.000000000000000e+00,1.000000000000000e+00,1.000000000000000e+00,1.000000000000000e+00
7.272727272727272e+00,1.000000000000000e+00,1.000000000000000e+00,1.000000000000000e+00,1.000000000000000e+00,1.000000000000000e+00,1.000000000000000e+00,1.000000000000000e+00,1.000000000000000e+00,1.000000000000000e+00,1.000000000000000e+00
7.373737373737374e+00,1.000000000000000e+00,1.000000000000000e+00,1.000000000000000e+00,1.000000000000000e+00,1.000000000000000e+00,1.000000000000000e+00,1.000000000000000e+00,1.000000000000000e+00,1.000000000000000e+00,1.000000000000000e+00
7.474747474747475e+00,1.000000000000000e+00,1.000000000000000e+00,1.000000000000000e+00,1.000000000000000e+00,1.000000000000000e+00,1.000000000000000e+00,1.000000000000000e+00,1.000000000000000e+00,1.000000000000000e+00,1.000000000000000e+00
7.575757575757575e+00,1.000000000000000e+00,1.000000000000000e+00,1.000000000000000e+00,1.000000000000000e+00,1.000000000000000e+00,1.000000000000000e+00,1.000000000000000e+00,1.000000000000000e+00,1.000000000000000e+00,1.000000000000000e+00
7.676767676767676e+00,1.000000000000000e+00,1.000000000000000e+00,1.000000000000000e+00,1.000000000000000e+00,1.000000000000000e+00,1.000000000000000e+00,1.000000000000000e+00,1.000000000000000e+00,1.000000000000000e+00,1.000000000000000e+00
7.777777777777778e+00,1.000000000000000e+00,1.000000000000000e+00,1.000000000000000e+00,1.000000000000000e+00,1.000000000000000e+00,1.000000000000000e+00,1.000000000000000e+00,1.000000000000000e+00,1.000000000000000e+00,1.000000000000000e+00
7.878787878787879e+00,1.000000000000000e+00,1.000000000000000e+00,1.000000000000000e+00,1.000000000000000e+00,1.000000000000000e+00,1.000000000000000e+00,1.000000000000000e+00,1.000000000000000e+00,1.000000000000000e+00,1.000000000000000e+00
7.979797979797979e+00,1.000000000000000e+00,1.000000000000000e+00,1.000000000000000e+00,1.000000000000000e+00,1.000000000000000e+00,1.000000000000000e+00,1.000000000000000e+00,1.000000000000000e+00,1.000000000000000e+00,1.000000000000000e+00
8.080808080808081e+00,1.000000000000000e+00,1.000000000000000e+00,1.000000000000000e+00,1.000000000000000e+00,1.000000000000000e+00,1.000000000000000e+00,1.000000000000000e+00,1.000000000000000e+00,1.000000000000000e+00,1.000000000000000e+00
8.181818181818182e+00,1.000000000000000e+00,1.000000000000000e+00,1.000000000000000e+00,1.000000000000000e+00,1.000000000000000e+00,1.000000000000000e+00,1.000000000000000e+00,1.000000000000000e+00,1.000000000000000e+00,1.000000000000000e+00
8.282828282828282e+00,1.000000000000000e+00,1.000000000000000e+00,1.000000000000000e+00,1.000000000000000e+00,1.000000000000000e+00,1.000000000000000e+00,1.000000000000000e+00,1.000000000000000e+00,1.000000000000000e+00,1.000000000000000e+00
8.383838383838384e+00,1.000000000000000e+00,1.000000000000000e+00,1.000000000000000e+00,1.000000000000000e+00,1.000000000000000e+00,1.000000000000000e+00,1.000000000000000e+00,1.000000000000000e+00,1.000000000000000e+00,1.000000000000000e+00
8.484848484848484e+00,1.000000000000000e+00,1.000000000000000e+00,1.000000000000000e+00,1.000000000000000e+00,1.000000000000000e+00,1.000000000000000e+00,1.000000000000000e+00,1.000000000000000e+00,1.000000000000000e+00,1.000000000000000e+00
8.585858585858587e+00,1.000000000000000e+00,1.000000000000000e+00,1.000000000000000e+00,1.000000000000000e+00,1.000000000000000e+00,1.000000000000000e+00,1.000000000000000e+00,1.000000000000000e+00,1.000000000000000e+00,1.000000000000000e+00
8.686868686868687e+00,1.000000000000000e+00,1.000000000000000e+00,1.000000000000000e+00,1.000000000000000e+00,1.000000000000000e+00,1.000000000000000e+00,1.000000000000000e+00,1.000000000000000e+00,1.000000000000000e+00,1.000000000000000e+00
8.787878787878787e+00,1.000000000000000e+00,1.000000000000000e+00,1.000000000000000e+00,1.000000000000000e+00,1.000000000000000e+00,1.000000000000000e+00,1.000000000000000e+00,1.000000000000000e+00,1.000000000000000e+00,1.000000000000000e+00
8.888888888888889e+00,1.000000000000000e+00,1.000000000000000e+00,1.000000000000000e+00,1.000000000000000e+00,1.000000000000000e+00,1.000000000000000e+00,1.000000000000000e+00,1.000000000000000e+00,1.000000000000000e+00,1.000000000000000e+00
8.989898989898990e+00,1.000000000000000e+00,1.000000000000000e+00,1.000000000000000e+00,1.000000000000000e+00,1.000000000000000e+00,1.000000000000000e+00,1.000000000000000e+00,1.000000000000000e+00,1.000000000000000e+00,1.000000000000000e+00
9.090909090909090e+00,1.000000000000000e+00,1.000000000000000e+00,1.000000000000000e+00,1.000000000000000e+00,1.000000000000000e+00,1.000000000000000e+00,1.000000000000000e+00,1.000000000000000e+00,1.000000000000000e+00,1.000000000000000e+00
9.191919191919192e+00,1.000000000000000e+00,1.000000000000000e+00,1.000000000000000e+00,1.000000000000000e+00,1.000000000000000e+00,1.000000000000000e+00,1.000000000000000e+00,1.000000000000000e+00,1.000000000000000e+00,1.000000000000000e+00
9.292929292929292e+00,1.000000000000000e+00,1.000000000000000e+00,1.000000000000000e+00,1.000000000000000e+00,1.000000000000000e+00,1.000000000000000e+00,1.000000000000000e+00,1.000000000000000e+00,1.000000000000000e+00,1.000000000000000e+00
9.393939393939394e+00,1.000000000000000e+00,1.000000000000000e+00,1.000000000000000e+00,1.000000000000000e+00,1.000000000000000e+00,1.000000000000000e+00,1.000000000000000e+00,1.000000000000000e+00,1.000000000000000e+00,1.000000000000000e+00
9.494949494949495e+00,1.000000000000000e+00,1.000000000000000e+00,1.000000000000000e+00,1.000000000000000e+00,1.000000000000000e+00,1.000000000000000e+00,1.000000000000000e+00,1.000000000000000e+00,1.000000000000000e+00,1.000000000000000e+00
9.595959595959595e+00,1.000000000000000e+00,1.000000000000000e+00,1.000000000000000e+00,1.000000000000000e+00,1.000000000000000e+00,1.000000000000000e+00,1.000000000000000e+00,1.000000000000000e+00,1.000000000000000e+00,1.000000000000000e+00
9.696969696969697e+00,1.000000000000000e+00,1.000000000000000e+00,1.000000000000000e+00,1.000000000000000e+00,1.000000000000000e+00,1.000000000000000e+00,1.000000000000000e+00,1.000000000000000e+00,1.000000000000000e+00,1.000000000000000e+00
9.797979797979798e+00,1.000000000000000e+00,1.000000000000000e+00,1.000000000000000e+00,1.000000000000000e+00,1.000000000000000e+00,1.000000000000000e+00,1.000000000000000e+00,1.000000000000000e+00,1.000000000000000e+00,1.000000000000000e+00
9.898989898989900e+00,1.000000000000000e+00,1.000000000000000e+00,1.000000000000000e+00,1.000000000000000e+00,1.000000000000000e+00,1.000000000000000e+00,1.000000000000000e+00,1.000000000000000e+00,1.000000000000000e+00,1.000000000000000e+00
1.000000000000000e+01,1.000000000000000e+00,1.000000000000000e+00,1.000000000000000e+00,1.000000000000000e+00,1.000000000000000e+00,1.000000000000000e+00,1.000000000000000e+00,1.000000000000000e+00,1.000000000000000e+00,1.000000000000000e+00
